state,gender,year,firstname,count
WY,F,1910,Mary,27
WY,F,1910,Margaret,22
WY,F,1910,Helen,13
WY,F,1910,Alice,10
WY,F,1910,Dorothy,9
WY,F,1910,Frances,8
WY,F,1910,Josephine,8
WY,F,1910,Lena,8
WY,F,1910,Anna,7
WY,F,1910,Ruth,7
WY,F,1910,Edith,6
WY,F,1910,Katherine,6
WY,F,1910,Ann,5
WY,F,1910,Catherine,5
WY,F,1910,Doris,5
WY,F,1910,Elizabeth,5
WY,F,1910,Eva,5
WY,F,1910,Hazel,5
WY,F,1910,Louise,5
WY,F,1910,Lucille,5
WY,F,1910,Pearl,5
WY,F,1910,Thelma,5
WY,F,1910,Vera,5
WY,F,1911,Mary,30
WY,F,1911,Helen,17
WY,F,1911,Frances,16
WY,F,1911,Ruth,16
WY,F,1911,Dorothy,14
WY,F,1911,Alice,13
WY,F,1911,Mildred,10
WY,F,1911,Elsie,9
WY,F,1911,Elizabeth,8
WY,F,1911,Margaret,8
WY,F,1911,Minnie,8
WY,F,1911,Anna,7
WY,F,1911,Edna,7
WY,F,1911,Ethel,7
WY,F,1911,Hazel,7
WY,F,1911,Louise,7
WY,F,1911,Virginia,7
WY,F,1911,Florence,6
WY,F,1911,Katherine,6
WY,F,1911,Lois,6
WY,F,1911,Agnes,5
WY,F,1911,Ellen,5
WY,F,1911,Gertrude,5
WY,F,1911,Gladys,5
WY,F,1911,Ida,5
WY,F,1911,Lucille,5
WY,F,1911,Ruby,5
WY,F,1912,Mary,44
WY,F,1912,Margaret,21
WY,F,1912,Mildred,20
WY,F,1912,Helen,18
WY,F,1912,Elizabeth,14
WY,F,1912,Dorothy,12
WY,F,1912,Hazel,12
WY,F,1912,Grace,11
WY,F,1912,Virginia,11
WY,F,1912,Frances,10
WY,F,1912,Ruth,10
WY,F,1912,Edna,9
WY,F,1912,Elsie,8
WY,F,1912,Esther,8
WY,F,1912,Lucille,8
WY,F,1912,Vivian,8
WY,F,1912,Ann,7
WY,F,1912,Bertha,7
WY,F,1912,Evelyn,7
WY,F,1912,Jean,7
WY,F,1912,Louise,7
WY,F,1912,Pearl,7
WY,F,1912,Alice,6
WY,F,1912,Anna,6
WY,F,1912,Catherine,6
WY,F,1912,Doris,6
WY,F,1912,Florence,6
WY,F,1912,Lola,6
WY,F,1912,Edith,5
WY,F,1912,Lillian,5
WY,F,1912,Marjorie,5
WY,F,1913,Mary,50
WY,F,1913,Helen,27
WY,F,1913,Margaret,25
WY,F,1913,Dorothy,17
WY,F,1913,Ruth,15
WY,F,1913,Elizabeth,14
WY,F,1913,Mildred,13
WY,F,1913,Florence,12
WY,F,1913,Alice,11
WY,F,1913,Anna,11
WY,F,1913,Hazel,10
WY,F,1913,Marie,10
WY,F,1913,Martha,10
WY,F,1913,Virginia,9
WY,F,1913,Ann,8
WY,F,1913,Lucille,8
WY,F,1913,Rose,8
WY,F,1913,Edith,7
WY,F,1913,Ethel,7
WY,F,1913,Lillian,7
WY,F,1913,Marjorie,7
WY,F,1913,Myrtle,7
WY,F,1913,Pearl,7
WY,F,1913,Agnes,6
WY,F,1913,Bernice,6
WY,F,1913,Doris,6
WY,F,1913,Elsie,6
WY,F,1913,Frances,6
WY,F,1913,Laura,6
WY,F,1913,Lois,6
WY,F,1913,Louise,6
WY,F,1913,Mabel,6
WY,F,1913,Ruby,6
WY,F,1913,Wilma,6
WY,F,1913,Anne,5
WY,F,1913,Beatrice,5
WY,F,1913,Blanche,5
WY,F,1913,Catherine,5
WY,F,1913,Ellen,5
WY,F,1913,Emma,5
WY,F,1913,Esther,5
WY,F,1913,Evelyn,5
WY,F,1913,Flora,5
WY,F,1913,Gertrude,5
WY,F,1913,Gladys,5
WY,F,1913,Irene,5
WY,F,1913,Josephine,5
WY,F,1913,Katherine,5
WY,F,1913,Opal,5
WY,F,1913,Viola,5
WY,F,1913,Zella,5
WY,F,1914,Mary,55
WY,F,1914,Margaret,33
WY,F,1914,Dorothy,32
WY,F,1914,Helen,27
WY,F,1914,Elizabeth,24
WY,F,1914,Ruth,24
WY,F,1914,Alice,16
WY,F,1914,Frances,15
WY,F,1914,Elsie,13
WY,F,1914,Mildred,13
WY,F,1914,Virginia,13
WY,F,1914,Edna,12
WY,F,1914,Evelyn,12
WY,F,1914,Hazel,12
WY,F,1914,Marie,12
WY,F,1914,Ann,11
WY,F,1914,Josephine,11
WY,F,1914,Martha,11
WY,F,1914,Esther,10
WY,F,1914,Jean,10
WY,F,1914,Louise,10
WY,F,1914,Lucille,10
WY,F,1914,Ethel,9
WY,F,1914,Kathryn,9
WY,F,1914,Marjorie,9
WY,F,1914,Agnes,8
WY,F,1914,Edith,8
WY,F,1914,Irene,8
WY,F,1914,Laura,8
WY,F,1914,Rose,8
WY,F,1914,Anna,7
WY,F,1914,Betty,7
WY,F,1914,Doris,7
WY,F,1914,Ellen,7
WY,F,1914,Eva,7
WY,F,1914,Florence,7
WY,F,1914,Jessie,7
WY,F,1914,Marian,7
WY,F,1914,Vera,7
WY,F,1914,Julia,6
WY,F,1914,Katherine,6
WY,F,1914,Lois,6
WY,F,1914,Maxine,6
WY,F,1914,Nellie,6
WY,F,1914,Ruby,6
WY,F,1914,Wilma,6
WY,F,1914,Amy,5
WY,F,1914,Bessie,5
WY,F,1914,Beulah,5
WY,F,1914,Clara,5
WY,F,1914,Gertrude,5
WY,F,1914,Myrtle,5
WY,F,1914,Verna,5
WY,F,1914,Violet,5
WY,F,1915,Mary,57
WY,F,1915,Helen,46
WY,F,1915,Margaret,39
WY,F,1915,Dorothy,38
WY,F,1915,Ruth,32
WY,F,1915,Frances,24
WY,F,1915,Anna,19
WY,F,1915,Elizabeth,19
WY,F,1915,Evelyn,19
WY,F,1915,Irene,19
WY,F,1915,Louise,19
WY,F,1915,Mildred,18
WY,F,1915,Thelma,18
WY,F,1915,Virginia,16
WY,F,1915,Alice,15
WY,F,1915,Edna,15
WY,F,1915,Florence,15
WY,F,1915,Marie,15
WY,F,1915,Hazel,13
WY,F,1915,Lillian,13
WY,F,1915,Ellen,12
WY,F,1915,Lois,12
WY,F,1915,Rose,12
WY,F,1915,Emma,11
WY,F,1915,Eva,11
WY,F,1915,Grace,11
WY,F,1915,Jean,11
WY,F,1915,Lucille,11
WY,F,1915,Marjorie,11
WY,F,1915,Martha,11
WY,F,1915,Ann,10
WY,F,1915,Bernice,10
WY,F,1915,Edith,10
WY,F,1915,Elsie,10
WY,F,1915,Esther,9
WY,F,1915,Mae,9
WY,F,1915,Agnes,8
WY,F,1915,Alma,8
WY,F,1915,Bessie,8
WY,F,1915,Betty,8
WY,F,1915,June,8
WY,F,1915,Maxine,8
WY,F,1915,Sylvia,8
WY,F,1915,Bertha,7
WY,F,1915,Blanche,7
WY,F,1915,Doris,7
WY,F,1915,Gladys,7
WY,F,1915,Kathryn,7
WY,F,1915,Marguerite,7
WY,F,1915,Nellie,7
WY,F,1915,Patricia,7
WY,F,1915,Ruby,7
WY,F,1915,Wilma,7
WY,F,1915,Anne,6
WY,F,1915,Clara,6
WY,F,1915,Eleanor,6
WY,F,1915,Ida,6
WY,F,1915,Katherine,6
WY,F,1915,Leona,6
WY,F,1915,Minnie,6
WY,F,1915,Olga,6
WY,F,1915,Phyllis,6
WY,F,1915,Sarah,6
WY,F,1915,Stella,6
WY,F,1915,Vera,6
WY,F,1915,Alta,5
WY,F,1915,Catherine,5
WY,F,1915,Elaine,5
WY,F,1915,Elma,5
WY,F,1915,Fern,5
WY,F,1915,Gertrude,5
WY,F,1915,Jessie,5
WY,F,1915,Julia,5
WY,F,1915,Kathleen,5
WY,F,1915,Mabel,5
WY,F,1915,Marian,5
WY,F,1915,Olive,5
WY,F,1915,Pauline,5
WY,F,1915,Roberta,5
WY,F,1915,Velma,5
WY,F,1915,Viola,5
WY,F,1915,Vivian,5
WY,F,1916,Mary,95
WY,F,1916,Helen,56
WY,F,1916,Ruth,55
WY,F,1916,Margaret,48
WY,F,1916,Dorothy,41
WY,F,1916,Elizabeth,30
WY,F,1916,Alice,28
WY,F,1916,Evelyn,23
WY,F,1916,Frances,23
WY,F,1916,Lois,20
WY,F,1916,Marjorie,20
WY,F,1916,Virginia,19
WY,F,1916,Edna,17
WY,F,1916,Doris,16
WY,F,1916,Elsie,15
WY,F,1916,Mildred,15
WY,F,1916,Josephine,14
WY,F,1916,Kathryn,14
WY,F,1916,Thelma,14
WY,F,1916,Anna,13
WY,F,1916,Edith,12
WY,F,1916,Eleanor,12
WY,F,1916,Eva,12
WY,F,1916,Ann,11
WY,F,1916,Ethel,11
WY,F,1916,Gladys,11
WY,F,1916,Hazel,11
WY,F,1916,Jean,11
WY,F,1916,Lucille,11
WY,F,1916,Martha,11
WY,F,1916,Rose,11
WY,F,1916,Anne,10
WY,F,1916,Betty,10
WY,F,1916,Catherine,10
WY,F,1916,Clara,10
WY,F,1916,Louise,10
WY,F,1916,Marie,10
WY,F,1916,Norma,10
WY,F,1916,Agnes,9
WY,F,1916,Esther,9
WY,F,1916,Florence,9
WY,F,1916,Irene,9
WY,F,1916,Katherine,9
WY,F,1916,Pauline,9
WY,F,1916,Wilma,9
WY,F,1916,Bessie,8
WY,F,1916,Ella,8
WY,F,1916,Gertrude,8
WY,F,1916,Grace,8
WY,F,1916,Leona,8
WY,F,1916,Lillian,8
WY,F,1916,Nellie,8
WY,F,1916,Opal,8
WY,F,1916,Annie,7
WY,F,1916,Barbara,7
WY,F,1916,Ellen,7
WY,F,1916,Marguerite,7
WY,F,1916,Marian,7
WY,F,1916,Vera,7
WY,F,1916,Bernice,6
WY,F,1916,Flora,6
WY,F,1916,Georgia,6
WY,F,1916,Inez,6
WY,F,1916,Irma,6
WY,F,1916,Janet,6
WY,F,1916,Jeanne,6
WY,F,1916,Myrtle,6
WY,F,1916,Patricia,6
WY,F,1916,Sarah,6
WY,F,1916,Stella,6
WY,F,1916,Violet,6
WY,F,1916,Audrey,5
WY,F,1916,Beatrice,5
WY,F,1916,Bertha,5
WY,F,1916,Charlotte,5
WY,F,1916,Elaine,5
WY,F,1916,Emma,5
WY,F,1916,Genevieve,5
WY,F,1916,Ida,5
WY,F,1916,Jeanette,5
WY,F,1916,Jennie,5
WY,F,1916,Jessie,5
WY,F,1916,Julia,5
WY,F,1916,June,5
WY,F,1916,Marion,5
WY,F,1916,Maxine,5
WY,F,1916,May,5
WY,F,1916,Nina,5
WY,F,1917,Mary,89
WY,F,1917,Helen,66
WY,F,1917,Margaret,59
WY,F,1917,Dorothy,54
WY,F,1917,Ruth,42
WY,F,1917,Edna,33
WY,F,1917,Alice,29
WY,F,1917,Florence,28
WY,F,1917,Marjorie,22
WY,F,1917,Martha,22
WY,F,1917,Virginia,22
WY,F,1917,Clara,20
WY,F,1917,Mildred,19
WY,F,1917,Hazel,18
WY,F,1917,Lucille,18
WY,F,1917,Rose,18
WY,F,1917,Evelyn,17
WY,F,1917,Irene,17
WY,F,1917,Marie,17
WY,F,1917,Frances,16
WY,F,1917,Gladys,16
WY,F,1917,Elizabeth,15
WY,F,1917,Nellie,15
WY,F,1917,Agnes,14
WY,F,1917,Anna,14
WY,F,1917,Ethel,14
WY,F,1917,Pauline,14
WY,F,1917,Wilma,14
WY,F,1917,Edith,13
WY,F,1917,Doris,12
WY,F,1917,Esther,12
WY,F,1917,Josephine,12
WY,F,1917,Lois,12
WY,F,1917,Ruby,12
WY,F,1917,Thelma,12
WY,F,1917,Ann,10
WY,F,1917,Betty,10
WY,F,1917,Gertrude,10
WY,F,1917,Grace,10
WY,F,1917,Kathryn,10
WY,F,1917,Audrey,9
WY,F,1917,Bertha,9
WY,F,1917,Bessie,9
WY,F,1917,Catherine,9
WY,F,1917,Eva,9
WY,F,1917,Lucy,9
WY,F,1917,Norma,9
WY,F,1917,Vera,9
WY,F,1917,Bernice,8
WY,F,1917,Eleanor,8
WY,F,1917,Elsie,8
WY,F,1917,Erma,8
WY,F,1917,Ida,8
WY,F,1917,Jean,8
WY,F,1917,Jessie,8
WY,F,1917,June,8
WY,F,1917,Mabel,8
WY,F,1917,Violet,8
WY,F,1917,Anne,7
WY,F,1917,Emma,7
WY,F,1917,Genevieve,7
WY,F,1917,Katherine,7
WY,F,1917,Leona,7
WY,F,1917,Marian,7
WY,F,1917,Maxine,7
WY,F,1917,Velma,7
WY,F,1917,Wanda,7
WY,F,1917,Barbara,6
WY,F,1917,Beulah,6
WY,F,1917,Blanche,6
WY,F,1917,Ella,6
WY,F,1917,Lillian,6
WY,F,1917,Lorraine,6
WY,F,1917,Louise,6
WY,F,1917,Myrtle,6
WY,F,1917,Naomi,6
WY,F,1917,Olive,6
WY,F,1917,Stella,6
WY,F,1917,Verna,6
WY,F,1917,Vivian,6
WY,F,1917,Winifred,6
WY,F,1917,Wyoma,6
WY,F,1917,Ada,5
WY,F,1917,Alberta,5
WY,F,1917,Alma,5
WY,F,1917,Cleo,5
WY,F,1917,Eloise,5
WY,F,1917,Garnet,5
WY,F,1917,Geraldine,5
WY,F,1917,Inez,5
WY,F,1917,Jeanne,5
WY,F,1917,Juanita,5
WY,F,1917,Julia,5
WY,F,1917,Kathleen,5
WY,F,1917,Lola,5
WY,F,1917,Mae,5
WY,F,1917,Opal,5
WY,F,1917,Pearl,5
WY,F,1917,Rena,5
WY,F,1917,Sylvia,5
WY,F,1918,Mary,106
WY,F,1918,Dorothy,73
WY,F,1918,Margaret,68
WY,F,1918,Helen,58
WY,F,1918,Ruth,57
WY,F,1918,Virginia,47
WY,F,1918,Alice,34
WY,F,1918,Frances,32
WY,F,1918,Mildred,32
WY,F,1918,Evelyn,27
WY,F,1918,Florence,26
WY,F,1918,Elizabeth,25
WY,F,1918,Jean,25
WY,F,1918,Betty,22
WY,F,1918,Edith,22
WY,F,1918,Lois,21
WY,F,1918,Marjorie,21
WY,F,1918,Hazel,19
WY,F,1918,Lucille,19
WY,F,1918,Marie,19
WY,F,1918,Ruby,18
WY,F,1918,Esther,17
WY,F,1918,Grace,17
WY,F,1918,Josephine,17
WY,F,1918,Agnes,16
WY,F,1918,Doris,16
WY,F,1918,Maxine,16
WY,F,1918,Edna,15
WY,F,1918,Elsie,15
WY,F,1918,Martha,15
WY,F,1918,Thelma,15
WY,F,1918,Irene,14
WY,F,1918,June,14
WY,F,1918,Vivian,14
WY,F,1918,Jessie,13
WY,F,1918,Louise,13
WY,F,1918,Phyllis,13
WY,F,1918,Bernice,12
WY,F,1918,Katherine,12
WY,F,1918,Lillian,12
WY,F,1918,Anna,11
WY,F,1918,Anne,11
WY,F,1918,Catherine,11
WY,F,1918,Ethel,11
WY,F,1918,Eva,11
WY,F,1918,Leona,11
WY,F,1918,Lorraine,11
WY,F,1918,Rose,11
WY,F,1918,Vera,11
WY,F,1918,Alma,10
WY,F,1918,Barbara,10
WY,F,1918,Bertha,10
WY,F,1918,Gladys,10
WY,F,1918,Kathryn,10
WY,F,1918,Marguerite,10
WY,F,1918,Pearl,10
WY,F,1918,Velma,10
WY,F,1918,Wilma,10
WY,F,1918,Eleanor,9
WY,F,1918,Emma,9
WY,F,1918,Fern,9
WY,F,1918,Gertrude,9
WY,F,1918,Mabel,9
WY,F,1918,Pauline,9
WY,F,1918,Beulah,8
WY,F,1918,Clara,8
WY,F,1918,Della,8
WY,F,1918,Eileen,8
WY,F,1918,Ellen,8
WY,F,1918,Ida,8
WY,F,1918,Julia,8
WY,F,1918,Myrtle,8
WY,F,1918,Norma,8
WY,F,1918,Stella,8
WY,F,1918,Ann,7
WY,F,1918,Blanche,7
WY,F,1918,Cora,7
WY,F,1918,Elaine,7
WY,F,1918,Georgia,7
WY,F,1918,Marion,7
WY,F,1918,Nina,7
WY,F,1918,Olive,7
WY,F,1918,Beatrice,6
WY,F,1918,Bessie,6
WY,F,1918,Bette,6
WY,F,1918,Billie,6
WY,F,1918,Erma,6
WY,F,1918,Eunice,6
WY,F,1918,Juanita,6
WY,F,1918,Laura,6
WY,F,1918,Nancy,6
WY,F,1918,Nellie,6
WY,F,1918,Patricia,6
WY,F,1918,Roberta,6
WY,F,1918,Viola,6
WY,F,1918,Ada,5
WY,F,1918,Alberta,5
WY,F,1918,Alta,5
WY,F,1918,Bettie,5
WY,F,1918,Charlotte,5
WY,F,1918,Dora,5
WY,F,1918,Ella,5
WY,F,1918,Genevieve,5
WY,F,1918,Harriet,5
WY,F,1918,Irma,5
WY,F,1918,Jane,5
WY,F,1918,Jeanne,5
WY,F,1918,Jennie,5
WY,F,1918,Lucy,5
WY,F,1918,Lydia,5
WY,F,1918,Mae,5
WY,F,1919,Mary,104
WY,F,1919,Helen,58
WY,F,1919,Margaret,56
WY,F,1919,Dorothy,50
WY,F,1919,Ruth,49
WY,F,1919,Mildred,33
WY,F,1919,Betty,32
WY,F,1919,Evelyn,31
WY,F,1919,Frances,31
WY,F,1919,Virginia,31
WY,F,1919,Maxine,22
WY,F,1919,Alice,20
WY,F,1919,Anna,20
WY,F,1919,Hazel,20
WY,F,1919,Marjorie,20
WY,F,1919,Vera,20
WY,F,1919,Elizabeth,19
WY,F,1919,Edna,18
WY,F,1919,Lois,18
WY,F,1919,Doris,17
WY,F,1919,Florence,17
WY,F,1919,Gladys,17
WY,F,1919,Irene,17
WY,F,1919,Martha,17
WY,F,1919,June,16
WY,F,1919,Lucille,16
WY,F,1919,Barbara,15
WY,F,1919,Louise,15
WY,F,1919,Rose,15
WY,F,1919,Thelma,15
WY,F,1919,Edith,13
WY,F,1919,Laura,13
WY,F,1919,Esther,12
WY,F,1919,Norma,12
WY,F,1919,Anne,11
WY,F,1919,Bertha,11
WY,F,1919,Erma,11
WY,F,1919,Ethel,11
WY,F,1919,Jean,11
WY,F,1919,Katherine,11
WY,F,1919,Lillian,11
WY,F,1919,Clara,10
WY,F,1919,Gertrude,10
WY,F,1919,Grace,10
WY,F,1919,Josephine,10
WY,F,1919,Pauline,10
WY,F,1919,Viola,10
WY,F,1919,Violet,10
WY,F,1919,Agnes,9
WY,F,1919,Bessie,9
WY,F,1919,Catherine,9
WY,F,1919,Eva,9
WY,F,1919,Georgia,9
WY,F,1919,Juanita,9
WY,F,1919,Kathryn,9
WY,F,1919,Marian,9
WY,F,1919,Marie,9
WY,F,1919,Nellie,9
WY,F,1919,Stella,9
WY,F,1919,Blanche,8
WY,F,1919,Fern,8
WY,F,1919,Harriet,8
WY,F,1919,Ida,8
WY,F,1919,Jessie,8
WY,F,1919,Ruby,8
WY,F,1919,Vivian,8
WY,F,1919,Charlotte,7
WY,F,1919,Ellen,7
WY,F,1919,Emma,7
WY,F,1919,Genevieve,7
WY,F,1919,Geraldine,7
WY,F,1919,Jane,7
WY,F,1919,Marion,7
WY,F,1919,Myrtle,7
WY,F,1919,Patricia,7
WY,F,1919,Pearl,7
WY,F,1919,Sarah,7
WY,F,1919,Shirley,7
WY,F,1919,Wilma,7
WY,F,1919,Wyoma,7
WY,F,1919,Audrey,6
WY,F,1919,Beatrice,6
WY,F,1919,Bernice,6
WY,F,1919,Eileen,6
WY,F,1919,Elaine,6
WY,F,1919,Eleanor,6
WY,F,1919,Elsie,6
WY,F,1919,Jennie,6
WY,F,1919,Julia,6
WY,F,1919,Lola,6
WY,F,1919,Phyllis,6
WY,F,1919,Sylvia,6
WY,F,1919,Wanda,6
WY,F,1919,Beth,5
WY,F,1919,Bette,5
WY,F,1919,Elma,5
WY,F,1919,Irma,5
WY,F,1919,Mae,5
WY,F,1919,Melba,5
WY,F,1919,Nina,5
WY,F,1919,Nora,5
WY,F,1919,Roberta,5
WY,F,1919,Verna,5
WY,F,1920,Mary,112
WY,F,1920,Helen,79
WY,F,1920,Dorothy,71
WY,F,1920,Margaret,61
WY,F,1920,Ruth,56
WY,F,1920,Frances,44
WY,F,1920,Betty,41
WY,F,1920,Virginia,36
WY,F,1920,Alice,34
WY,F,1920,Marjorie,28
WY,F,1920,Elizabeth,25
WY,F,1920,Doris,24
WY,F,1920,Evelyn,22
WY,F,1920,Gladys,22
WY,F,1920,Hazel,21
WY,F,1920,Marie,21
WY,F,1920,Edna,20
WY,F,1920,Jean,20
WY,F,1920,Vivian,20
WY,F,1920,Anna,18
WY,F,1920,Maxine,18
WY,F,1920,Edith,17
WY,F,1920,Florence,17
WY,F,1920,Grace,17
WY,F,1920,Lois,17
WY,F,1920,Mildred,17
WY,F,1920,Phyllis,17
WY,F,1920,Esther,15
WY,F,1920,Irene,15
WY,F,1920,June,15
WY,F,1920,Eleanor,14
WY,F,1920,Geraldine,14
WY,F,1920,Barbara,13
WY,F,1920,Bernice,13
WY,F,1920,Charlotte,13
WY,F,1920,Ellen,13
WY,F,1920,Laura,13
WY,F,1920,Louise,13
WY,F,1920,Nellie,13
WY,F,1920,Audrey,12
WY,F,1920,Catherine,12
WY,F,1920,Clara,12
WY,F,1920,Emma,12
WY,F,1920,Lillian,12
WY,F,1920,Marion,12
WY,F,1920,Rose,12
WY,F,1920,Elaine,11
WY,F,1920,Ethel,11
WY,F,1920,Katherine,11
WY,F,1920,Lorraine,11
WY,F,1920,Martha,11
WY,F,1920,Shirley,11
WY,F,1920,Thelma,11
WY,F,1920,Wilma,11
WY,F,1920,Fern,10
WY,F,1920,Josephine,10
WY,F,1920,Marguerite,10
WY,F,1920,Bessie,9
WY,F,1920,Erma,9
WY,F,1920,Eva,9
WY,F,1920,Marian,9
WY,F,1920,Norma,9
WY,F,1920,Olive,9
WY,F,1920,Bertha,8
WY,F,1920,Elsie,8
WY,F,1920,Jessie,8
WY,F,1920,Kathleen,8
WY,F,1920,Roberta,8
WY,F,1920,Violet,8
WY,F,1920,Wyoma,8
WY,F,1920,Ada,7
WY,F,1920,Beulah,7
WY,F,1920,Eileen,7
WY,F,1920,Georgia,7
WY,F,1920,Gertrude,7
WY,F,1920,Jeanne,7
WY,F,1920,Julia,7
WY,F,1920,Lucille,7
WY,F,1920,Opal,7
WY,F,1920,Pauline,7
WY,F,1920,Sarah,7
WY,F,1920,Velma,7
WY,F,1920,Wanda,7
WY,F,1920,Arlene,6
WY,F,1920,Christine,6
WY,F,1920,Dorothea,6
WY,F,1920,Eunice,6
WY,F,1920,Genevieve,6
WY,F,1920,Juanita,6
WY,F,1920,Kathryn,6
WY,F,1920,Ruby,6
WY,F,1920,Stella,6
WY,F,1920,Vera,6
WY,F,1920,Anita,5
WY,F,1920,Ann,5
WY,F,1920,Anne,5
WY,F,1920,Beatrice,5
WY,F,1920,Beverly,5
WY,F,1920,Bonnie,5
WY,F,1920,Cora,5
WY,F,1920,Daisy,5
WY,F,1920,Emily,5
WY,F,1920,Faye,5
WY,F,1920,Harriet,5
WY,F,1920,Hilda,5
WY,F,1920,Marcia,5
WY,F,1920,Patricia,5
WY,F,1920,Rita,5
WY,F,1921,Mary,149
WY,F,1921,Dorothy,88
WY,F,1921,Helen,78
WY,F,1921,Margaret,66
WY,F,1921,Betty,63
WY,F,1921,Ruth,46
WY,F,1921,Marjorie,40
WY,F,1921,Evelyn,38
WY,F,1921,Virginia,38
WY,F,1921,Alice,34
WY,F,1921,Mildred,34
WY,F,1921,Anna,32
WY,F,1921,Frances,29
WY,F,1921,Elizabeth,27
WY,F,1921,Doris,24
WY,F,1921,Lois,24
WY,F,1921,June,21
WY,F,1921,Maxine,21
WY,F,1921,Edith,20
WY,F,1921,Edna,20
WY,F,1921,Lucille,20
WY,F,1921,Marie,20
WY,F,1921,Jean,19
WY,F,1921,Phyllis,19
WY,F,1921,Eva,17
WY,F,1921,Florence,17
WY,F,1921,Nellie,17
WY,F,1921,Hazel,16
WY,F,1921,Louise,16
WY,F,1921,Vivian,16
WY,F,1921,Wilma,16
WY,F,1921,Barbara,15
WY,F,1921,Kathryn,15
WY,F,1921,Eleanor,14
WY,F,1921,Gladys,14
WY,F,1921,Genevieve,13
WY,F,1921,Josephine,13
WY,F,1921,Norma,13
WY,F,1921,Opal,13
WY,F,1921,Ruby,13
WY,F,1921,Wanda,13
WY,F,1921,Catherine,12
WY,F,1921,Ellen,12
WY,F,1921,Esther,12
WY,F,1921,Ethel,12
WY,F,1921,Irene,12
WY,F,1921,Lillian,12
WY,F,1921,Marion,12
WY,F,1921,Rose,12
WY,F,1921,Patricia,11
WY,F,1921,Shirley,11
WY,F,1921,Bonnie,10
WY,F,1921,Clara,10
WY,F,1921,Elsie,10
WY,F,1921,Grace,10
WY,F,1921,Katherine,10
WY,F,1921,Kathleen,10
WY,F,1921,Juanita,9
WY,F,1921,Margie,9
WY,F,1921,Martha,9
WY,F,1921,Pearl,9
WY,F,1921,Thelma,9
WY,F,1921,Vera,9
WY,F,1921,Agnes,8
WY,F,1921,Audrey,8
WY,F,1921,Eileen,8
WY,F,1921,Jennie,8
WY,F,1921,Mabel,8
WY,F,1921,Mae,8
WY,F,1921,Nancy,8
WY,F,1921,Olga,8
WY,F,1921,Pauline,8
WY,F,1921,Sarah,8
WY,F,1921,Velma,8
WY,F,1921,Ann,7
WY,F,1921,Bertha,7
WY,F,1921,Bessie,7
WY,F,1921,Bette,7
WY,F,1921,Beverly,7
WY,F,1921,Carol,7
WY,F,1921,Elaine,7
WY,F,1921,Eunice,7
WY,F,1921,Julia,7
WY,F,1921,Lena,7
WY,F,1921,Naomi,7
WY,F,1921,Nina,7
WY,F,1921,Rhea,7
WY,F,1921,Stella,7
WY,F,1921,Verna,7
WY,F,1921,Viola,7
WY,F,1921,Violet,7
WY,F,1921,Anne,6
WY,F,1921,Bernice,6
WY,F,1921,Christine,6
WY,F,1921,Constance,6
WY,F,1921,Ella,6
WY,F,1921,Enid,6
WY,F,1921,Gertrude,6
WY,F,1921,Gloria,6
WY,F,1921,Harriet,6
WY,F,1921,Ida,6
WY,F,1921,Lorraine,6
WY,F,1921,Marian,6
WY,F,1921,Neva,6
WY,F,1921,Rachel,6
WY,F,1921,Rosemary,6
WY,F,1921,Velda,6
WY,F,1921,Beth,5
WY,F,1921,Beulah,5
WY,F,1921,Charlotte,5
WY,F,1921,Dolores,5
WY,F,1921,Emma,5
WY,F,1921,Geraldine,5
WY,F,1921,Goldie,5
WY,F,1921,Irma,5
WY,F,1921,Jessie,5
WY,F,1921,Laura,5
WY,F,1921,Leona,5
WY,F,1921,Lucile,5
WY,F,1921,Marcia,5
WY,F,1921,Rita,5
WY,F,1921,Rosie,5
WY,F,1921,Winona,5
WY,F,1921,Wyoma,5
WY,F,1922,Mary,130
WY,F,1922,Betty,76
WY,F,1922,Helen,73
WY,F,1922,Dorothy,72
WY,F,1922,Margaret,47
WY,F,1922,Marjorie,46
WY,F,1922,Ruth,43
WY,F,1922,Virginia,36
WY,F,1922,Evelyn,31
WY,F,1922,Elizabeth,30
WY,F,1922,Lois,26
WY,F,1922,Alice,22
WY,F,1922,Doris,22
WY,F,1922,Jean,22
WY,F,1922,Barbara,21
WY,F,1922,Shirley,21
WY,F,1922,Ethel,20
WY,F,1922,June,20
WY,F,1922,Patricia,20
WY,F,1922,Edith,19
WY,F,1922,Mildred,19
WY,F,1922,Rose,19
WY,F,1922,Thelma,19
WY,F,1922,Irene,18
WY,F,1922,Anna,17
WY,F,1922,Frances,17
WY,F,1922,Josephine,16
WY,F,1922,Marie,16
WY,F,1922,Nellie,16
WY,F,1922,Edna,15
WY,F,1922,Elsie,15
WY,F,1922,Louise,15
WY,F,1922,Maxine,14
WY,F,1922,Anne,13
WY,F,1922,Esther,13
WY,F,1922,Eva,13
WY,F,1922,Gladys,13
WY,F,1922,Lillian,13
WY,F,1922,Norma,13
WY,F,1922,Wilma,13
WY,F,1922,Hazel,12
WY,F,1922,Kathryn,12
WY,F,1922,Lucille,12
WY,F,1922,Phyllis,12
WY,F,1922,Catherine,11
WY,F,1922,Donna,11
WY,F,1922,Fern,11
WY,F,1922,Florence,11
WY,F,1922,Violet,11
WY,F,1922,Vivian,11
WY,F,1922,Bette,10
WY,F,1922,Grace,10
WY,F,1922,Marian,10
WY,F,1922,Ruby,10
WY,F,1922,Vera,10
WY,F,1922,Bertha,9
WY,F,1922,Charlotte,9
WY,F,1922,Clara,9
WY,F,1922,Katherine,9
WY,F,1922,Sarah,9
WY,F,1922,Agnes,8
WY,F,1922,Ann,8
WY,F,1922,Elaine,8
WY,F,1922,Ella,8
WY,F,1922,Genevieve,8
WY,F,1922,Harriet,8
WY,F,1922,Marguerite,8
WY,F,1922,Myrtle,8
WY,F,1922,Viola,8
WY,F,1922,Alma,7
WY,F,1922,Bernice,7
WY,F,1922,Dora,7
WY,F,1922,Eileen,7
WY,F,1922,Emma,7
WY,F,1922,Ida,7
WY,F,1922,Jane,7
WY,F,1922,Kathleen,7
WY,F,1922,Leah,7
WY,F,1922,Lena,7
WY,F,1922,Leona,7
WY,F,1922,Mabel,7
WY,F,1922,Mae,7
WY,F,1922,Verna,7
WY,F,1922,Beatrice,6
WY,F,1922,Eleanor,6
WY,F,1922,Ellen,6
WY,F,1922,Geraldine,6
WY,F,1922,Gloria,6
WY,F,1922,Janet,6
WY,F,1922,Jeanne,6
WY,F,1922,Juanita,6
WY,F,1922,Margie,6
WY,F,1922,Marion,6
WY,F,1922,Pauline,6
WY,F,1922,Pearl,6
WY,F,1922,Peggy,6
WY,F,1922,Velma,6
WY,F,1922,Wanda,6
WY,F,1922,Adeline,5
WY,F,1922,Audrey,5
WY,F,1922,Beverly,5
WY,F,1922,Blanche,5
WY,F,1922,Bonnie,5
WY,F,1922,Carol,5
WY,F,1922,Cleo,5
WY,F,1922,Georgia,5
WY,F,1922,Gertrude,5
WY,F,1922,Iona,5
WY,F,1922,Joan,5
WY,F,1922,Julia,5
WY,F,1922,Laura,5
WY,F,1922,Lola,5
WY,F,1922,Marilyn,5
WY,F,1922,Martha,5
WY,F,1922,May,5
WY,F,1922,Nettie,5
WY,F,1922,Nina,5
WY,F,1922,Olive,5
WY,F,1922,Rita,5
WY,F,1922,Rosalie,5
WY,F,1922,Wyoma,5
WY,F,1923,Mary,127
WY,F,1923,Betty,88
WY,F,1923,Helen,71
WY,F,1923,Dorothy,64
WY,F,1923,Margaret,51
WY,F,1923,Ruth,46
WY,F,1923,Doris,35
WY,F,1923,Lois,31
WY,F,1923,Marjorie,31
WY,F,1923,Shirley,31
WY,F,1923,Jean,30
WY,F,1923,Frances,29
WY,F,1923,Virginia,28
WY,F,1923,Alice,27
WY,F,1923,Elizabeth,25
WY,F,1923,Patricia,23
WY,F,1923,Mildred,22
WY,F,1923,Anna,21
WY,F,1923,Emma,21
WY,F,1923,Esther,21
WY,F,1923,Evelyn,21
WY,F,1923,Wilma,21
WY,F,1923,Norma,20
WY,F,1923,Clara,18
WY,F,1923,Barbara,17
WY,F,1923,Edith,17
WY,F,1923,June,17
WY,F,1923,Eva,16
WY,F,1923,Rose,16
WY,F,1923,Ethel,15
WY,F,1923,Ida,15
WY,F,1923,Lillian,15
WY,F,1923,Lucille,15
WY,F,1923,Florence,14
WY,F,1923,Hazel,14
WY,F,1923,Josephine,14
WY,F,1923,Maxine,14
WY,F,1923,Irene,13
WY,F,1923,Kathryn,13
WY,F,1923,Laura,13
WY,F,1923,Marie,13
WY,F,1923,Phyllis,13
WY,F,1923,Ruby,13
WY,F,1923,Edna,12
WY,F,1923,Geraldine,12
WY,F,1923,Lorraine,12
WY,F,1923,Thelma,12
WY,F,1923,Eleanor,11
WY,F,1923,Elsie,11
WY,F,1923,Harriet,11
WY,F,1923,Louise,11
WY,F,1923,Roberta,11
WY,F,1923,Anne,10
WY,F,1923,Beatrice,10
WY,F,1923,Beverly,10
WY,F,1923,Grace,10
WY,F,1923,Marian,10
WY,F,1923,Martha,10
WY,F,1923,Violet,10
WY,F,1923,Bessie,9
WY,F,1923,Bette,9
WY,F,1923,Catherine,9
WY,F,1923,Charlotte,9
WY,F,1923,Lucy,9
WY,F,1923,Marguerite,9
WY,F,1923,Marion,9
WY,F,1923,Myrtle,9
WY,F,1923,Pauline,9
WY,F,1923,Velma,9
WY,F,1923,Agnes,8
WY,F,1923,Ann,8
WY,F,1923,Carol,8
WY,F,1923,Donna,8
WY,F,1923,Elaine,8
WY,F,1923,Ellen,8
WY,F,1923,Leona,8
WY,F,1923,Verna,8
WY,F,1923,Viola,8
WY,F,1923,Vivian,8
WY,F,1923,Alta,7
WY,F,1923,Anita,7
WY,F,1923,Bernice,7
WY,F,1923,Dora,7
WY,F,1923,Eunice,7
WY,F,1923,Fern,7
WY,F,1923,Genevieve,7
WY,F,1923,Georgia,7
WY,F,1923,Jane,7
WY,F,1923,Maria,7
WY,F,1923,Opal,7
WY,F,1923,Pearl,7
WY,F,1923,Sarah,7
WY,F,1923,Audrey,6
WY,F,1923,Bertha,6
WY,F,1923,Eileen,6
WY,F,1923,Gladys,6
WY,F,1923,Jacqueline,6
WY,F,1923,Juanita,6
WY,F,1923,Margie,6
WY,F,1923,Nellie,6
WY,F,1923,Peggy,6
WY,F,1923,Rosalie,6
WY,F,1923,Sylvia,6
WY,F,1923,Wyoma,6
WY,F,1923,Alma,5
WY,F,1923,Amy,5
WY,F,1923,Bettie,5
WY,F,1923,Billie,5
WY,F,1923,Bonnie,5
WY,F,1923,Constance,5
WY,F,1923,Faye,5
WY,F,1923,Iris,5
WY,F,1923,Julia,5
WY,F,1923,Katherine,5
WY,F,1923,Mae,5
WY,F,1923,Minnie,5
WY,F,1923,Rosemary,5
WY,F,1924,Mary,142
WY,F,1924,Betty,109
WY,F,1924,Helen,80
WY,F,1924,Dorothy,70
WY,F,1924,Margaret,51
WY,F,1924,Ruth,47
WY,F,1924,Evelyn,37
WY,F,1924,Marjorie,32
WY,F,1924,Frances,31
WY,F,1924,Norma,30
WY,F,1924,Alice,29
WY,F,1924,Virginia,29
WY,F,1924,Jean,27
WY,F,1924,Patricia,27
WY,F,1924,Shirley,27
WY,F,1924,Anna,24
WY,F,1924,Elizabeth,24
WY,F,1924,Barbara,23
WY,F,1924,Doris,23
WY,F,1924,Lois,21
WY,F,1924,Florence,20
WY,F,1924,Martha,20
WY,F,1924,Phyllis,20
WY,F,1924,Edna,18
WY,F,1924,Mildred,18
WY,F,1924,Wilma,18
WY,F,1924,Catherine,17
WY,F,1924,Elsie,17
WY,F,1924,Esther,17
WY,F,1924,Thelma,17
WY,F,1924,Edith,16
WY,F,1924,Lillian,16
WY,F,1924,Rose,16
WY,F,1924,Nellie,15
WY,F,1924,June,14
WY,F,1924,Donna,13
WY,F,1924,Eleanor,13
WY,F,1924,Ellen,13
WY,F,1924,Eva,13
WY,F,1924,Josephine,13
WY,F,1924,Gloria,12
WY,F,1924,Grace,12
WY,F,1924,Ida,12
WY,F,1924,Marie,12
WY,F,1924,Peggy,12
WY,F,1924,Ruby,12
WY,F,1924,Vera,12
WY,F,1924,Wanda,12
WY,F,1924,Charlotte,11
WY,F,1924,Hazel,11
WY,F,1924,Irene,11
WY,F,1924,Louise,11
WY,F,1924,Lucille,11
WY,F,1924,Marian,11
WY,F,1924,Elaine,10
WY,F,1924,Kathleen,10
WY,F,1924,Kathryn,10
WY,F,1924,Laura,10
WY,F,1924,Emma,9
WY,F,1924,Maxine,9
WY,F,1924,Pauline,9
WY,F,1924,Vivian,9
WY,F,1924,Alta,8
WY,F,1924,Arlene,8
WY,F,1924,Bette,8
WY,F,1924,Carol,8
WY,F,1924,Clara,8
WY,F,1924,Dolores,8
WY,F,1924,Joyce,8
WY,F,1924,Julia,8
WY,F,1924,Katherine,8
WY,F,1924,Pearl,8
WY,F,1924,Wyoma,8
WY,F,1924,Alma,7
WY,F,1924,Bernice,7
WY,F,1924,Ethel,7
WY,F,1924,Jeanne,7
WY,F,1924,Jennie,7
WY,F,1924,Leona,7
WY,F,1924,Nadine,7
WY,F,1924,Stella,7
WY,F,1924,Violet,7
WY,F,1924,Anita,6
WY,F,1924,Audrey,6
WY,F,1924,Beth,6
WY,F,1924,Eileen,6
WY,F,1924,Georgia,6
WY,F,1924,Gladys,6
WY,F,1924,Lena,6
WY,F,1924,Lorraine,6
WY,F,1924,Marion,6
WY,F,1924,Roberta,6
WY,F,1924,Verna,6
WY,F,1924,Viola,6
WY,F,1924,Alberta,5
WY,F,1924,Amelia,5
WY,F,1924,Ann,5
WY,F,1924,Annie,5
WY,F,1924,Beatrice,5
WY,F,1924,Bertha,5
WY,F,1924,Bessie,5
WY,F,1924,Billie,5
WY,F,1924,Bonnie,5
WY,F,1924,Cleo,5
WY,F,1924,Jacqueline,5
WY,F,1924,Jane,5
WY,F,1924,Jessie,5
WY,F,1924,Juanita,5
WY,F,1924,Mabel,5
WY,F,1924,Myrtle,5
WY,F,1924,Nola,5
WY,F,1924,Opal,5
WY,F,1924,Velma,5
WY,F,1925,Mary,132
WY,F,1925,Betty,114
WY,F,1925,Dorothy,84
WY,F,1925,Helen,55
WY,F,1925,Margaret,55
WY,F,1925,Ruth,40
WY,F,1925,Marjorie,34
WY,F,1925,Alice,33
WY,F,1925,Frances,32
WY,F,1925,Barbara,30
WY,F,1925,Virginia,28
WY,F,1925,Shirley,27
WY,F,1925,Patricia,25
WY,F,1925,Lois,23
WY,F,1925,Norma,23
WY,F,1925,Jean,22
WY,F,1925,June,22
WY,F,1925,Phyllis,22
WY,F,1925,Evelyn,21
WY,F,1925,Lucille,20
WY,F,1925,Martha,20
WY,F,1925,Doris,19
WY,F,1925,Esther,19
WY,F,1925,Lillian,18
WY,F,1925,Anna,17
WY,F,1925,Elizabeth,17
WY,F,1925,Edith,15
WY,F,1925,Maxine,15
WY,F,1925,Clara,14
WY,F,1925,Grace,14
WY,F,1925,Charlotte,13
WY,F,1925,Edna,13
WY,F,1925,Eva,13
WY,F,1925,Florence,13
WY,F,1925,Gloria,13
WY,F,1925,Wyoma,12
WY,F,1925,Catherine,11
WY,F,1925,Donna,11
WY,F,1925,Ella,11
WY,F,1925,Ellen,11
WY,F,1925,Irene,11
WY,F,1925,Jacqueline,11
WY,F,1925,Marie,11
WY,F,1925,Mildred,11
WY,F,1925,Pauline,11
WY,F,1925,Violet,11
WY,F,1925,Wanda,11
WY,F,1925,Louise,10
WY,F,1925,Thelma,10
WY,F,1925,Vera,10
WY,F,1925,Agnes,9
WY,F,1925,Bertha,9
WY,F,1925,Elaine,9
WY,F,1925,Elsie,9
WY,F,1925,Ethel,9
WY,F,1925,Juanita,9
WY,F,1925,Nellie,9
WY,F,1925,Rose,9
WY,F,1925,Ruby,9
WY,F,1925,Velma,9
WY,F,1925,Verna,9
WY,F,1925,Alma,8
WY,F,1925,Bernice,8
WY,F,1925,Bonnie,8
WY,F,1925,Eleanor,8
WY,F,1925,Geraldine,8
WY,F,1925,Hazel,8
WY,F,1925,Joyce,8
WY,F,1925,Lila,8
WY,F,1925,Marian,8
WY,F,1925,Marilyn,8
WY,F,1925,Peggy,8
WY,F,1925,Ann,7
WY,F,1925,Della,7
WY,F,1925,Gladys,7
WY,F,1925,Jennie,7
WY,F,1925,Julia,7
WY,F,1925,Kathryn,7
WY,F,1925,Laura,7
WY,F,1925,Myrtle,7
WY,F,1925,Pearl,7
WY,F,1925,Wilma,7
WY,F,1925,Anne,6
WY,F,1925,Bette,6
WY,F,1925,Billie,6
WY,F,1925,Darlene,6
WY,F,1925,Eileen,6
WY,F,1925,Jessie,6
WY,F,1925,Josephine,6
WY,F,1925,Lorraine,6
WY,F,1925,Maria,6
WY,F,1925,Marion,6
WY,F,1925,Opal,6
WY,F,1925,Sarah,6
WY,F,1925,Vivian,6
WY,F,1925,Annette,5
WY,F,1925,Beverly,5
WY,F,1925,Carol,5
WY,F,1925,Clarice,5
WY,F,1925,Cora,5
WY,F,1925,Dolores,5
WY,F,1925,Dora,5
WY,F,1925,Genevieve,5
WY,F,1925,Jane,5
WY,F,1925,Janet,5
WY,F,1925,Jeanne,5
WY,F,1925,Katherine,5
WY,F,1925,Leona,5
WY,F,1925,Lola,5
WY,F,1925,Marguerite,5
WY,F,1926,Betty,118
WY,F,1926,Mary,116
WY,F,1926,Dorothy,64
WY,F,1926,Helen,58
WY,F,1926,Margaret,43
WY,F,1926,Ruth,36
WY,F,1926,Shirley,34
WY,F,1926,Frances,32
WY,F,1926,Jean,32
WY,F,1926,Barbara,30
WY,F,1926,Virginia,27
WY,F,1926,Alice,26
WY,F,1926,Lois,26
WY,F,1926,Evelyn,25
WY,F,1926,Mildred,23
WY,F,1926,Patricia,23
WY,F,1926,Doris,21
WY,F,1926,Marian,21
WY,F,1926,Marjorie,19
WY,F,1926,Phyllis,18
WY,F,1926,Edna,17
WY,F,1926,Elsie,16
WY,F,1926,Irene,16
WY,F,1926,Anna,14
WY,F,1926,Esther,14
WY,F,1926,Juanita,14
WY,F,1926,Norma,14
WY,F,1926,Elizabeth,13
WY,F,1926,Laura,13
WY,F,1926,Marie,13
WY,F,1926,Martha,13
WY,F,1926,Donna,12
WY,F,1926,Ellen,12
WY,F,1926,Florence,12
WY,F,1926,Geraldine,12
WY,F,1926,Josephine,12
WY,F,1926,June,12
WY,F,1926,Wilma,12
WY,F,1926,Elaine,11
WY,F,1926,Joan,11
WY,F,1926,Maxine,11
WY,F,1926,Rose,11
WY,F,1926,Beverly,10
WY,F,1926,Edith,10
WY,F,1926,Eileen,10
WY,F,1926,Gladys,10
WY,F,1926,Katherine,10
WY,F,1926,Louise,10
WY,F,1926,Maria,10
WY,F,1926,Pauline,10
WY,F,1926,Arlene,9
WY,F,1926,Audrey,9
WY,F,1926,Bonnie,9
WY,F,1926,Clara,9
WY,F,1926,Emma,9
WY,F,1926,Ethel,9
WY,F,1926,Grace,9
WY,F,1926,Marion,9
WY,F,1926,Peggy,9
WY,F,1926,Bernice,8
WY,F,1926,Carol,8
WY,F,1926,Charlotte,8
WY,F,1926,Julia,8
WY,F,1926,Kathryn,8
WY,F,1926,Catherine,7
WY,F,1926,Hazel,7
WY,F,1926,Iris,7
WY,F,1926,Lillian,7
WY,F,1926,Mabel,7
WY,F,1926,Rita,7
WY,F,1926,Ruby,7
WY,F,1926,Thelma,7
WY,F,1926,Anne,6
WY,F,1926,Beth,6
WY,F,1926,Carmen,6
WY,F,1926,Darlene,6
WY,F,1926,Deloris,6
WY,F,1926,Eva,6
WY,F,1926,Georgia,6
WY,F,1926,Jeanne,6
WY,F,1926,Olive,6
WY,F,1926,Patty,6
WY,F,1926,Pearl,6
WY,F,1926,Roberta,6
WY,F,1926,Sarah,6
WY,F,1926,Velma,6
WY,F,1926,Agnes,5
WY,F,1926,Beatrice,5
WY,F,1926,Bette,5
WY,F,1926,Blanche,5
WY,F,1926,Colleen,5
WY,F,1926,Erma,5
WY,F,1926,Faye,5
WY,F,1926,Ida,5
WY,F,1926,Jessie,5
WY,F,1926,Leona,5
WY,F,1926,Lola,5
WY,F,1926,Lucille,5
WY,F,1926,Marilyn,5
WY,F,1926,Patsy,5
WY,F,1926,Rhoda,5
WY,F,1926,Stella,5
WY,F,1926,Vera,5
WY,F,1926,Violet,5
WY,F,1926,Wanda,5
WY,F,1927,Mary,124
WY,F,1927,Betty,94
WY,F,1927,Helen,58
WY,F,1927,Dorothy,45
WY,F,1927,Lois,41
WY,F,1927,Margaret,40
WY,F,1927,Shirley,40
WY,F,1927,Barbara,32
WY,F,1927,Jean,29
WY,F,1927,Ruth,29
WY,F,1927,Patricia,28
WY,F,1927,Evelyn,26
WY,F,1927,Doris,25
WY,F,1927,Phyllis,25
WY,F,1927,Virginia,23
WY,F,1927,Norma,22
WY,F,1927,Alice,21
WY,F,1927,Frances,19
WY,F,1927,Marjorie,19
WY,F,1927,Donna,17
WY,F,1927,Maxine,17
WY,F,1927,Elizabeth,15
WY,F,1927,Lillian,15
WY,F,1927,Marie,15
WY,F,1927,Edith,14
WY,F,1927,Ruby,14
WY,F,1927,Anna,13
WY,F,1927,Joyce,13
WY,F,1927,Kathleen,13
WY,F,1927,Mildred,13
WY,F,1927,Rose,13
WY,F,1927,Vivian,13
WY,F,1927,Ann,12
WY,F,1927,Josephine,12
WY,F,1927,Ellen,11
WY,F,1927,Irene,11
WY,F,1927,Elsie,10
WY,F,1927,Juanita,10
WY,F,1927,Laura,10
WY,F,1927,Roberta,10
WY,F,1927,Wanda,10
WY,F,1927,Catherine,9
WY,F,1927,Clara,9
WY,F,1927,Florence,9
WY,F,1927,Geraldine,9
WY,F,1927,Ida,9
WY,F,1927,Louise,9
WY,F,1927,Wilma,9
WY,F,1927,Beatrice,8
WY,F,1927,Beverly,8
WY,F,1927,Bonnie,8
WY,F,1927,Delores,8
WY,F,1927,Dolores,8
WY,F,1927,Eileen,8
WY,F,1927,Emma,8
WY,F,1927,Ethel,8
WY,F,1927,Eva,8
WY,F,1927,Georgia,8
WY,F,1927,Joan,8
WY,F,1927,June,8
WY,F,1927,Lorraine,8
WY,F,1927,Lucille,8
WY,F,1927,Marian,8
WY,F,1927,Marilyn,8
WY,F,1927,Nellie,8
WY,F,1927,Peggy,8
WY,F,1927,Violet,8
WY,F,1927,Wyoma,8
WY,F,1927,Bernice,7
WY,F,1927,Bessie,7
WY,F,1927,Bettie,7
WY,F,1927,Carol,7
WY,F,1927,Charlotte,7
WY,F,1927,Darlene,7
WY,F,1927,Edna,7
WY,F,1927,Esther,7
WY,F,1927,Hazel,7
WY,F,1927,Jennie,7
WY,F,1927,Jessie,7
WY,F,1927,Martha,7
WY,F,1927,Opal,7
WY,F,1927,Pearl,7
WY,F,1927,Thelma,7
WY,F,1927,Theresa,7
WY,F,1927,Velma,7
WY,F,1927,Vera,7
WY,F,1927,Verna,7
WY,F,1927,Gloria,6
WY,F,1927,Grace,6
WY,F,1927,Irma,6
WY,F,1927,Jeanne,6
WY,F,1927,Katherine,6
WY,F,1927,Kathryn,6
WY,F,1927,Leona,6
WY,F,1927,Marion,6
WY,F,1927,Audrey,5
WY,F,1927,Beth,5
WY,F,1927,Caroline,5
WY,F,1927,Elaine,5
WY,F,1927,Gertrude,5
WY,F,1927,Jacqueline,5
WY,F,1927,Jane,5
WY,F,1927,Joanne,5
WY,F,1927,Sylvia,5
WY,F,1927,Viola,5
WY,F,1928,Betty,114
WY,F,1928,Mary,108
WY,F,1928,Dorothy,59
WY,F,1928,Shirley,58
WY,F,1928,Ruth,46
WY,F,1928,Helen,42
WY,F,1928,Barbara,39
WY,F,1928,Margaret,37
WY,F,1928,Lois,30
WY,F,1928,Patricia,30
WY,F,1928,Jean,27
WY,F,1928,Doris,23
WY,F,1928,Phyllis,23
WY,F,1928,Norma,21
WY,F,1928,Alice,20
WY,F,1928,Marjorie,20
WY,F,1928,Donna,19
WY,F,1928,Evelyn,19
WY,F,1928,Virginia,19
WY,F,1928,Beverly,17
WY,F,1928,Irene,17
WY,F,1928,Anna,16
WY,F,1928,Edith,15
WY,F,1928,Florence,15
WY,F,1928,Rose,15
WY,F,1928,Martha,14
WY,F,1928,Thelma,14
WY,F,1928,Carol,12
WY,F,1928,Edna,12
WY,F,1928,Frances,12
WY,F,1928,Joan,12
WY,F,1928,Louise,12
WY,F,1928,Marie,12
WY,F,1928,Marilyn,12
WY,F,1928,Clara,11
WY,F,1928,Elsie,11
WY,F,1928,Lucille,11
WY,F,1928,Marian,11
WY,F,1928,Mildred,11
WY,F,1928,Pauline,11
WY,F,1928,Elaine,10
WY,F,1928,Ella,10
WY,F,1928,Geraldine,10
WY,F,1928,Joyce,10
WY,F,1928,June,10
WY,F,1928,Kathryn,10
WY,F,1928,Lillian,10
WY,F,1928,Peggy,10
WY,F,1928,Wanda,10
WY,F,1928,Charlotte,9
WY,F,1928,Dolores,9
WY,F,1928,Ellen,9
WY,F,1928,Ethel,9
WY,F,1928,Josephine,9
WY,F,1928,Nancy,9
WY,F,1928,Arlene,8
WY,F,1928,Bonnie,8
WY,F,1928,Darlene,8
WY,F,1928,Elizabeth,8
WY,F,1928,Esther,8
WY,F,1928,Maria,8
WY,F,1928,Marion,8
WY,F,1928,Roberta,8
WY,F,1928,Wilma,8
WY,F,1928,Eileen,7
WY,F,1928,Grace,7
WY,F,1928,Ida,7
WY,F,1928,Jacqueline,7
WY,F,1928,Jane,7
WY,F,1928,Maxine,7
WY,F,1928,Ramona,7
WY,F,1928,Velma,7
WY,F,1928,Vera,7
WY,F,1928,Agnes,6
WY,F,1928,Ann,6
WY,F,1928,Bessie,6
WY,F,1928,Beulah,6
WY,F,1928,Catherine,6
WY,F,1928,Gladys,6
WY,F,1928,Gloria,6
WY,F,1928,Hazel,6
WY,F,1928,Lila,6
WY,F,1928,Mona,6
WY,F,1928,Nellie,6
WY,F,1928,Bernice,5
WY,F,1928,Dixie,5
WY,F,1928,Eleanor,5
WY,F,1928,Emma,5
WY,F,1928,Harriet,5
WY,F,1928,Janet,5
WY,F,1928,Juanita,5
WY,F,1928,Katherine,5
WY,F,1928,Laura,5
WY,F,1928,Lola,5
WY,F,1928,Margie,5
WY,F,1928,Nina,5
WY,F,1928,Ruby,5
WY,F,1928,Verna,5
WY,F,1928,Viola,5
WY,F,1929,Mary,106
WY,F,1929,Betty,100
WY,F,1929,Barbara,52
WY,F,1929,Helen,52
WY,F,1929,Dorothy,48
WY,F,1929,Shirley,47
WY,F,1929,Margaret,46
WY,F,1929,Patricia,32
WY,F,1929,Donna,28
WY,F,1929,Lois,28
WY,F,1929,Doris,27
WY,F,1929,Ruth,27
WY,F,1929,Norma,25
WY,F,1929,Mildred,21
WY,F,1929,Alice,20
WY,F,1929,Jean,20
WY,F,1929,Beverly,19
WY,F,1929,Evelyn,19
WY,F,1929,Marjorie,19
WY,F,1929,Joan,18
WY,F,1929,Anna,17
WY,F,1929,Joyce,17
WY,F,1929,Virginia,17
WY,F,1929,Wilma,15
WY,F,1929,Catherine,14
WY,F,1929,Dolores,14
WY,F,1929,Frances,14
WY,F,1929,Carol,13
WY,F,1929,Elizabeth,13
WY,F,1929,Florence,13
WY,F,1929,Lillian,13
WY,F,1929,Ramona,13
WY,F,1929,Bonnie,12
WY,F,1929,Phyllis,12
WY,F,1929,Clara,11
WY,F,1929,Delores,11
WY,F,1929,Edith,11
WY,F,1929,Esther,11
WY,F,1929,Wanda,11
WY,F,1929,Bernice,10
WY,F,1929,Carolyn,10
WY,F,1929,Ethel,10
WY,F,1929,Josephine,10
WY,F,1929,Louise,10
WY,F,1929,Marilyn,10
WY,F,1929,Maxine,10
WY,F,1929,Rose,10
WY,F,1929,Charlotte,9
WY,F,1929,Edna,9
WY,F,1929,Eva,9
WY,F,1929,Georgia,9
WY,F,1929,Irene,9
WY,F,1929,June,9
WY,F,1929,Marian,9
WY,F,1929,Ruby,9
WY,F,1929,Vera,9
WY,F,1929,Anita,8
WY,F,1929,Geraldine,8
WY,F,1929,Gladys,8
WY,F,1929,Jacqueline,8
WY,F,1929,Marie,8
WY,F,1929,Pauline,8
WY,F,1929,Audrey,7
WY,F,1929,Bessie,7
WY,F,1929,Dora,7
WY,F,1929,Eleanor,7
WY,F,1929,Ellen,7
WY,F,1929,Emma,7
WY,F,1929,Jane,7
WY,F,1929,Katherine,7
WY,F,1929,Laura,7
WY,F,1929,Roberta,7
WY,F,1929,Violet,7
WY,F,1929,Alma,6
WY,F,1929,Arlene,6
WY,F,1929,Darlene,6
WY,F,1929,Elsie,6
WY,F,1929,Gertrude,6
WY,F,1929,Jeanne,6
WY,F,1929,Kathleen,6
WY,F,1929,Kathryn,6
WY,F,1929,Lorraine,6
WY,F,1929,Lucille,6
WY,F,1929,Maria,6
WY,F,1929,Opal,6
WY,F,1929,Pat,6
WY,F,1929,Patsy,6
WY,F,1929,Peggy,6
WY,F,1929,Annie,5
WY,F,1929,Bertha,5
WY,F,1929,Billie,5
WY,F,1929,Colleen,5
WY,F,1929,Connie,5
WY,F,1929,Ella,5
WY,F,1929,Faye,5
WY,F,1929,Gloria,5
WY,F,1929,Grace,5
WY,F,1929,Hazel,5
WY,F,1929,Ida,5
WY,F,1929,Jeannine,5
WY,F,1929,Jennie,5
WY,F,1929,Jo,5
WY,F,1929,Juanita,5
WY,F,1929,Myrna,5
WY,F,1929,Vivian,5
WY,F,1930,Mary,109
WY,F,1930,Betty,101
WY,F,1930,Helen,56
WY,F,1930,Dorothy,54
WY,F,1930,Shirley,50
WY,F,1930,Patricia,47
WY,F,1930,Barbara,44
WY,F,1930,Donna,38
WY,F,1930,Margaret,32
WY,F,1930,Virginia,29
WY,F,1930,Ruth,26
WY,F,1930,Doris,24
WY,F,1930,Norma,24
WY,F,1930,Alice,23
WY,F,1930,Lois,21
WY,F,1930,Evelyn,20
WY,F,1930,Beverly,19
WY,F,1930,Joan,19
WY,F,1930,Marjorie,19
WY,F,1930,Nancy,18
WY,F,1930,Phyllis,18
WY,F,1930,Bonnie,17
WY,F,1930,Frances,16
WY,F,1930,Jean,16
WY,F,1930,Marilyn,15
WY,F,1930,Ruby,15
WY,F,1930,Gladys,14
WY,F,1930,Louise,14
WY,F,1930,Elizabeth,13
WY,F,1930,Jacqueline,13
WY,F,1930,June,13
WY,F,1930,Mildred,13
WY,F,1930,Eva,12
WY,F,1930,Gloria,12
WY,F,1930,Grace,12
WY,F,1930,Irene,12
WY,F,1930,Joyce,12
WY,F,1930,Maxine,12
WY,F,1930,Rose,12
WY,F,1930,Billie,11
WY,F,1930,Carol,11
WY,F,1930,Dolores,11
WY,F,1930,Lorraine,11
WY,F,1930,Edith,10
WY,F,1930,Julia,10
WY,F,1930,Edna,9
WY,F,1930,Geraldine,9
WY,F,1930,Kathleen,9
WY,F,1930,Marie,9
WY,F,1930,Martha,9
WY,F,1930,Vivian,9
WY,F,1930,Anna,8
WY,F,1930,Audrey,8
WY,F,1930,Carolyn,8
WY,F,1930,Charlotte,8
WY,F,1930,Darlene,8
WY,F,1930,Ellen,8
WY,F,1930,Esther,8
WY,F,1930,Florence,8
WY,F,1930,Ida,8
WY,F,1930,Joann,8
WY,F,1930,Josie,8
WY,F,1930,Juanita,8
WY,F,1930,Ramona,8
WY,F,1930,Thelma,8
WY,F,1930,Wilma,8
WY,F,1930,Ann,7
WY,F,1930,Arlene,7
WY,F,1930,Elsie,7
WY,F,1930,Georgia,7
WY,F,1930,Josephine,7
WY,F,1930,Lillian,7
WY,F,1930,Marion,7
WY,F,1930,Myrna,7
WY,F,1930,Patsy,7
WY,F,1930,Vera,7
WY,F,1930,Viola,7
WY,F,1930,Clara,6
WY,F,1930,Eileen,6
WY,F,1930,Eleanor,6
WY,F,1930,Jeanne,6
WY,F,1930,Joanne,6
WY,F,1930,Katherine,6
WY,F,1930,Laura,6
WY,F,1930,Lila,6
WY,F,1930,Loretta,6
WY,F,1930,Lucille,6
WY,F,1930,Pauline,6
WY,F,1930,Violet,6
WY,F,1930,Wanda,6
WY,F,1930,Alma,5
WY,F,1930,Bernice,5
WY,F,1930,Bette,5
WY,F,1930,Dona,5
WY,F,1930,Dora,5
WY,F,1930,Flora,5
WY,F,1930,Jane,5
WY,F,1930,Janet,5
WY,F,1930,Janice,5
WY,F,1930,Kathryn,5
WY,F,1930,Lupe,5
WY,F,1930,Maria,5
WY,F,1930,Nellie,5
WY,F,1930,Peggy,5
WY,F,1930,Sally,5
WY,F,1930,Sarah,5
WY,F,1930,Verna,5
WY,F,1931,Mary,96
WY,F,1931,Betty,92
WY,F,1931,Barbara,60
WY,F,1931,Patricia,47
WY,F,1931,Dorothy,41
WY,F,1931,Shirley,41
WY,F,1931,Donna,35
WY,F,1931,Ruth,35
WY,F,1931,Helen,31
WY,F,1931,Lois,29
WY,F,1931,Margaret,28
WY,F,1931,Carol,24
WY,F,1931,Jean,23
WY,F,1931,Joan,23
WY,F,1931,Norma,22
WY,F,1931,Bonnie,21
WY,F,1931,Doris,21
WY,F,1931,Phyllis,21
WY,F,1931,Alice,20
WY,F,1931,Joyce,20
WY,F,1931,Virginia,19
WY,F,1931,Beverly,18
WY,F,1931,Dolores,18
WY,F,1931,Louise,16
WY,F,1931,Marilyn,16
WY,F,1931,Edith,15
WY,F,1931,Nancy,15
WY,F,1931,Elsie,14
WY,F,1931,Marjorie,14
WY,F,1931,Peggy,14
WY,F,1931,Patsy,13
WY,F,1931,Wilma,13
WY,F,1931,Eva,12
WY,F,1931,Frances,12
WY,F,1931,Jacqueline,12
WY,F,1931,Janet,12
WY,F,1931,Sally,12
WY,F,1931,Ann,11
WY,F,1931,Charlotte,11
WY,F,1931,Elizabeth,11
WY,F,1931,Evelyn,11
WY,F,1931,Hazel,11
WY,F,1931,June,11
WY,F,1931,Irene,10
WY,F,1931,Josephine,10
WY,F,1931,Leona,10
WY,F,1931,Delores,9
WY,F,1931,Esther,9
WY,F,1931,Geraldine,9
WY,F,1931,Jeanette,9
WY,F,1931,Kathryn,9
WY,F,1931,Maxine,9
WY,F,1931,Mildred,9
WY,F,1931,Ruby,9
WY,F,1931,Darlene,8
WY,F,1931,Elaine,8
WY,F,1931,Gloria,8
WY,F,1931,Joanne,8
WY,F,1931,Lorraine,8
WY,F,1931,Marlene,8
WY,F,1931,Martha,8
WY,F,1931,Rita,8
WY,F,1931,Roberta,8
WY,F,1931,Rose,8
WY,F,1931,Anita,7
WY,F,1931,Arlene,7
WY,F,1931,Audrey,7
WY,F,1931,Dixie,7
WY,F,1931,Florence,7
WY,F,1931,Juanita,7
WY,F,1931,Marion,7
WY,F,1931,Myrna,7
WY,F,1931,Pauline,7
WY,F,1931,Wanda,7
WY,F,1931,Alma,6
WY,F,1931,Anna,6
WY,F,1931,Edna,6
WY,F,1931,Eleanor,6
WY,F,1931,Grace,6
WY,F,1931,Ida,6
WY,F,1931,Janice,6
WY,F,1931,Jo,6
WY,F,1931,Joy,6
WY,F,1931,Lucille,6
WY,F,1931,Pat,6
WY,F,1931,Rosemary,6
WY,F,1931,Stella,6
WY,F,1931,Vivian,6
WY,F,1931,Alberta,5
WY,F,1931,Catherine,5
WY,F,1931,Charlene,5
WY,F,1931,Clara,5
WY,F,1931,Della,5
WY,F,1931,Eileen,5
WY,F,1931,Emma,5
WY,F,1931,Ethel,5
WY,F,1931,Fern,5
WY,F,1931,Joann,5
WY,F,1931,Julia,5
WY,F,1931,Katherine,5
WY,F,1931,Lucy,5
WY,F,1931,Marian,5
WY,F,1931,Marie,5
WY,F,1931,Nadine,5
WY,F,1931,Naomi,5
WY,F,1931,Sylvia,5
WY,F,1931,Thelma,5
WY,F,1931,Vera,5
WY,F,1931,Verna,5
WY,F,1931,Viola,5
WY,F,1931,Yvonne,5
WY,F,1932,Mary,100
WY,F,1932,Betty,67
WY,F,1932,Barbara,48
WY,F,1932,Shirley,46
WY,F,1932,Dorothy,44
WY,F,1932,Donna,42
WY,F,1932,Margaret,35
WY,F,1932,Beverly,31
WY,F,1932,Helen,31
WY,F,1932,Patricia,31
WY,F,1932,Doris,30
WY,F,1932,Frances,28
WY,F,1932,Ruth,28
WY,F,1932,Joyce,27
WY,F,1932,Joan,26
WY,F,1932,Norma,26
WY,F,1932,Carol,21
WY,F,1932,Lois,21
WY,F,1932,Marilyn,19
WY,F,1932,Nancy,19
WY,F,1932,Marjorie,17
WY,F,1932,Virginia,17
WY,F,1932,Elizabeth,16
WY,F,1932,Phyllis,15
WY,F,1932,Jean,14
WY,F,1932,Patsy,14
WY,F,1932,Delores,13
WY,F,1932,Esther,13
WY,F,1932,Josephine,13
WY,F,1932,Evelyn,12
WY,F,1932,Grace,12
WY,F,1932,Jacqueline,12
WY,F,1932,Janice,12
WY,F,1932,Alice,11
WY,F,1932,Hazel,11
WY,F,1932,Lorraine,11
WY,F,1932,Mildred,11
WY,F,1932,Roberta,11
WY,F,1932,Anna,10
WY,F,1932,Bonnie,10
WY,F,1932,Clara,10
WY,F,1932,Dolores,10
WY,F,1932,Jennie,10
WY,F,1932,Peggy,10
WY,F,1932,Vera,10
WY,F,1932,Gladys,9
WY,F,1932,Jo,9
WY,F,1932,Joanne,9
WY,F,1932,Louise,9
WY,F,1932,Ann,8
WY,F,1932,Billie,8
WY,F,1932,Dona,8
WY,F,1932,Edna,8
WY,F,1932,Eleanor,8
WY,F,1932,Florence,8
WY,F,1932,Julia,8
WY,F,1932,Maxine,8
WY,F,1932,Nellie,8
WY,F,1932,Arlene,7
WY,F,1932,Charlotte,7
WY,F,1932,Edith,7
WY,F,1932,Emma,7
WY,F,1932,Georgia,7
WY,F,1932,Geraldine,7
WY,F,1932,Irene,7
WY,F,1932,Jane,7
WY,F,1932,Janet,7
WY,F,1932,June,7
WY,F,1932,Laura,7
WY,F,1932,Leona,7
WY,F,1932,Marlene,7
WY,F,1932,Rita,7
WY,F,1932,Anita,6
WY,F,1932,Darlene,6
WY,F,1932,Dixie,6
WY,F,1932,Joann,6
WY,F,1932,Juanita,6
WY,F,1932,Lila,6
WY,F,1932,Lucy,6
WY,F,1932,Pat,6
WY,F,1932,Ramona,6
WY,F,1932,Rose,6
WY,F,1932,Sally,6
WY,F,1932,Thelma,6
WY,F,1932,Violet,6
WY,F,1932,Catherine,5
WY,F,1932,Dora,5
WY,F,1932,Ellen,5
WY,F,1932,Ethel,5
WY,F,1932,Eva,5
WY,F,1932,Gloria,5
WY,F,1932,Jeanne,5
WY,F,1932,Loretta,5
WY,F,1932,Lucille,5
WY,F,1932,Mae,5
WY,F,1932,Marian,5
WY,F,1932,Myrtle,5
WY,F,1932,Pauline,5
WY,F,1932,Sylvia,5
WY,F,1932,Vivian,5
WY,F,1932,Wanda,5
WY,F,1933,Mary,76
WY,F,1933,Betty,68
WY,F,1933,Barbara,65
WY,F,1933,Dorothy,46
WY,F,1933,Donna,45
WY,F,1933,Shirley,42
WY,F,1933,Beverly,32
WY,F,1933,Patricia,32
WY,F,1933,Alice,28
WY,F,1933,Ruth,28
WY,F,1933,Joan,26
WY,F,1933,Virginia,24
WY,F,1933,Carol,22
WY,F,1933,Nancy,22
WY,F,1933,Helen,21
WY,F,1933,Phyllis,21
WY,F,1933,Margaret,20
WY,F,1933,Doris,19
WY,F,1933,Frances,19
WY,F,1933,Dolores,18
WY,F,1933,Evelyn,18
WY,F,1933,Joyce,18
WY,F,1933,Marilyn,18
WY,F,1933,Norma,17
WY,F,1933,Darlene,15
WY,F,1933,Lois,15
WY,F,1933,Wilma,15
WY,F,1933,Anna,14
WY,F,1933,Edith,14
WY,F,1933,Jean,14
WY,F,1933,Marjorie,14
WY,F,1933,Bonnie,13
WY,F,1933,Elizabeth,13
WY,F,1933,Patsy,13
WY,F,1933,Florence,11
WY,F,1933,Janet,11
WY,F,1933,Mildred,11
WY,F,1933,Pauline,11
WY,F,1933,Sally,11
WY,F,1933,Ann,10
WY,F,1933,Delores,10
WY,F,1933,June,10
WY,F,1933,Arlene,9
WY,F,1933,Charlotte,9
WY,F,1933,Rose,9
WY,F,1933,Ethel,8
WY,F,1933,Eva,8
WY,F,1933,Janice,8
WY,F,1933,Joanne,8
WY,F,1933,Kathryn,8
WY,F,1933,Marian,8
WY,F,1933,Marie,8
WY,F,1933,Martha,8
WY,F,1933,Pat,8
WY,F,1933,Roberta,8
WY,F,1933,Sharon,8
WY,F,1933,Audrey,7
WY,F,1933,Carmen,7
WY,F,1933,Charlene,7
WY,F,1933,Connie,7
WY,F,1933,Ellen,7
WY,F,1933,Esther,7
WY,F,1933,Grace,7
WY,F,1933,Louise,7
WY,F,1933,Lucille,7
WY,F,1933,Marlene,7
WY,F,1933,Nellie,7
WY,F,1933,Thelma,7
WY,F,1933,Wyoma,7
WY,F,1933,Alberta,6
WY,F,1933,Anita,6
WY,F,1933,Bernice,6
WY,F,1933,Billie,6
WY,F,1933,Dona,6
WY,F,1933,Emma,6
WY,F,1933,Gloria,6
WY,F,1933,Kathleen,6
WY,F,1933,Mabel,6
WY,F,1933,Margie,6
WY,F,1933,Marion,6
WY,F,1933,Maxine,6
WY,F,1933,Sylvia,6
WY,F,1933,Violet,6
WY,F,1933,Vivian,6
WY,F,1933,Catherine,5
WY,F,1933,Cora,5
WY,F,1933,Eleanor,5
WY,F,1933,Elsie,5
WY,F,1933,Georgia,5
WY,F,1933,Geraldine,5
WY,F,1933,Ida,5
WY,F,1933,Jane,5
WY,F,1933,Joann,5
WY,F,1933,Lillian,5
WY,F,1933,Paula,5
WY,F,1933,Pearl,5
WY,F,1933,Ruby,5
WY,F,1933,Sandra,5
WY,F,1934,Mary,105
WY,F,1934,Betty,67
WY,F,1934,Shirley,51
WY,F,1934,Barbara,49
WY,F,1934,Patricia,42
WY,F,1934,Donna,41
WY,F,1934,Dorothy,37
WY,F,1934,Margaret,28
WY,F,1934,Joan,27
WY,F,1934,Alice,26
WY,F,1934,Beverly,26
WY,F,1934,Carol,26
WY,F,1934,Helen,26
WY,F,1934,Lois,25
WY,F,1934,Nancy,23
WY,F,1934,Ruth,23
WY,F,1934,Bonnie,22
WY,F,1934,Frances,21
WY,F,1934,Joyce,21
WY,F,1934,Marilyn,21
WY,F,1934,Virginia,20
WY,F,1934,Jean,19
WY,F,1934,Marjorie,19
WY,F,1934,Norma,17
WY,F,1934,Phyllis,17
WY,F,1934,Joanne,14
WY,F,1934,Wilma,14
WY,F,1934,Darlene,13
WY,F,1934,Doris,13
WY,F,1934,Edna,13
WY,F,1934,Evelyn,13
WY,F,1934,Peggy,13
WY,F,1934,Charlotte,12
WY,F,1934,Dolores,12
WY,F,1934,Esther,12
WY,F,1934,Ann,11
WY,F,1934,Janet,11
WY,F,1934,Lucille,11
WY,F,1934,Roberta,11
WY,F,1934,Jo,10
WY,F,1934,Sally,10
WY,F,1934,Ethel,9
WY,F,1934,Geraldine,9
WY,F,1934,Joann,9
WY,F,1934,June,9
WY,F,1934,Kay,9
WY,F,1934,Mildred,9
WY,F,1934,Pat,9
WY,F,1934,Clara,8
WY,F,1934,Delores,8
WY,F,1934,Dora,8
WY,F,1934,Edith,8
WY,F,1934,Elizabeth,8
WY,F,1934,Georgia,8
WY,F,1934,Katherine,8
WY,F,1934,Rose,8
WY,F,1934,Sharon,8
WY,F,1934,Sylvia,8
WY,F,1934,Arlene,7
WY,F,1934,Carolyn,7
WY,F,1934,Elsie,7
WY,F,1934,Eva,7
WY,F,1934,Gloria,7
WY,F,1934,Jacqueline,7
WY,F,1934,Janice,7
WY,F,1934,Josephine,7
WY,F,1934,Julia,7
WY,F,1934,Karen,7
WY,F,1934,Leona,7
WY,F,1934,Lillian,7
WY,F,1934,Margie,7
WY,F,1934,Marlene,7
WY,F,1934,Martha,7
WY,F,1934,Patsy,7
WY,F,1934,Sandra,7
WY,F,1934,Violet,7
WY,F,1934,Anne,6
WY,F,1934,Colleen,6
WY,F,1934,Connie,6
WY,F,1934,Ellen,6
WY,F,1934,Grace,6
WY,F,1934,Jeanette,6
WY,F,1934,Joy,6
WY,F,1934,Laura,6
WY,F,1934,Marian,6
WY,F,1934,Pauline,6
WY,F,1934,Rosalie,6
WY,F,1934,Thelma,6
WY,F,1934,Vera,6
WY,F,1934,Vivian,6
WY,F,1934,Alma,5
WY,F,1934,Billie,5
WY,F,1934,Catherine,5
WY,F,1934,Elaine,5
WY,F,1934,Eleanor,5
WY,F,1934,Emma,5
WY,F,1934,Juanita,5
WY,F,1934,Kathleen,5
WY,F,1934,Loretta,5
WY,F,1934,Marie,5
WY,F,1934,Marion,5
WY,F,1934,Maxine,5
WY,F,1934,Nora,5
WY,F,1934,Patty,5
WY,F,1934,Sue,5
WY,F,1934,Velma,5
WY,F,1934,Wanda,5
WY,F,1935,Shirley,100
WY,F,1935,Mary,97
WY,F,1935,Betty,61
WY,F,1935,Barbara,48
WY,F,1935,Donna,42
WY,F,1935,Dorothy,42
WY,F,1935,Patricia,33
WY,F,1935,Helen,31
WY,F,1935,Marilyn,30
WY,F,1935,Carol,29
WY,F,1935,Beverly,26
WY,F,1935,Margaret,26
WY,F,1935,Nancy,25
WY,F,1935,Alice,24
WY,F,1935,Lois,23
WY,F,1935,Ruth,22
WY,F,1935,Joan,21
WY,F,1935,Frances,18
WY,F,1935,Virginia,18
WY,F,1935,Jo,17
WY,F,1935,Joyce,17
WY,F,1935,Doris,16
WY,F,1935,Janet,16
WY,F,1935,Jean,16
WY,F,1935,Phyllis,16
WY,F,1935,Marjorie,15
WY,F,1935,Dolores,14
WY,F,1935,Evelyn,14
WY,F,1935,Peggy,14
WY,F,1935,Sally,14
WY,F,1935,Martha,13
WY,F,1935,Wilma,13
WY,F,1935,Bonnie,12
WY,F,1935,Darlene,12
WY,F,1935,Roberta,12
WY,F,1935,Carolyn,11
WY,F,1935,Connie,11
WY,F,1935,Kay,11
WY,F,1935,Norma,11
WY,F,1935,Patsy,11
WY,F,1935,Ann,10
WY,F,1935,Elizabeth,10
WY,F,1935,Joanne,10
WY,F,1935,Juanita,10
WY,F,1935,June,10
WY,F,1935,Sharon,10
WY,F,1935,Wanda,10
WY,F,1935,Ellen,9
WY,F,1935,Elsie,9
WY,F,1935,Esther,9
WY,F,1935,Josephine,9
WY,F,1935,Pauline,9
WY,F,1935,Anna,8
WY,F,1935,Charlotte,8
WY,F,1935,Delores,8
WY,F,1935,Edna,8
WY,F,1935,Ethel,8
WY,F,1935,Gloria,8
WY,F,1935,Janice,8
WY,F,1935,Jeanette,8
WY,F,1935,Laura,8
WY,F,1935,Lillian,8
WY,F,1935,Marlene,8
WY,F,1935,Ruby,8
WY,F,1935,Arlene,7
WY,F,1935,Audrey,7
WY,F,1935,Glenda,7
WY,F,1935,Hazel,7
WY,F,1935,Jackie,7
WY,F,1935,Loretta,7
WY,F,1935,Louise,7
WY,F,1935,Maxine,7
WY,F,1935,Pat,7
WY,F,1935,Rita,7
WY,F,1935,Colleen,6
WY,F,1935,Dixie,6
WY,F,1935,Eleanor,6
WY,F,1935,Gladys,6
WY,F,1935,Irene,6
WY,F,1935,Jane,6
WY,F,1935,Joann,6
WY,F,1935,Karen,6
WY,F,1935,Lorraine,6
WY,F,1935,Lucille,6
WY,F,1935,Marian,6
WY,F,1935,Sandra,6
WY,F,1935,Thelma,6
WY,F,1935,Billie,5
WY,F,1935,Carole,5
WY,F,1935,Catherine,5
WY,F,1935,Elaine,5
WY,F,1935,Florence,5
WY,F,1935,Gail,5
WY,F,1935,Genevieve,5
WY,F,1935,Geraldine,5
WY,F,1935,Katherine,5
WY,F,1935,Kathleen,5
WY,F,1935,Luella,5
WY,F,1935,Margie,5
WY,F,1935,Mildred,5
WY,F,1935,Rosemary,5
WY,F,1935,Vera,5
WY,F,1935,Viola,5
WY,F,1936,Mary,108
WY,F,1936,Shirley,73
WY,F,1936,Barbara,63
WY,F,1936,Betty,53
WY,F,1936,Donna,48
WY,F,1936,Carol,47
WY,F,1936,Patricia,39
WY,F,1936,Dorothy,36
WY,F,1936,Nancy,36
WY,F,1936,Helen,31
WY,F,1936,Margaret,31
WY,F,1936,Virginia,27
WY,F,1936,Beverly,26
WY,F,1936,Marilyn,26
WY,F,1936,Joan,22
WY,F,1936,Carolyn,21
WY,F,1936,Jean,21
WY,F,1936,Norma,21
WY,F,1936,Bonnie,19
WY,F,1936,Ruth,19
WY,F,1936,Alice,18
WY,F,1936,Frances,18
WY,F,1936,Joyce,17
WY,F,1936,Lois,17
WY,F,1936,Phyllis,17
WY,F,1936,Sharon,17
WY,F,1936,Doris,16
WY,F,1936,Janet,16
WY,F,1936,Marjorie,15
WY,F,1936,Sandra,15
WY,F,1936,Elizabeth,14
WY,F,1936,Janice,14
WY,F,1936,Darlene,13
WY,F,1936,Roberta,13
WY,F,1936,Sally,13
WY,F,1936,Esther,12
WY,F,1936,Karen,12
WY,F,1936,Kay,12
WY,F,1936,Wanda,12
WY,F,1936,Charlene,11
WY,F,1936,Charlotte,11
WY,F,1936,Connie,11
WY,F,1936,Dolores,11
WY,F,1936,Evelyn,11
WY,F,1936,Joann,11
WY,F,1936,Edna,10
WY,F,1936,Florence,10
WY,F,1936,Jo,10
WY,F,1936,Leona,10
WY,F,1936,Maxine,10
WY,F,1936,Peggy,10
WY,F,1936,Arlene,9
WY,F,1936,Joanne,9
WY,F,1936,Myrna,9
WY,F,1936,Thelma,9
WY,F,1936,Wilma,9
WY,F,1936,Billie,8
WY,F,1936,Clara,8
WY,F,1936,Eleanor,8
WY,F,1936,Jacqueline,8
WY,F,1936,Jane,8
WY,F,1936,Josephine,8
WY,F,1936,Marie,8
WY,F,1936,Patsy,8
WY,F,1936,Sylvia,8
WY,F,1936,Anna,7
WY,F,1936,Colleen,7
WY,F,1936,Edith,7
WY,F,1936,Elaine,7
WY,F,1936,Gladys,7
WY,F,1936,Gloria,7
WY,F,1936,Juanita,7
WY,F,1936,Katherine,7
WY,F,1936,Linda,7
WY,F,1936,Loretta,7
WY,F,1936,Lorraine,7
WY,F,1936,Marion,7
WY,F,1936,Marlene,7
WY,F,1936,Martha,7
WY,F,1936,Rose,7
WY,F,1936,Ann,6
WY,F,1936,Bessie,6
WY,F,1936,Delores,6
WY,F,1936,Dixie,6
WY,F,1936,Eileen,6
WY,F,1936,Glenda,6
WY,F,1936,Kathleen,6
WY,F,1936,Mildred,6
WY,F,1936,Audrey,5
WY,F,1936,Beatrice,5
WY,F,1936,Catherine,5
WY,F,1936,Claudette,5
WY,F,1936,Ellen,5
WY,F,1936,Elsie,5
WY,F,1936,Emma,5
WY,F,1936,Eva,5
WY,F,1936,Faye,5
WY,F,1936,Gail,5
WY,F,1936,Jeanette,5
WY,F,1936,Judith,5
WY,F,1936,Judy,5
WY,F,1936,Julia,5
WY,F,1936,Laura,5
WY,F,1936,Marian,5
WY,F,1936,Pearl,5
WY,F,1936,Rosemary,5
WY,F,1936,Viola,5
WY,F,1937,Mary,121
WY,F,1937,Barbara,53
WY,F,1937,Patricia,49
WY,F,1937,Shirley,47
WY,F,1937,Betty,42
WY,F,1937,Carol,41
WY,F,1937,Donna,40
WY,F,1937,Ruth,32
WY,F,1937,Sharon,31
WY,F,1937,Beverly,28
WY,F,1937,Dorothy,27
WY,F,1937,Helen,26
WY,F,1937,Lois,26
WY,F,1937,Margaret,23
WY,F,1937,Nancy,23
WY,F,1937,Alice,20
WY,F,1937,Joan,18
WY,F,1937,Marilyn,18
WY,F,1937,Sally,18
WY,F,1937,Virginia,18
WY,F,1937,Darlene,17
WY,F,1937,Marjorie,17
WY,F,1937,Peggy,17
WY,F,1937,Rose,16
WY,F,1937,Judith,15
WY,F,1937,Karen,15
WY,F,1937,Bonnie,14
WY,F,1937,Connie,14
WY,F,1937,Dolores,14
WY,F,1937,Doris,14
WY,F,1937,Janet,14
WY,F,1937,Joyce,14
WY,F,1937,Kay,14
WY,F,1937,Phyllis,14
WY,F,1937,Janice,13
WY,F,1937,Norma,13
WY,F,1937,Roberta,13
WY,F,1937,Carolyn,12
WY,F,1937,Mildred,12
WY,F,1937,Anita,11
WY,F,1937,Carole,11
WY,F,1937,Elizabeth,11
WY,F,1937,Frances,11
WY,F,1937,Joann,11
WY,F,1937,Kathleen,11
WY,F,1937,Ann,10
WY,F,1937,Elaine,10
WY,F,1937,Myrna,10
WY,F,1937,Patsy,10
WY,F,1937,Ramona,10
WY,F,1937,Ellen,9
WY,F,1937,Jean,9
WY,F,1937,Jeanette,9
WY,F,1937,Marlene,9
WY,F,1937,Pat,9
WY,F,1937,Rita,9
WY,F,1937,Wanda,9
WY,F,1937,Anna,8
WY,F,1937,Arlene,8
WY,F,1937,Billie,8
WY,F,1937,Dixie,8
WY,F,1937,Jackie,8
WY,F,1937,Jo,8
WY,F,1937,Kathryn,8
WY,F,1937,Loretta,8
WY,F,1937,Louise,8
WY,F,1937,Martha,8
WY,F,1937,Patty,8
WY,F,1937,Thelma,8
WY,F,1937,Colleen,7
WY,F,1937,Edna,7
WY,F,1937,Evelyn,7
WY,F,1937,Linda,7
WY,F,1937,Anne,6
WY,F,1937,Delores,6
WY,F,1937,Edith,6
WY,F,1937,Eunice,6
WY,F,1937,Florence,6
WY,F,1937,Grace,6
WY,F,1937,Jane,6
WY,F,1937,Jeanne,6
WY,F,1937,Joanne,6
WY,F,1937,Josephine,6
WY,F,1937,Judy,6
WY,F,1937,June,6
WY,F,1937,Laura,6
WY,F,1937,Lorraine,6
WY,F,1937,Marie,6
WY,F,1937,Sandra,6
WY,F,1937,Wilma,6
WY,F,1937,Carmen,5
WY,F,1937,Constance,5
WY,F,1937,Ella,5
WY,F,1937,Georgia,5
WY,F,1937,Julia,5
WY,F,1937,Julie,5
WY,F,1937,Katherine,5
WY,F,1937,Lillian,5
WY,F,1937,Lola,5
WY,F,1937,Lucy,5
WY,F,1937,Marcia,5
WY,F,1937,Margie,5
WY,F,1937,Paula,5
WY,F,1937,Rosemary,5
WY,F,1937,Sue,5
WY,F,1937,Susan,5
WY,F,1937,Vivian,5
WY,F,1938,Mary,105
WY,F,1938,Barbara,66
WY,F,1938,Shirley,52
WY,F,1938,Betty,45
WY,F,1938,Donna,44
WY,F,1938,Patricia,43
WY,F,1938,Sharon,43
WY,F,1938,Nancy,38
WY,F,1938,Marilyn,36
WY,F,1938,Carol,34
WY,F,1938,Beverly,33
WY,F,1938,Joan,31
WY,F,1938,Ruth,27
WY,F,1938,Sandra,26
WY,F,1938,Dorothy,25
WY,F,1938,Helen,24
WY,F,1938,Margaret,24
WY,F,1938,Joyce,22
WY,F,1938,Norma,22
WY,F,1938,Frances,21
WY,F,1938,Virginia,21
WY,F,1938,Kay,20
WY,F,1938,Alice,19
WY,F,1938,Janice,19
WY,F,1938,Phyllis,19
WY,F,1938,Sally,19
WY,F,1938,Bonnie,18
WY,F,1938,Judith,18
WY,F,1938,Rosalie,17
WY,F,1938,Deanna,16
WY,F,1938,Janet,16
WY,F,1938,Judy,16
WY,F,1938,Lois,16
WY,F,1938,Peggy,16
WY,F,1938,Carolyn,15
WY,F,1938,Evelyn,15
WY,F,1938,Karen,14
WY,F,1938,Martha,14
WY,F,1938,Anna,13
WY,F,1938,Elizabeth,13
WY,F,1938,Connie,12
WY,F,1938,Doris,12
WY,F,1938,Jeanette,12
WY,F,1938,Jo,12
WY,F,1938,Marjorie,12
WY,F,1938,Roberta,12
WY,F,1938,Edith,11
WY,F,1938,Elaine,11
WY,F,1938,Eleanor,11
WY,F,1938,Joanne,11
WY,F,1938,Linda,11
WY,F,1938,Marie,11
WY,F,1938,Myrna,11
WY,F,1938,Irene,10
WY,F,1938,Jean,10
WY,F,1938,Wanda,10
WY,F,1938,Darlene,9
WY,F,1938,Esther,9
WY,F,1938,Kathleen,9
WY,F,1938,Loretta,9
WY,F,1938,Anita,8
WY,F,1938,Audrey,8
WY,F,1938,Catherine,8
WY,F,1938,Charlotte,8
WY,F,1938,Dixie,8
WY,F,1938,Jane,8
WY,F,1938,Patsy,8
WY,F,1938,Ramona,8
WY,F,1938,Wilma,8
WY,F,1938,Arlene,7
WY,F,1938,Carole,7
WY,F,1938,Dolores,7
WY,F,1938,Florence,7
WY,F,1938,Kathryn,7
WY,F,1938,Lorraine,7
WY,F,1938,Marlene,7
WY,F,1938,Mildred,7
WY,F,1938,Susan,7
WY,F,1938,Sylvia,7
WY,F,1938,Edna,6
WY,F,1938,Gloria,6
WY,F,1938,Louise,6
WY,F,1938,Lucille,6
WY,F,1938,Marian,6
WY,F,1938,Nadine,6
WY,F,1938,Pat,6
WY,F,1938,Patty,6
WY,F,1938,Rita,6
WY,F,1938,Rose,6
WY,F,1938,Yvonne,6
WY,F,1938,Billie,5
WY,F,1938,Delores,5
WY,F,1938,Ellen,5
WY,F,1938,Georgia,5
WY,F,1938,Hazel,5
WY,F,1938,Joanna,5
WY,F,1938,Lola,5
WY,F,1938,Maxine,5
WY,F,1938,Mona,5
WY,F,1938,Rosemary,5
WY,F,1938,Ruby,5
WY,F,1938,Sharron,5
WY,F,1939,Mary,95
WY,F,1939,Sharon,64
WY,F,1939,Barbara,61
WY,F,1939,Patricia,55
WY,F,1939,Nancy,45
WY,F,1939,Shirley,43
WY,F,1939,Donna,37
WY,F,1939,Judy,37
WY,F,1939,Carol,36
WY,F,1939,Betty,35
WY,F,1939,Karen,32
WY,F,1939,Sandra,30
WY,F,1939,Beverly,27
WY,F,1939,Margaret,25
WY,F,1939,Norma,25
WY,F,1939,Judith,23
WY,F,1939,Alice,22
WY,F,1939,Dorothy,22
WY,F,1939,Helen,22
WY,F,1939,Carolyn,20
WY,F,1939,Frances,20
WY,F,1939,Janice,20
WY,F,1939,Linda,20
WY,F,1939,Janet,19
WY,F,1939,Phyllis,19
WY,F,1939,Bonnie,18
WY,F,1939,Kay,18
WY,F,1939,Marilyn,18
WY,F,1939,Virginia,18
WY,F,1939,Peggy,17
WY,F,1939,Joan,16
WY,F,1939,Wanda,16
WY,F,1939,Darlene,15
WY,F,1939,Jean,15
WY,F,1939,Joyce,15
WY,F,1939,Irene,14
WY,F,1939,Lois,14
WY,F,1939,Connie,11
WY,F,1939,Kathleen,11
WY,F,1939,Marjorie,11
WY,F,1939,Roberta,11
WY,F,1939,Anita,10
WY,F,1939,Ann,10
WY,F,1939,Audrey,10
WY,F,1939,Elizabeth,10
WY,F,1939,Georgia,10
WY,F,1939,Gloria,10
WY,F,1939,Joann,10
WY,F,1939,Rose,10
WY,F,1939,Ruth,10
WY,F,1939,Carole,9
WY,F,1939,Evelyn,9
WY,F,1939,Geraldine,9
WY,F,1939,Jane,9
WY,F,1939,Joanne,9
WY,F,1939,June,9
WY,F,1939,Marie,9
WY,F,1939,Marlene,9
WY,F,1939,Sally,9
WY,F,1939,Sylvia,9
WY,F,1939,Dolores,8
WY,F,1939,Eleanor,8
WY,F,1939,Jeanette,8
WY,F,1939,Jo,8
WY,F,1939,Laura,8
WY,F,1939,Loretta,8
WY,F,1939,Myrna,8
WY,F,1939,Patsy,8
WY,F,1939,Susan,8
WY,F,1939,Charlene,7
WY,F,1939,Diane,7
WY,F,1939,Dixie,7
WY,F,1939,Doris,7
WY,F,1939,Edith,7
WY,F,1939,Katherine,7
WY,F,1939,Louise,7
WY,F,1939,Marian,7
WY,F,1939,Martha,7
WY,F,1939,Ruby,7
WY,F,1939,Charlotte,6
WY,F,1939,Deanna,6
WY,F,1939,Florence,6
WY,F,1939,Gail,6
WY,F,1939,Juanita,6
WY,F,1939,Mable,6
WY,F,1939,Marcia,6
WY,F,1939,Margie,6
WY,F,1939,Maxine,6
WY,F,1939,Mildred,6
WY,F,1939,Paula,6
WY,F,1939,Anna,5
WY,F,1939,Delores,5
WY,F,1939,Dora,5
WY,F,1939,Ellen,5
WY,F,1939,Emma,5
WY,F,1939,Esther,5
WY,F,1939,Ethel,5
WY,F,1939,Gladys,5
WY,F,1939,Jeanne,5
WY,F,1939,Julia,5
WY,F,1939,Kathryn,5
WY,F,1939,Leona,5
WY,F,1939,Lynn,5
WY,F,1939,Naomi,5
WY,F,1939,Verna,5
WY,F,1939,Vivian,5
WY,F,1940,Mary,94
WY,F,1940,Patricia,59
WY,F,1940,Sharon,57
WY,F,1940,Barbara,51
WY,F,1940,Carol,50
WY,F,1940,Shirley,45
WY,F,1940,Nancy,42
WY,F,1940,Judith,38
WY,F,1940,Karen,36
WY,F,1940,Donna,35
WY,F,1940,Judy,35
WY,F,1940,Betty,32
WY,F,1940,Linda,32
WY,F,1940,Joyce,30
WY,F,1940,Sandra,27
WY,F,1940,Marilyn,25
WY,F,1940,Margaret,24
WY,F,1940,Beverly,23
WY,F,1940,Dorothy,22
WY,F,1940,Janice,22
WY,F,1940,Ruth,22
WY,F,1940,Carolyn,19
WY,F,1940,Helen,19
WY,F,1940,Roberta,19
WY,F,1940,Bonnie,18
WY,F,1940,Jean,18
WY,F,1940,Joan,18
WY,F,1940,Alice,17
WY,F,1940,Kay,17
WY,F,1940,Lois,17
WY,F,1940,Norma,17
WY,F,1940,Virginia,17
WY,F,1940,Anita,15
WY,F,1940,Darlene,15
WY,F,1940,Deanna,15
WY,F,1940,Delores,15
WY,F,1940,Peggy,15
WY,F,1940,Susan,15
WY,F,1940,Frances,14
WY,F,1940,Kathleen,14
WY,F,1940,Wanda,14
WY,F,1940,Janet,13
WY,F,1940,Charlotte,12
WY,F,1940,Sally,12
WY,F,1940,Diana,11
WY,F,1940,Elaine,11
WY,F,1940,Georgia,11
WY,F,1940,Jo,11
WY,F,1940,Pat,11
WY,F,1940,Rose,11
WY,F,1940,Connie,10
WY,F,1940,Doris,10
WY,F,1940,Edith,10
WY,F,1940,Eleanor,10
WY,F,1940,Elizabeth,10
WY,F,1940,Ellen,10
WY,F,1940,Marie,10
WY,F,1940,Ann,9
WY,F,1940,Dixie,9
WY,F,1940,Gayle,9
WY,F,1940,Geraldine,9
WY,F,1940,Gloria,9
WY,F,1940,Laura,9
WY,F,1940,Loretta,9
WY,F,1940,Phyllis,9
WY,F,1940,Clara,8
WY,F,1940,Kathryn,8
WY,F,1940,Louise,8
WY,F,1940,Martha,8
WY,F,1940,Rita,8
WY,F,1940,Arlene,7
WY,F,1940,Billie,7
WY,F,1940,Carole,7
WY,F,1940,Evelyn,7
WY,F,1940,Jeanne,7
WY,F,1940,Joann,7
WY,F,1940,Juanita,7
WY,F,1940,Lorraine,7
WY,F,1940,Marian,7
WY,F,1940,Marjorie,7
WY,F,1940,Patsy,7
WY,F,1940,Ruby,7
WY,F,1940,Wilma,7
WY,F,1940,Anne,6
WY,F,1940,Audrey,6
WY,F,1940,Beatrice,6
WY,F,1940,Charlene,6
WY,F,1940,Diane,6
WY,F,1940,Edna,6
WY,F,1940,Esther,6
WY,F,1940,Ethel,6
WY,F,1940,Ida,6
WY,F,1940,Joanne,6
WY,F,1940,Marlene,6
WY,F,1940,Rosemary,6
WY,F,1940,Sharron,6
WY,F,1940,Sherry,6
WY,F,1940,Sue,6
WY,F,1940,Yvonne,6
WY,F,1940,Dolores,5
WY,F,1940,Emily,5
WY,F,1940,Emma,5
WY,F,1940,Gail,5
WY,F,1940,Grace,5
WY,F,1940,Jackie,5
WY,F,1940,Josephine,5
WY,F,1940,Julie,5
WY,F,1940,June,5
WY,F,1940,Patty,5
WY,F,1940,Priscilla,5
WY,F,1941,Mary,109
WY,F,1941,Sharon,82
WY,F,1941,Barbara,66
WY,F,1941,Patricia,65
WY,F,1941,Carol,57
WY,F,1941,Judy,55
WY,F,1941,Judith,43
WY,F,1941,Sandra,42
WY,F,1941,Linda,41
WY,F,1941,Karen,39
WY,F,1941,Donna,36
WY,F,1941,Betty,32
WY,F,1941,Dorothy,31
WY,F,1941,Nancy,30
WY,F,1941,Shirley,29
WY,F,1941,Bonnie,28
WY,F,1941,Helen,28
WY,F,1941,Janet,27
WY,F,1941,Marilyn,27
WY,F,1941,Beverly,26
WY,F,1941,Virginia,25
WY,F,1941,Alice,24
WY,F,1941,Carolyn,24
WY,F,1941,Janice,23
WY,F,1941,Lois,22
WY,F,1941,Joyce,21
WY,F,1941,Margaret,21
WY,F,1941,Ruth,20
WY,F,1941,Connie,19
WY,F,1941,Frances,17
WY,F,1941,Peggy,17
WY,F,1941,Evelyn,16
WY,F,1941,Kay,16
WY,F,1941,Phyllis,15
WY,F,1941,Jean,14
WY,F,1941,Kathleen,14
WY,F,1941,Martha,14
WY,F,1941,Norma,13
WY,F,1941,Charlotte,12
WY,F,1941,Elizabeth,12
WY,F,1941,Roberta,12
WY,F,1941,Georgia,11
WY,F,1941,Joan,11
WY,F,1941,Marie,11
WY,F,1941,Elaine,10
WY,F,1941,Jo,10
WY,F,1941,June,10
WY,F,1941,Kathryn,10
WY,F,1941,Patsy,10
WY,F,1941,Susan,10
WY,F,1941,Colleen,9
WY,F,1941,Diane,9
WY,F,1941,Pat,9
WY,F,1941,Sally,9
WY,F,1941,Ann,8
WY,F,1941,Darlene,8
WY,F,1941,Edith,8
WY,F,1941,Esther,8
WY,F,1941,Gloria,8
WY,F,1941,Jacqueline,8
WY,F,1941,Juanita,8
WY,F,1941,Loretta,8
WY,F,1941,Marjorie,8
WY,F,1941,Myrna,8
WY,F,1941,Rita,8
WY,F,1941,Rose,8
WY,F,1941,Wanda,8
WY,F,1941,Carole,7
WY,F,1941,Catherine,7
WY,F,1941,Deanna,7
WY,F,1941,Josephine,7
WY,F,1941,Julia,7
WY,F,1941,Katherine,7
WY,F,1941,Pauline,7
WY,F,1941,Ruby,7
WY,F,1941,Anita,6
WY,F,1941,Billie,6
WY,F,1941,Charlene,6
WY,F,1941,Della,6
WY,F,1941,Dixie,6
WY,F,1941,Doris,6
WY,F,1941,Elsie,6
WY,F,1941,Mildred,6
WY,F,1941,Patty,6
WY,F,1941,Rosemary,6
WY,F,1941,Wilma,6
WY,F,1941,Anna,5
WY,F,1941,Claudia,5
WY,F,1941,Constance,5
WY,F,1941,Ethel,5
WY,F,1941,Genevieve,5
WY,F,1941,Geraldine,5
WY,F,1941,Jackie,5
WY,F,1941,Julie,5
WY,F,1941,Lana,5
WY,F,1941,Laura,5
WY,F,1941,Maxine,5
WY,F,1941,Sheila,5
WY,F,1941,Sherry,5
WY,F,1941,Vicki,5
WY,F,1941,Viola,5
WY,F,1942,Mary,96
WY,F,1942,Sharon,86
WY,F,1942,Carol,55
WY,F,1942,Barbara,53
WY,F,1942,Patricia,52
WY,F,1942,Linda,47
WY,F,1942,Judy,46
WY,F,1942,Karen,46
WY,F,1942,Sandra,46
WY,F,1942,Donna,40
WY,F,1942,Judith,38
WY,F,1942,Carolyn,36
WY,F,1942,Nancy,36
WY,F,1942,Bonnie,33
WY,F,1942,Betty,31
WY,F,1942,Shirley,28
WY,F,1942,Virginia,28
WY,F,1942,Janet,27
WY,F,1942,Janice,25
WY,F,1942,Margaret,25
WY,F,1942,Frances,24
WY,F,1942,Joan,24
WY,F,1942,Marilyn,24
WY,F,1942,Susan,24
WY,F,1942,Dorothy,23
WY,F,1942,Peggy,23
WY,F,1942,Connie,21
WY,F,1942,Helen,20
WY,F,1942,Beverly,19
WY,F,1942,Kathleen,19
WY,F,1942,Ann,17
WY,F,1942,Joyce,17
WY,F,1942,Roberta,16
WY,F,1942,Sally,16
WY,F,1942,Diane,14
WY,F,1942,Lois,14
WY,F,1942,Ruth,14
WY,F,1942,Carole,13
WY,F,1942,Elizabeth,13
WY,F,1942,Gloria,13
WY,F,1942,Darlene,12
WY,F,1942,Jean,12
WY,F,1942,Martha,12
WY,F,1942,Diana,11
WY,F,1942,Geraldine,11
WY,F,1942,Glenda,11
WY,F,1942,Kay,11
WY,F,1942,Marie,11
WY,F,1942,Patsy,11
WY,F,1942,Wanda,11
WY,F,1942,Charlotte,10
WY,F,1942,Georgia,10
WY,F,1942,Kathy,10
WY,F,1942,Anita,9
WY,F,1942,Florence,9
WY,F,1942,Kathryn,9
WY,F,1942,Marjorie,9
WY,F,1942,Dixie,8
WY,F,1942,Ellen,8
WY,F,1942,Jane,8
WY,F,1942,Joanne,8
WY,F,1942,Josephine,8
WY,F,1942,Anna,7
WY,F,1942,Audrey,7
WY,F,1942,Delores,7
WY,F,1942,Elaine,7
WY,F,1942,Evelyn,7
WY,F,1942,Jeanette,7
WY,F,1942,Jo,7
WY,F,1942,Katherine,7
WY,F,1942,Loretta,7
WY,F,1942,Marcia,7
WY,F,1942,Pat,7
WY,F,1942,Phyllis,7
WY,F,1942,Rita,7
WY,F,1942,Rose,7
WY,F,1942,Sue,7
WY,F,1942,Sylvia,7
WY,F,1942,Catherine,6
WY,F,1942,Cora,6
WY,F,1942,Edith,6
WY,F,1942,Grace,6
WY,F,1942,Irene,6
WY,F,1942,Juanita,6
WY,F,1942,Lynda,6
WY,F,1942,Marian,6
WY,F,1942,Mildred,6
WY,F,1942,Norma,6
WY,F,1942,Pauline,6
WY,F,1942,Penny,6
WY,F,1942,Rosemary,6
WY,F,1942,Sheila,6
WY,F,1942,Alice,5
WY,F,1942,Anne,5
WY,F,1942,Arlene,5
WY,F,1942,Beth,5
WY,F,1942,Clara,5
WY,F,1942,Colleen,5
WY,F,1942,Dolores,5
WY,F,1942,Doris,5
WY,F,1942,Edna,5
WY,F,1942,Gail,5
WY,F,1942,Gwen,5
WY,F,1942,Joy,5
WY,F,1942,Laura,5
WY,F,1942,Patti,5
WY,F,1942,Sherry,5
WY,F,1942,Velma,5
WY,F,1942,Vicki,5
WY,F,1942,Vicky,5
WY,F,1943,Mary,103
WY,F,1943,Sharon,88
WY,F,1943,Linda,73
WY,F,1943,Barbara,66
WY,F,1943,Nancy,57
WY,F,1943,Carol,56
WY,F,1943,Karen,51
WY,F,1943,Patricia,47
WY,F,1943,Donna,46
WY,F,1943,Judy,45
WY,F,1943,Sandra,43
WY,F,1943,Kathleen,38
WY,F,1943,Carolyn,37
WY,F,1943,Judith,37
WY,F,1943,Betty,35
WY,F,1943,Janice,35
WY,F,1943,Dorothy,31
WY,F,1943,Janet,31
WY,F,1943,Shirley,26
WY,F,1943,Bonnie,25
WY,F,1943,Joyce,24
WY,F,1943,Helen,22
WY,F,1943,Beverly,21
WY,F,1943,Margaret,21
WY,F,1943,Ruth,21
WY,F,1943,Frances,19
WY,F,1943,Marilyn,18
WY,F,1943,Susan,18
WY,F,1943,Virginia,17
WY,F,1943,Alice,16
WY,F,1943,Ann,15
WY,F,1943,Gloria,15
WY,F,1943,Sally,15
WY,F,1943,Connie,14
WY,F,1943,Diana,14
WY,F,1943,Elizabeth,14
WY,F,1943,Joan,14
WY,F,1943,Phyllis,14
WY,F,1943,Carole,13
WY,F,1943,Cheryl,13
WY,F,1943,Diane,13
WY,F,1943,Charlotte,12
WY,F,1943,Edith,12
WY,F,1943,Jean,12
WY,F,1943,Kathy,12
WY,F,1943,Lois,11
WY,F,1943,Lynn,11
WY,F,1943,Elaine,10
WY,F,1943,Kay,10
WY,F,1943,Pamela,10
WY,F,1943,Sylvia,10
WY,F,1943,Anita,9
WY,F,1943,Billie,9
WY,F,1943,Jane,9
WY,F,1943,Joanne,9
WY,F,1943,Julia,9
WY,F,1943,Kathryn,9
WY,F,1943,Marcia,9
WY,F,1943,Peggy,9
WY,F,1943,Rita,9
WY,F,1943,Wanda,9
WY,F,1943,Jeanette,8
WY,F,1943,Loretta,8
WY,F,1943,Marie,8
WY,F,1943,Patty,8
WY,F,1943,Roberta,8
WY,F,1943,Rose,8
WY,F,1943,Sherry,8
WY,F,1943,Vicki,8
WY,F,1943,Brenda,7
WY,F,1943,Catherine,7
WY,F,1943,Dianne,7
WY,F,1943,Doris,7
WY,F,1943,Evelyn,7
WY,F,1943,Glenda,7
WY,F,1943,Grace,7
WY,F,1943,Irene,7
WY,F,1943,Jeanne,7
WY,F,1943,Lillian,7
WY,F,1943,Margo,7
WY,F,1943,Terry,7
WY,F,1943,Wilma,7
WY,F,1943,Anna,6
WY,F,1943,Arlene,6
WY,F,1943,Charlene,6
WY,F,1943,Constance,6
WY,F,1943,Cynthia,6
WY,F,1943,Darlene,6
WY,F,1943,Della,6
WY,F,1943,Eileen,6
WY,F,1943,Gail,6
WY,F,1943,Georgia,6
WY,F,1943,Ida,6
WY,F,1943,Joy,6
WY,F,1943,Juanita,6
WY,F,1943,June,6
WY,F,1943,Katherine,6
WY,F,1943,Lynda,6
WY,F,1943,Marjorie,6
WY,F,1943,Norma,6
WY,F,1943,Paula,6
WY,F,1943,Beverley,5
WY,F,1943,Caroline,5
WY,F,1943,Deanna,5
WY,F,1943,Dolores,5
WY,F,1943,Edna,5
WY,F,1943,Eleanor,5
WY,F,1943,Ella,5
WY,F,1943,Ellen,5
WY,F,1943,Emma,5
WY,F,1943,Esther,5
WY,F,1943,Eva,5
WY,F,1943,Gay,5
WY,F,1943,Jackie,5
WY,F,1943,Jacqueline,5
WY,F,1943,Jeannette,5
WY,F,1943,Jo,5
WY,F,1943,Joann,5
WY,F,1943,Louise,5
WY,F,1943,Marlene,5
WY,F,1943,Martha,5
WY,F,1943,Myrna,5
WY,F,1943,Pat,5
WY,F,1943,Patsy,5
WY,F,1943,Ruby,5
WY,F,1944,Mary,104
WY,F,1944,Linda,74
WY,F,1944,Sharon,64
WY,F,1944,Barbara,59
WY,F,1944,Judy,59
WY,F,1944,Carol,52
WY,F,1944,Patricia,50
WY,F,1944,Judith,49
WY,F,1944,Nancy,49
WY,F,1944,Karen,46
WY,F,1944,Betty,36
WY,F,1944,Donna,34
WY,F,1944,Kathleen,34
WY,F,1944,Sandra,34
WY,F,1944,Carolyn,32
WY,F,1944,Cheryl,31
WY,F,1944,Janet,30
WY,F,1944,Susan,30
WY,F,1944,Shirley,27
WY,F,1944,Bonnie,25
WY,F,1944,Joyce,25
WY,F,1944,Dorothy,23
WY,F,1944,Virginia,23
WY,F,1944,Beverly,22
WY,F,1944,Marilyn,22
WY,F,1944,Elizabeth,20
WY,F,1944,Joan,20
WY,F,1944,Jean,19
WY,F,1944,Margaret,19
WY,F,1944,Alice,17
WY,F,1944,Connie,17
WY,F,1944,Frances,17
WY,F,1944,Janice,17
WY,F,1944,Ruth,16
WY,F,1944,Diane,15
WY,F,1944,Helen,15
WY,F,1944,Roberta,15
WY,F,1944,Gloria,14
WY,F,1944,Ann,13
WY,F,1944,Rose,13
WY,F,1944,Georgia,12
WY,F,1944,Lois,12
WY,F,1944,Marjorie,12
WY,F,1944,Pat,12
WY,F,1944,Phyllis,12
WY,F,1944,Vicki,12
WY,F,1944,Charlene,11
WY,F,1944,Darlene,11
WY,F,1944,Elaine,11
WY,F,1944,Kay,11
WY,F,1944,Sherry,11
WY,F,1944,Charlotte,10
WY,F,1944,Evelyn,10
WY,F,1944,Irene,10
WY,F,1944,Kathryn,10
WY,F,1944,Pamela,10
WY,F,1944,Peggy,10
WY,F,1944,Rita,10
WY,F,1944,Sylvia,10
WY,F,1944,Dixie,9
WY,F,1944,Jo,9
WY,F,1944,Joanne,9
WY,F,1944,Marian,9
WY,F,1944,Norma,9
WY,F,1944,Clara,8
WY,F,1944,Eva,8
WY,F,1944,Gail,8
WY,F,1944,Jane,8
WY,F,1944,June,8
WY,F,1944,Martha,8
WY,F,1944,Paula,8
WY,F,1944,Wanda,8
WY,F,1944,Wilma,8
WY,F,1944,Christine,7
WY,F,1944,Delores,7
WY,F,1944,Dianne,7
WY,F,1944,Jacqueline,7
WY,F,1944,Jeanne,7
WY,F,1944,Louise,7
WY,F,1944,Patsy,7
WY,F,1944,Sally,7
WY,F,1944,Sheila,7
WY,F,1944,Anita,6
WY,F,1944,Anne,6
WY,F,1944,Carmen,6
WY,F,1944,Carole,6
WY,F,1944,Catherine,6
WY,F,1944,Cynthia,6
WY,F,1944,Deanna,6
WY,F,1944,Diana,6
WY,F,1944,Doris,6
WY,F,1944,Eileen,6
WY,F,1944,Ellen,6
WY,F,1944,Esther,6
WY,F,1944,Glenda,6
WY,F,1944,Joy,6
WY,F,1944,Julie,6
WY,F,1944,Lorraine,6
WY,F,1944,Marsha,6
WY,F,1944,Rosemary,6
WY,F,1944,Anna,5
WY,F,1944,Bessie,5
WY,F,1944,Billie,5
WY,F,1944,Colleen,5
WY,F,1944,Constance,5
WY,F,1944,Edith,5
WY,F,1944,Eleanor,5
WY,F,1944,Elsie,5
WY,F,1944,Emily,5
WY,F,1944,Gayle,5
WY,F,1944,Jeanette,5
WY,F,1944,Jill,5
WY,F,1944,Leona,5
WY,F,1944,Marion,5
WY,F,1944,Marlene,5
WY,F,1944,Penny,5
WY,F,1944,Sharron,5
WY,F,1944,Sue,5
WY,F,1944,Teresa,5
WY,F,1944,Theresa,5
WY,F,1944,Wyoma,5
WY,F,1945,Mary,102
WY,F,1945,Linda,93
WY,F,1945,Patricia,73
WY,F,1945,Carol,54
WY,F,1945,Sharon,54
WY,F,1945,Barbara,49
WY,F,1945,Judy,46
WY,F,1945,Karen,45
WY,F,1945,Sandra,42
WY,F,1945,Donna,37
WY,F,1945,Nancy,37
WY,F,1945,Betty,35
WY,F,1945,Marilyn,32
WY,F,1945,Susan,32
WY,F,1945,Shirley,29
WY,F,1945,Carolyn,28
WY,F,1945,Dorothy,28
WY,F,1945,Cheryl,27
WY,F,1945,Margaret,27
WY,F,1945,Judith,25
WY,F,1945,Janet,24
WY,F,1945,Bonnie,21
WY,F,1945,Kathleen,21
WY,F,1945,Connie,19
WY,F,1945,Virginia,19
WY,F,1945,Beverly,18
WY,F,1945,Diana,18
WY,F,1945,Joyce,18
WY,F,1945,Diane,16
WY,F,1945,Joan,16
WY,F,1945,Pamela,16
WY,F,1945,Helen,15
WY,F,1945,Janice,15
WY,F,1945,Jean,15
WY,F,1945,Elizabeth,14
WY,F,1945,Peggy,14
WY,F,1945,Alice,13
WY,F,1945,Gloria,13
WY,F,1945,Jo,13
WY,F,1945,Ruth,13
WY,F,1945,Frances,12
WY,F,1945,Phyllis,12
WY,F,1945,Georgia,11
WY,F,1945,Lois,11
WY,F,1945,Sally,11
WY,F,1945,Anita,10
WY,F,1945,Charlotte,10
WY,F,1945,Evelyn,10
WY,F,1945,Katherine,10
WY,F,1945,Glenda,9
WY,F,1945,Kathy,9
WY,F,1945,Paula,9
WY,F,1945,Rita,9
WY,F,1945,Rose,9
WY,F,1945,Victoria,9
WY,F,1945,Ann,8
WY,F,1945,Anna,8
WY,F,1945,Elaine,8
WY,F,1945,Jane,8
WY,F,1945,Kay,8
WY,F,1945,Marlene,8
WY,F,1945,Marsha,8
WY,F,1945,Martha,8
WY,F,1945,Roberta,8
WY,F,1945,Sheila,8
WY,F,1945,Vicki,8
WY,F,1945,Charlene,7
WY,F,1945,Darlene,7
WY,F,1945,Delores,7
WY,F,1945,Dianne,7
WY,F,1945,Doris,7
WY,F,1945,Grace,7
WY,F,1945,Jackie,7
WY,F,1945,Lynn,7
WY,F,1945,Norma,7
WY,F,1945,Sherry,7
WY,F,1945,Viola,7
WY,F,1945,Wilma,7
WY,F,1945,Anne,6
WY,F,1945,Ella,6
WY,F,1945,Juanita,6
WY,F,1945,Lorraine,6
WY,F,1945,Lynda,6
WY,F,1945,Patsy,6
WY,F,1945,Patty,6
WY,F,1945,Vivian,6
WY,F,1945,Arlene,5
WY,F,1945,Carole,5
WY,F,1945,Catherine,5
WY,F,1945,Christine,5
WY,F,1945,Constance,5
WY,F,1945,Deanna,5
WY,F,1945,Edith,5
WY,F,1945,Ellen,5
WY,F,1945,Joann,5
WY,F,1945,Julia,5
WY,F,1945,Lana,5
WY,F,1945,Laura,5
WY,F,1945,Leah,5
WY,F,1945,Leona,5
WY,F,1945,Loretta,5
WY,F,1945,Louise,5
WY,F,1945,Rebecca,5
WY,F,1945,Rosemary,5
WY,F,1945,Sandy,5
WY,F,1945,Sheryl,5
WY,F,1945,Suzanne,5
WY,F,1945,Wanda,5
WY,F,1946,Mary,119
WY,F,1946,Linda,92
WY,F,1946,Patricia,67
WY,F,1946,Sandra,65
WY,F,1946,Sharon,63
WY,F,1946,Carol,55
WY,F,1946,Judy,55
WY,F,1946,Karen,54
WY,F,1946,Barbara,49
WY,F,1946,Susan,47
WY,F,1946,Nancy,45
WY,F,1946,Cheryl,38
WY,F,1946,Donna,37
WY,F,1946,Judith,35
WY,F,1946,Janice,34
WY,F,1946,Betty,33
WY,F,1946,Marilyn,33
WY,F,1946,Connie,31
WY,F,1946,Kathleen,30
WY,F,1946,Helen,29
WY,F,1946,Margaret,28
WY,F,1946,Carolyn,27
WY,F,1946,Shirley,27
WY,F,1946,Bonnie,26
WY,F,1946,Diane,22
WY,F,1946,Janet,22
WY,F,1946,Beverly,20
WY,F,1946,Joyce,20
WY,F,1946,Jean,18
WY,F,1946,Ruth,18
WY,F,1946,Alice,16
WY,F,1946,Joan,16
WY,F,1946,Pamela,16
WY,F,1946,Kay,15
WY,F,1946,Jane,14
WY,F,1946,Sally,14
WY,F,1946,Frances,13
WY,F,1946,Kathryn,13
WY,F,1946,Diana,12
WY,F,1946,Dorothy,12
WY,F,1946,Patsy,12
WY,F,1946,Sherry,12
WY,F,1946,Sue,12
WY,F,1946,Suzanne,12
WY,F,1946,Ann,11
WY,F,1946,Cynthia,11
WY,F,1946,Gloria,11
WY,F,1946,Lois,11
WY,F,1946,Peggy,11
WY,F,1946,Vicki,11
WY,F,1946,Elizabeth,10
WY,F,1946,Ellen,10
WY,F,1946,Jeanne,10
WY,F,1946,Jo,10
WY,F,1946,Joanne,10
WY,F,1946,Kathy,10
WY,F,1946,Lynda,10
WY,F,1946,Norma,10
WY,F,1946,Phyllis,10
WY,F,1946,Virginia,10
WY,F,1946,Christine,9
WY,F,1946,Katherine,9
WY,F,1946,Louise,9
WY,F,1946,Rose,9
WY,F,1946,Sheila,9
WY,F,1946,Anita,8
WY,F,1946,Anna,8
WY,F,1946,Billie,8
WY,F,1946,Catherine,8
WY,F,1946,Dixie,8
WY,F,1946,Glenda,8
WY,F,1946,Lynn,8
WY,F,1946,Rita,8
WY,F,1946,Toni,8
WY,F,1946,Charlene,7
WY,F,1946,Charlotte,7
WY,F,1946,Darlene,7
WY,F,1946,Dianna,7
WY,F,1946,Dianne,7
WY,F,1946,Eva,7
WY,F,1946,Geraldine,7
WY,F,1946,Loretta,7
WY,F,1946,Marcia,7
WY,F,1946,Marie,7
WY,F,1946,Martha,7
WY,F,1946,Maxine,7
WY,F,1946,Pat,7
WY,F,1946,Paula,7
WY,F,1946,Bertha,6
WY,F,1946,Carole,6
WY,F,1946,Doris,6
WY,F,1946,Elaine,6
WY,F,1946,Esther,6
WY,F,1946,Georgia,6
WY,F,1946,Jacqueline,6
WY,F,1946,Joann,6
WY,F,1946,Joy,6
WY,F,1946,Karla,6
WY,F,1946,Marsha,6
WY,F,1946,Maureen,6
WY,F,1946,Michele,6
WY,F,1946,Paulette,6
WY,F,1946,Pauline,6
WY,F,1946,Penny,6
WY,F,1946,Rebecca,6
WY,F,1946,Roberta,6
WY,F,1946,Vicky,6
WY,F,1946,Wilma,6
WY,F,1946,Anne,5
WY,F,1946,Arlene,5
WY,F,1946,Dana,5
WY,F,1946,Eileen,5
WY,F,1946,Evelyn,5
WY,F,1946,Gail,5
WY,F,1946,Jeannette,5
WY,F,1946,Lorraine,5
WY,F,1946,Lynette,5
WY,F,1946,Marian,5
WY,F,1946,Marjorie,5
WY,F,1946,Patty,5
WY,F,1946,Rosemary,5
WY,F,1946,Sylvia,5
WY,F,1946,Trudy,5
WY,F,1946,Valerie,5
WY,F,1946,Wanda,5
WY,F,1947,Linda,204
WY,F,1947,Mary,127
WY,F,1947,Carol,73
WY,F,1947,Judy,72
WY,F,1947,Patricia,71
WY,F,1947,Barbara,70
WY,F,1947,Sandra,70
WY,F,1947,Susan,67
WY,F,1947,Sharon,59
WY,F,1947,Nancy,57
WY,F,1947,Donna,54
WY,F,1947,Karen,48
WY,F,1947,Kathleen,44
WY,F,1947,Margaret,42
WY,F,1947,Connie,39
WY,F,1947,Bonnie,32
WY,F,1947,Judith,32
WY,F,1947,Janice,31
WY,F,1947,Cheryl,30
WY,F,1947,Joyce,30
WY,F,1947,Shirley,30
WY,F,1947,Janet,29
WY,F,1947,Marilyn,28
WY,F,1947,Peggy,28
WY,F,1947,Betty,25
WY,F,1947,Beverly,24
WY,F,1947,Virginia,24
WY,F,1947,Diana,21
WY,F,1947,Dorothy,21
WY,F,1947,Kathy,20
WY,F,1947,Ann,19
WY,F,1947,Gloria,19
WY,F,1947,Ruth,19
WY,F,1947,Diane,18
WY,F,1947,Alice,17
WY,F,1947,Helen,17
WY,F,1947,Kathryn,17
WY,F,1947,Carolyn,16
WY,F,1947,Jean,16
WY,F,1947,Jo,16
WY,F,1947,Elizabeth,15
WY,F,1947,Katherine,15
WY,F,1947,Marsha,15
WY,F,1947,Martha,15
WY,F,1947,Sherry,15
WY,F,1947,Lois,14
WY,F,1947,Pamela,14
WY,F,1947,Penny,14
WY,F,1947,Vicki,14
WY,F,1947,Jane,13
WY,F,1947,Lynn,13
WY,F,1947,Phyllis,13
WY,F,1947,Sally,13
WY,F,1947,Cathy,12
WY,F,1947,Kay,12
WY,F,1947,Sheila,12
WY,F,1947,Charlotte,11
WY,F,1947,Christine,11
WY,F,1947,Darlene,11
WY,F,1947,Eileen,11
WY,F,1947,Roberta,11
WY,F,1947,Sue,11
WY,F,1947,Catherine,10
WY,F,1947,Cynthia,10
WY,F,1947,Doris,10
WY,F,1947,Gail,10
WY,F,1947,Joan,10
WY,F,1947,Julia,10
WY,F,1947,Laura,10
WY,F,1947,Marcia,10
WY,F,1947,Paula,10
WY,F,1947,Rebecca,10
WY,F,1947,Rita,10
WY,F,1947,Terry,10
WY,F,1947,Wanda,10
WY,F,1947,Anita,9
WY,F,1947,Constance,9
WY,F,1947,Dianne,9
WY,F,1947,Dixie,9
WY,F,1947,Elaine,9
WY,F,1947,Frances,9
WY,F,1947,Janis,9
WY,F,1947,Sylvia,9
WY,F,1947,Anna,8
WY,F,1947,Charlene,8
WY,F,1947,Jacqueline,8
WY,F,1947,Janie,8
WY,F,1947,Jennifer,8
WY,F,1947,Marlene,8
WY,F,1947,Norma,8
WY,F,1947,Rose,8
WY,F,1947,Teresa,8
WY,F,1947,Caroline,7
WY,F,1947,Delores,7
WY,F,1947,Ellen,7
WY,F,1947,Esther,7
WY,F,1947,Georgia,7
WY,F,1947,Jeanne,7
WY,F,1947,Joann,7
WY,F,1947,Patsy,7
WY,F,1947,Rosemary,7
WY,F,1947,Sandy,7
WY,F,1947,Vickie,7
WY,F,1947,Victoria,7
WY,F,1947,Cheri,6
WY,F,1947,Evelyn,6
WY,F,1947,Jeannie,6
WY,F,1947,Joy,6
WY,F,1947,Leslie,6
WY,F,1947,Loretta,6
WY,F,1947,Lynda,6
WY,F,1947,Maureen,6
WY,F,1947,Melody,6
WY,F,1947,Patty,6
WY,F,1947,Renee,6
WY,F,1947,Rosie,6
WY,F,1947,Suzanne,6
WY,F,1947,Toni,6
WY,F,1947,Billie,5
WY,F,1947,Carla,5
WY,F,1947,Carole,5
WY,F,1947,Cindy,5
WY,F,1947,Claudia,5
WY,F,1947,Eunice,5
WY,F,1947,Jeanette,5
WY,F,1947,Josephine,5
WY,F,1947,Julie,5
WY,F,1947,June,5
WY,F,1947,Lana,5
WY,F,1947,Lorraine,5
WY,F,1947,Louise,5
WY,F,1947,Lynette,5
WY,F,1947,Lynne,5
WY,F,1947,Marie,5
WY,F,1947,Maxine,5
WY,F,1947,Nellie,5
WY,F,1947,Ronda,5
WY,F,1947,Thelma,5
WY,F,1947,Vicky,5
WY,F,1948,Linda,229
WY,F,1948,Mary,113
WY,F,1948,Patricia,78
WY,F,1948,Susan,78
WY,F,1948,Barbara,72
WY,F,1948,Sandra,69
WY,F,1948,Sharon,69
WY,F,1948,Nancy,64
WY,F,1948,Carol,61
WY,F,1948,Karen,56
WY,F,1948,Donna,50
WY,F,1948,Pamela,44
WY,F,1948,Kathleen,43
WY,F,1948,Connie,38
WY,F,1948,Judith,38
WY,F,1948,Margaret,36
WY,F,1948,Cheryl,35
WY,F,1948,Judy,35
WY,F,1948,Shirley,32
WY,F,1948,Carolyn,29
WY,F,1948,Janice,29
WY,F,1948,Cynthia,28
WY,F,1948,Diana,28
WY,F,1948,Bonnie,27
WY,F,1948,Christine,27
WY,F,1948,Betty,26
WY,F,1948,Janet,25
WY,F,1948,Peggy,25
WY,F,1948,Marilyn,24
WY,F,1948,Sherry,21
WY,F,1948,Vicki,21
WY,F,1948,Virginia,21
WY,F,1948,Joyce,20
WY,F,1948,Diane,19
WY,F,1948,Kathy,19
WY,F,1948,Kathryn,18
WY,F,1948,Catherine,17
WY,F,1948,Charlotte,17
WY,F,1948,Dorothy,17
WY,F,1948,Gloria,17
WY,F,1948,Paula,17
WY,F,1948,Jacqueline,16
WY,F,1948,Joan,16
WY,F,1948,Roberta,16
WY,F,1948,Beverly,15
WY,F,1948,Elizabeth,15
WY,F,1948,Glenda,15
WY,F,1948,Phyllis,15
WY,F,1948,Teresa,15
WY,F,1948,Ann,14
WY,F,1948,Frances,14
WY,F,1948,Lynda,14
WY,F,1948,Sally,14
WY,F,1948,Theresa,14
WY,F,1948,Helen,13
WY,F,1948,Jean,13
WY,F,1948,Jo,13
WY,F,1948,Katherine,13
WY,F,1948,Ruth,13
WY,F,1948,Sue,13
WY,F,1948,Esther,12
WY,F,1948,Evelyn,12
WY,F,1948,Laura,12
WY,F,1948,Marsha,12
WY,F,1948,Martha,12
WY,F,1948,Rebecca,12
WY,F,1948,Alice,11
WY,F,1948,Julie,11
WY,F,1948,Darlene,10
WY,F,1948,Gayle,10
WY,F,1948,Jane,10
WY,F,1948,Kay,10
WY,F,1948,Norma,10
WY,F,1948,Rita,10
WY,F,1948,Rose,10
WY,F,1948,Vickie,10
WY,F,1948,Charlene,9
WY,F,1948,Gail,9
WY,F,1948,Lois,9
WY,F,1948,Marcia,9
WY,F,1948,Sylvia,9
WY,F,1948,Brenda,8
WY,F,1948,Claudia,8
WY,F,1948,Deanna,8
WY,F,1948,Elaine,8
WY,F,1948,Ellen,8
WY,F,1948,Maria,8
WY,F,1948,Patsy,8
WY,F,1948,Penny,8
WY,F,1948,Sheila,8
WY,F,1948,Cathy,7
WY,F,1948,Colleen,7
WY,F,1948,Jeanne,7
WY,F,1948,Marie,7
WY,F,1948,Marjorie,7
WY,F,1948,Rosemary,7
WY,F,1948,Victoria,7
WY,F,1948,Anita,6
WY,F,1948,Anne,6
WY,F,1948,Billie,6
WY,F,1948,Deborah,6
WY,F,1948,Debra,6
WY,F,1948,Dianna,6
WY,F,1948,Dolores,6
WY,F,1948,Doris,6
WY,F,1948,Geraldine,6
WY,F,1948,Glenna,6
WY,F,1948,Irene,6
WY,F,1948,Lana,6
WY,F,1948,Leslie,6
WY,F,1948,Lorraine,6
WY,F,1948,Lucy,6
WY,F,1948,Margo,6
WY,F,1948,Ramona,6
WY,F,1948,Sheryl,6
WY,F,1948,Terry,6
WY,F,1948,Trudy,6
WY,F,1948,Twila,6
WY,F,1948,Wanda,6
WY,F,1948,Bertha,5
WY,F,1948,Candace,5
WY,F,1948,Carla,5
WY,F,1948,Cheri,5
WY,F,1948,Christina,5
WY,F,1948,Constance,5
WY,F,1948,Della,5
WY,F,1948,Jan,5
WY,F,1948,Janis,5
WY,F,1948,Jeanette,5
WY,F,1948,Jennifer,5
WY,F,1948,Joann,5
WY,F,1948,Joanne,5
WY,F,1948,Juanita,5
WY,F,1948,Louise,5
WY,F,1948,Lynne,5
WY,F,1948,Marlene,5
WY,F,1948,Maxine,5
WY,F,1948,Monica,5
WY,F,1948,Pat,5
WY,F,1948,Rhonda,5
WY,F,1948,Ruby,5
WY,F,1949,Linda,205
WY,F,1949,Mary,113
WY,F,1949,Susan,80
WY,F,1949,Barbara,67
WY,F,1949,Carol,67
WY,F,1949,Karen,67
WY,F,1949,Patricia,65
WY,F,1949,Kathleen,56
WY,F,1949,Nancy,56
WY,F,1949,Sandra,55
WY,F,1949,Sharon,47
WY,F,1949,Judy,44
WY,F,1949,Janet,41
WY,F,1949,Margaret,39
WY,F,1949,Connie,34
WY,F,1949,Betty,31
WY,F,1949,Cheryl,31
WY,F,1949,Cynthia,30
WY,F,1949,Judith,30
WY,F,1949,Donna,29
WY,F,1949,Bonnie,28
WY,F,1949,Elizabeth,28
WY,F,1949,Diana,27
WY,F,1949,Janice,27
WY,F,1949,Peggy,27
WY,F,1949,Carolyn,26
WY,F,1949,Pamela,26
WY,F,1949,Shirley,26
WY,F,1949,Vicki,26
WY,F,1949,Kathy,25
WY,F,1949,Gloria,24
WY,F,1949,Marilyn,24
WY,F,1949,Kathryn,23
WY,F,1949,Beverly,22
WY,F,1949,Christine,22
WY,F,1949,Katherine,21
WY,F,1949,Ann,19
WY,F,1949,Frances,18
WY,F,1949,Joyce,18
WY,F,1949,Sherry,18
WY,F,1949,Catherine,17
WY,F,1949,Deborah,16
WY,F,1949,Jean,16
WY,F,1949,Alice,15
WY,F,1949,Dorothy,15
WY,F,1949,Jane,15
WY,F,1949,Rose,15
WY,F,1949,Ruth,15
WY,F,1949,Georgia,14
WY,F,1949,Penny,14
WY,F,1949,Roberta,14
WY,F,1949,Anita,13
WY,F,1949,Diane,13
WY,F,1949,Jeanne,13
WY,F,1949,Jo,13
WY,F,1949,Paula,13
WY,F,1949,Doris,12
WY,F,1949,Glenda,12
WY,F,1949,Marsha,12
WY,F,1949,Rebecca,12
WY,F,1949,Virginia,12
WY,F,1949,Claudia,11
WY,F,1949,Denise,11
WY,F,1949,Gayle,11
WY,F,1949,Jacqueline,11
WY,F,1949,Joan,11
WY,F,1949,Lynn,11
WY,F,1949,Marjorie,11
WY,F,1949,Brenda,10
WY,F,1949,Helen,10
WY,F,1949,Lois,10
WY,F,1949,Marie,10
WY,F,1949,Sally,10
WY,F,1949,Anna,9
WY,F,1949,Carla,9
WY,F,1949,Charlene,9
WY,F,1949,Charlotte,9
WY,F,1949,Cindy,9
WY,F,1949,Ellen,9
WY,F,1949,Evelyn,9
WY,F,1949,Phyllis,9
WY,F,1949,Rita,9
WY,F,1949,Terry,9
WY,F,1949,Victoria,9
WY,F,1949,Amy,8
WY,F,1949,Arlene,8
WY,F,1949,Cathy,8
WY,F,1949,Darlene,8
WY,F,1949,Dianne,8
WY,F,1949,Edith,8
WY,F,1949,Irene,8
WY,F,1949,Lynda,8
WY,F,1949,Martha,8
WY,F,1949,Priscilla,8
WY,F,1949,Teresa,8
WY,F,1949,Andrea,7
WY,F,1949,Deanna,7
WY,F,1949,Geraldine,7
WY,F,1949,Rosemary,7
WY,F,1949,Sheila,7
WY,F,1949,Sue,7
WY,F,1949,Theresa,7
WY,F,1949,Valerie,7
WY,F,1949,Colleen,6
WY,F,1949,Debra,6
WY,F,1949,Dixie,6
WY,F,1949,Dolores,6
WY,F,1949,Gail,6
WY,F,1949,Joann,6
WY,F,1949,Juanita,6
WY,F,1949,Kay,6
WY,F,1949,Laura,6
WY,F,1949,Louise,6
WY,F,1949,Lynne,6
WY,F,1949,Maxine,6
WY,F,1949,Melanie,6
WY,F,1949,Norma,6
WY,F,1949,Patsy,6
WY,F,1949,Patty,6
WY,F,1949,Sylvia,6
WY,F,1949,Trudy,6
WY,F,1949,Vicky,6
WY,F,1949,Wendy,6
WY,F,1949,Caroline,5
WY,F,1949,Cheri,5
WY,F,1949,Christie,5
WY,F,1949,Dianna,5
WY,F,1949,Eileen,5
WY,F,1949,Elaine,5
WY,F,1949,Ida,5
WY,F,1949,Janis,5
WY,F,1949,Jeannie,5
WY,F,1949,Jennifer,5
WY,F,1949,Joanne,5
WY,F,1949,Josephine,5
WY,F,1949,Julie,5
WY,F,1949,Kerry,5
WY,F,1949,Marcia,5
WY,F,1949,Michelle,5
WY,F,1949,Sarah,5
WY,F,1949,Sheryl,5
WY,F,1949,Suzanne,5
WY,F,1949,Toni,5
WY,F,1949,Vickie,5
WY,F,1950,Linda,155
WY,F,1950,Mary,138
WY,F,1950,Barbara,96
WY,F,1950,Susan,79
WY,F,1950,Carol,73
WY,F,1950,Patricia,72
WY,F,1950,Nancy,60
WY,F,1950,Karen,56
WY,F,1950,Sandra,54
WY,F,1950,Kathleen,50
WY,F,1950,Donna,46
WY,F,1950,Margaret,45
WY,F,1950,Pamela,44
WY,F,1950,Sharon,42
WY,F,1950,Connie,39
WY,F,1950,Janet,38
WY,F,1950,Judy,38
WY,F,1950,Deborah,33
WY,F,1950,Janice,32
WY,F,1950,Judith,32
WY,F,1950,Cheryl,31
WY,F,1950,Vicki,28
WY,F,1950,Bonnie,27
WY,F,1950,Diana,27
WY,F,1950,Kathryn,27
WY,F,1950,Joyce,26
WY,F,1950,Betty,25
WY,F,1950,Shirley,25
WY,F,1950,Virginia,25
WY,F,1950,Peggy,23
WY,F,1950,Elizabeth,22
WY,F,1950,Gloria,22
WY,F,1950,Catherine,21
WY,F,1950,Cynthia,20
WY,F,1950,Jane,20
WY,F,1950,Kathy,20
WY,F,1950,Rebecca,20
WY,F,1950,Diane,19
WY,F,1950,Jean,19
WY,F,1950,Beverly,17
WY,F,1950,Gail,17
WY,F,1950,Helen,17
WY,F,1950,Katherine,17
WY,F,1950,Carolyn,16
WY,F,1950,Debra,16
WY,F,1950,Laura,16
WY,F,1950,Marilyn,16
WY,F,1950,Cindy,15
WY,F,1950,Dorothy,15
WY,F,1950,Jo,15
WY,F,1950,Joan,15
WY,F,1950,Roberta,15
WY,F,1950,Sherry,15
WY,F,1950,Cathy,14
WY,F,1950,Sally,14
WY,F,1950,Shelley,14
WY,F,1950,Ellen,13
WY,F,1950,Marie,13
WY,F,1950,Marsha,13
WY,F,1950,Phyllis,13
WY,F,1950,Rita,13
WY,F,1950,Alice,12
WY,F,1950,Charlene,12
WY,F,1950,Christine,12
WY,F,1950,Glenda,12
WY,F,1950,Paula,12
WY,F,1950,Vickie,12
WY,F,1950,Victoria,12
WY,F,1950,Brenda,11
WY,F,1950,Jacqueline,11
WY,F,1950,Lynda,11
WY,F,1950,Terry,11
WY,F,1950,Colleen,10
WY,F,1950,Elaine,10
WY,F,1950,Julie,10
WY,F,1950,Lynn,10
WY,F,1950,Ruth,10
WY,F,1950,Anita,9
WY,F,1950,Carla,9
WY,F,1950,Frances,9
WY,F,1950,Kay,9
WY,F,1950,Lois,9
WY,F,1950,Marcia,9
WY,F,1950,Martha,9
WY,F,1950,Norma,9
WY,F,1950,Penny,9
WY,F,1950,Rose,9
WY,F,1950,Sheila,9
WY,F,1950,Teresa,9
WY,F,1950,Valerie,9
WY,F,1950,Ann,8
WY,F,1950,Becky,8
WY,F,1950,Dixie,8
WY,F,1950,Georgia,8
WY,F,1950,Irene,8
WY,F,1950,Joy,8
WY,F,1950,Marjorie,8
WY,F,1950,Patsy,8
WY,F,1950,Sarah,8
WY,F,1950,Vicky,8
WY,F,1950,Wanda,8
WY,F,1950,Caroline,7
WY,F,1950,Doris,7
WY,F,1950,Gayle,7
WY,F,1950,Suzanne,7
WY,F,1950,Terri,7
WY,F,1950,Billie,6
WY,F,1950,Charlotte,6
WY,F,1950,Debbie,6
WY,F,1950,Edith,6
WY,F,1950,Geraldine,6
WY,F,1950,Jackie,6
WY,F,1950,Jeanette,6
WY,F,1950,Jeanne,6
WY,F,1950,Josephine,6
WY,F,1950,Julia,6
WY,F,1950,June,6
WY,F,1950,Lana,6
WY,F,1950,Marian,6
WY,F,1950,Ramona,6
WY,F,1950,Regina,6
WY,F,1950,Sara,6
WY,F,1950,Sheryl,6
WY,F,1950,Sue,6
WY,F,1950,Theresa,6
WY,F,1950,Toni,6
WY,F,1950,Yvonne,6
WY,F,1950,Christy,5
WY,F,1950,Constance,5
WY,F,1950,Cora,5
WY,F,1950,Delores,5
WY,F,1950,Dianne,5
WY,F,1950,Eileen,5
WY,F,1950,Eva,5
WY,F,1950,Evelyn,5
WY,F,1950,Janis,5
WY,F,1950,Jenny,5
WY,F,1950,Joanne,5
WY,F,1950,Juanita,5
WY,F,1950,Leslie,5
WY,F,1950,Lorraine,5
WY,F,1950,Maxine,5
WY,F,1950,Monica,5
WY,F,1950,Rhonda,5
WY,F,1950,Ronda,5
WY,F,1950,Rosie,5
WY,F,1950,Sheri,5
WY,F,1950,Trudy,5
WY,F,1951,Linda,147
WY,F,1951,Mary,115
WY,F,1951,Patricia,93
WY,F,1951,Susan,92
WY,F,1951,Barbara,73
WY,F,1951,Carol,61
WY,F,1951,Deborah,60
WY,F,1951,Kathleen,57
WY,F,1951,Karen,52
WY,F,1951,Sandra,50
WY,F,1951,Sharon,50
WY,F,1951,Donna,49
WY,F,1951,Debra,46
WY,F,1951,Nancy,46
WY,F,1951,Pamela,42
WY,F,1951,Janet,41
WY,F,1951,Peggy,35
WY,F,1951,Connie,34
WY,F,1951,Cynthia,33
WY,F,1951,Judy,32
WY,F,1951,Margaret,32
WY,F,1951,Cheryl,30
WY,F,1951,Betty,29
WY,F,1951,Kathryn,29
WY,F,1951,Judith,27
WY,F,1951,Janice,26
WY,F,1951,Rebecca,26
WY,F,1951,Diane,25
WY,F,1951,Shirley,24
WY,F,1951,Virginia,24
WY,F,1951,Christine,23
WY,F,1951,Kathy,23
WY,F,1951,Beverly,22
WY,F,1951,Carolyn,22
WY,F,1951,Diana,22
WY,F,1951,Bonnie,21
WY,F,1951,Catherine,21
WY,F,1951,Elizabeth,21
WY,F,1951,Gloria,21
WY,F,1951,Teresa,21
WY,F,1951,Ann,18
WY,F,1951,Cathy,18
WY,F,1951,Dorothy,18
WY,F,1951,Joan,18
WY,F,1951,Katherine,18
WY,F,1951,Laura,18
WY,F,1951,Brenda,17
WY,F,1951,Marilyn,17
WY,F,1951,Constance,16
WY,F,1951,Gail,16
WY,F,1951,Marsha,16
WY,F,1951,Colleen,15
WY,F,1951,Ellen,15
WY,F,1951,Jane,15
WY,F,1951,Jean,15
WY,F,1951,Martha,15
WY,F,1951,Sherry,15
WY,F,1951,Victoria,15
WY,F,1951,Charlotte,14
WY,F,1951,Rita,14
WY,F,1951,Sally,14
WY,F,1951,Vicki,14
WY,F,1951,Cindy,13
WY,F,1951,Elaine,13
WY,F,1951,Jo,13
WY,F,1951,Paula,13
WY,F,1951,Rhonda,13
WY,F,1951,Theresa,13
WY,F,1951,Frances,12
WY,F,1951,Roberta,12
WY,F,1951,Darlene,11
WY,F,1951,Doris,11
WY,F,1951,Helen,11
WY,F,1951,Rose,11
WY,F,1951,Ruth,11
WY,F,1951,Sheila,11
WY,F,1951,Wanda,11
WY,F,1951,Geraldine,10
WY,F,1951,Jill,10
WY,F,1951,Joyce,10
WY,F,1951,Kay,10
WY,F,1951,Lois,10
WY,F,1951,Penny,10
WY,F,1951,Sue,10
WY,F,1951,Valerie,10
WY,F,1951,Alice,9
WY,F,1951,Candace,9
WY,F,1951,Dianna,9
WY,F,1951,Gayle,9
WY,F,1951,Irene,9
WY,F,1951,Jacqueline,9
WY,F,1951,Julie,9
WY,F,1951,Marcia,9
WY,F,1951,Phyllis,9
WY,F,1951,Yvonne,9
WY,F,1951,Denise,8
WY,F,1951,Glenda,8
WY,F,1951,Jeanne,8
WY,F,1951,Loretta,8
WY,F,1951,Lorraine,8
WY,F,1951,Rosemary,8
WY,F,1951,Roxanne,8
WY,F,1951,Toni,8
WY,F,1951,Vicky,8
WY,F,1951,Bernice,7
WY,F,1951,Cheri,7
WY,F,1951,Dianne,7
WY,F,1951,Esther,7
WY,F,1951,Jan,7
WY,F,1951,Janis,7
WY,F,1951,Jennifer,7
WY,F,1951,Joann,7
WY,F,1951,Josephine,7
WY,F,1951,Norma,7
WY,F,1951,Ramona,7
WY,F,1951,Robin,7
WY,F,1951,Vickie,7
WY,F,1951,Anita,6
WY,F,1951,Annette,6
WY,F,1951,Arlene,6
WY,F,1951,Bobbie,6
WY,F,1951,Carla,6
WY,F,1951,Claudia,6
WY,F,1951,Edith,6
WY,F,1951,Eileen,6
WY,F,1951,Jackie,6
WY,F,1951,Joanne,6
WY,F,1951,Jolene,6
WY,F,1951,Juanita,6
WY,F,1951,Julia,6
WY,F,1951,Lynda,6
WY,F,1951,Lynn,6
WY,F,1951,Margo,6
WY,F,1951,Maxine,6
WY,F,1951,Mildred,6
WY,F,1951,Terry,6
WY,F,1951,Wendy,6
WY,F,1951,Charlene,5
WY,F,1951,Gaye,5
WY,F,1951,Ginger,5
WY,F,1951,Gladys,5
WY,F,1951,Jacquelyn,5
WY,F,1951,Jody,5
WY,F,1951,Joy,5
WY,F,1951,June,5
WY,F,1951,Kristine,5
WY,F,1951,Laurie,5
WY,F,1951,Leslie,5
WY,F,1951,Louise,5
WY,F,1951,Lynne,5
WY,F,1951,Marie,5
WY,F,1951,Melinda,5
WY,F,1951,Michele,5
WY,F,1951,Suzanne,5
WY,F,1951,Sylvia,5
WY,F,1951,Trudy,5
WY,F,1952,Linda,133
WY,F,1952,Mary,115
WY,F,1952,Susan,92
WY,F,1952,Patricia,86
WY,F,1952,Debra,79
WY,F,1952,Karen,67
WY,F,1952,Nancy,62
WY,F,1952,Deborah,61
WY,F,1952,Barbara,60
WY,F,1952,Cynthia,51
WY,F,1952,Carol,47
WY,F,1952,Sandra,46
WY,F,1952,Janet,43
WY,F,1952,Margaret,41
WY,F,1952,Donna,40
WY,F,1952,Kathleen,40
WY,F,1952,Kathy,39
WY,F,1952,Pamela,39
WY,F,1952,Sharon,39
WY,F,1952,Judy,38
WY,F,1952,Cheryl,36
WY,F,1952,Judith,35
WY,F,1952,Peggy,32
WY,F,1952,Bonnie,30
WY,F,1952,Christine,30
WY,F,1952,Rebecca,29
WY,F,1952,Catherine,28
WY,F,1952,Connie,28
WY,F,1952,Diane,28
WY,F,1952,Elizabeth,28
WY,F,1952,Janice,28
WY,F,1952,Beverly,27
WY,F,1952,Cathy,25
WY,F,1952,Betty,24
WY,F,1952,Kathryn,24
WY,F,1952,Jane,23
WY,F,1952,Joyce,23
WY,F,1952,Katherine,23
WY,F,1952,Ann,22
WY,F,1952,Shirley,22
WY,F,1952,Diana,21
WY,F,1952,Brenda,20
WY,F,1952,Jo,20
WY,F,1952,Carolyn,19
WY,F,1952,Laura,19
WY,F,1952,Colleen,18
WY,F,1952,Vicki,18
WY,F,1952,Rita,17
WY,F,1952,Anita,16
WY,F,1952,Gail,16
WY,F,1952,Marilyn,16
WY,F,1952,Marsha,16
WY,F,1952,Dorothy,15
WY,F,1952,Paula,15
WY,F,1952,Victoria,15
WY,F,1952,Constance,14
WY,F,1952,Gloria,14
WY,F,1952,Jean,14
WY,F,1952,Rhonda,14
WY,F,1952,Ruth,14
WY,F,1952,Sherry,14
WY,F,1952,Teresa,14
WY,F,1952,Virginia,14
WY,F,1952,Leslie,13
WY,F,1952,Lynn,13
WY,F,1952,Marcia,13
WY,F,1952,Sally,13
WY,F,1952,Wanda,13
WY,F,1952,Cindy,12
WY,F,1952,Julie,12
WY,F,1952,Martha,12
WY,F,1952,Vickie,12
WY,F,1952,Billie,11
WY,F,1952,Darlene,11
WY,F,1952,Dianne,11
WY,F,1952,Ellen,11
WY,F,1952,Jackie,11
WY,F,1952,Joan,11
WY,F,1952,Sue,11
WY,F,1952,Terri,11
WY,F,1952,Vivian,11
WY,F,1952,Anna,10
WY,F,1952,Glenda,10
WY,F,1952,Jan,10
WY,F,1952,Josephine,10
WY,F,1952,Laurie,10
WY,F,1952,Roberta,10
WY,F,1952,Robin,10
WY,F,1952,Sheryl,10
WY,F,1952,Terry,10
WY,F,1952,Theresa,10
WY,F,1952,Yvonne,10
WY,F,1952,Becky,9
WY,F,1952,Charlene,9
WY,F,1952,Deanna,9
WY,F,1952,Frances,9
WY,F,1952,Kerry,9
WY,F,1952,Marie,9
WY,F,1952,Michelle,9
WY,F,1952,Penny,9
WY,F,1952,Phyllis,9
WY,F,1952,Roxanne,9
WY,F,1952,Sarah,9
WY,F,1952,Shelley,9
WY,F,1952,Vicky,9
WY,F,1952,Debbie,8
WY,F,1952,Dixie,8
WY,F,1952,Esther,8
WY,F,1952,Georgia,8
WY,F,1952,Helen,8
WY,F,1952,Jacqueline,8
WY,F,1952,Jeanne,8
WY,F,1952,Joanne,8
WY,F,1952,Kay,8
WY,F,1952,Rose,8
WY,F,1952,Sheila,8
WY,F,1952,Trudy,8
WY,F,1952,Wendy,8
WY,F,1952,Anne,7
WY,F,1952,Elaine,7
WY,F,1952,Evelyn,7
WY,F,1952,Gayle,7
WY,F,1952,Geraldine,7
WY,F,1952,Lois,7
WY,F,1952,Lorraine,7
WY,F,1952,Marian,7
WY,F,1952,Marjorie,7
WY,F,1952,Pauline,7
WY,F,1952,Sylvia,7
WY,F,1952,Alice,6
WY,F,1952,Carla,6
WY,F,1952,Carmen,6
WY,F,1952,Cheri,6
WY,F,1952,Claudia,6
WY,F,1952,Delores,6
WY,F,1952,Denise,6
WY,F,1952,Doris,6
WY,F,1952,Gale,6
WY,F,1952,Ginger,6
WY,F,1952,Janis,6
WY,F,1952,Jeanette,6
WY,F,1952,Jeannie,6
WY,F,1952,Jennifer,6
WY,F,1952,Kristine,6
WY,F,1952,Ruby,6
WY,F,1952,Stephanie,6
WY,F,1952,Valerie,6
WY,F,1952,Amy,5
WY,F,1952,Christina,5
WY,F,1952,Dianna,5
WY,F,1952,Eva,5
WY,F,1952,Jerri,5
WY,F,1952,Jill,5
WY,F,1952,Juanita,5
WY,F,1952,Kim,5
WY,F,1952,Lynne,5
WY,F,1952,Marlene,5
WY,F,1952,Renee,5
WY,F,1952,Sherrie,5
WY,F,1952,Vera,5
WY,F,1953,Linda,140
WY,F,1953,Debra,129
WY,F,1953,Mary,127
WY,F,1953,Susan,97
WY,F,1953,Patricia,95
WY,F,1953,Deborah,93
WY,F,1953,Barbara,86
WY,F,1953,Nancy,67
WY,F,1953,Carol,65
WY,F,1953,Cynthia,65
WY,F,1953,Karen,62
WY,F,1953,Pamela,54
WY,F,1953,Sandra,54
WY,F,1953,Donna,45
WY,F,1953,Connie,43
WY,F,1953,Janet,42
WY,F,1953,Cheryl,39
WY,F,1953,Sharon,39
WY,F,1953,Kathleen,35
WY,F,1953,Margaret,35
WY,F,1953,Teresa,31
WY,F,1953,Christine,29
WY,F,1953,Elizabeth,29
WY,F,1953,Judy,29
WY,F,1953,Bonnie,28
WY,F,1953,Diana,26
WY,F,1953,Peggy,26
WY,F,1953,Dorothy,25
WY,F,1953,Rebecca,25
WY,F,1953,Laura,24
WY,F,1953,Marilyn,24
WY,F,1953,Judith,23
WY,F,1953,Betty,22
WY,F,1953,Diane,22
WY,F,1953,Kathryn,22
WY,F,1953,Janice,21
WY,F,1953,Sherry,21
WY,F,1953,Beverly,20
WY,F,1953,Joyce,20
WY,F,1953,Katherine,20
WY,F,1953,Shirley,20
WY,F,1953,Vicki,20
WY,F,1953,Carolyn,19
WY,F,1953,Catherine,19
WY,F,1953,Kathy,19
WY,F,1953,Colleen,18
WY,F,1953,Julie,18
WY,F,1953,Jean,17
WY,F,1953,Paula,17
WY,F,1953,Terry,17
WY,F,1953,Brenda,16
WY,F,1953,Rhonda,16
WY,F,1953,Terri,16
WY,F,1953,Vickie,16
WY,F,1953,Gail,15
WY,F,1953,Gloria,15
WY,F,1953,Carla,14
WY,F,1953,Joan,14
WY,F,1953,Penny,14
WY,F,1953,Theresa,14
WY,F,1953,Toni,14
WY,F,1953,Becky,13
WY,F,1953,Cathy,13
WY,F,1953,Cindy,13
WY,F,1953,Glenda,13
WY,F,1953,Laurie,13
WY,F,1953,Lynn,13
WY,F,1953,Phyllis,13
WY,F,1953,Roberta,13
WY,F,1953,Anne,12
WY,F,1953,Jane,12
WY,F,1953,Martha,12
WY,F,1953,Patti,12
WY,F,1953,Sally,12
WY,F,1953,Victoria,12
WY,F,1953,Virginia,12
WY,F,1953,Charlene,11
WY,F,1953,Frances,11
WY,F,1953,Julia,11
WY,F,1953,Sue,11
WY,F,1953,Wendy,11
WY,F,1953,Ann,10
WY,F,1953,Anna,10
WY,F,1953,Deanna,10
WY,F,1953,Dianne,10
WY,F,1953,Helen,10
WY,F,1953,Jeanne,10
WY,F,1953,Jo,10
WY,F,1953,Joann,10
WY,F,1953,Lynda,10
WY,F,1953,Marcia,10
WY,F,1953,Ruth,10
WY,F,1953,Sheila,10
WY,F,1953,Vicky,10
WY,F,1953,Debbie,9
WY,F,1953,Denise,9
WY,F,1953,Dixie,9
WY,F,1953,Elaine,9
WY,F,1953,Evelyn,9
WY,F,1953,Georgia,9
WY,F,1953,Kristine,9
WY,F,1953,Lynne,9
WY,F,1953,Rose,9
WY,F,1953,Valerie,9
WY,F,1953,Annette,8
WY,F,1953,Carole,8
WY,F,1953,Constance,8
WY,F,1953,Dawn,8
WY,F,1953,Geraldine,8
WY,F,1953,Jill,8
WY,F,1953,Joy,8
WY,F,1953,Marjorie,8
WY,F,1953,Patsy,8
WY,F,1953,Pauline,8
WY,F,1953,Rachel,8
WY,F,1953,Wanda,8
WY,F,1953,Yvonne,8
WY,F,1953,Alice,7
WY,F,1953,Anita,7
WY,F,1953,Beth,7
WY,F,1953,Darlene,7
WY,F,1953,Eva,7
WY,F,1953,Marlene,7
WY,F,1953,Marsha,7
WY,F,1953,Melissa,7
WY,F,1953,Norma,7
WY,F,1953,Ronda,7
WY,F,1953,Trudy,7
WY,F,1953,Andrea,6
WY,F,1953,Charlotte,6
WY,F,1953,Cheri,6
WY,F,1953,Doris,6
WY,F,1953,Florence,6
WY,F,1953,Heidi,6
WY,F,1953,Jackie,6
WY,F,1953,Jacqueline,6
WY,F,1953,Jan,6
WY,F,1953,Jeanette,6
WY,F,1953,Jennifer,6
WY,F,1953,Jody,6
WY,F,1953,Kay,6
WY,F,1953,Kim,6
WY,F,1953,Lisa,6
WY,F,1953,Lois,6
WY,F,1953,Monica,6
WY,F,1953,Renee,6
WY,F,1953,Rita,6
WY,F,1953,Sherri,6
WY,F,1953,Suzanne,6
WY,F,1953,Sylvia,6
WY,F,1953,Caroline,5
WY,F,1953,Claudia,5
WY,F,1953,Delores,5
WY,F,1953,Emma,5
WY,F,1953,Gayle,5
WY,F,1953,Holly,5
WY,F,1953,Kerry,5
WY,F,1953,Kristy,5
WY,F,1953,Leslie,5
WY,F,1953,Lorraine,5
WY,F,1953,Maxine,5
WY,F,1953,Patrice,5
WY,F,1953,Rosemary,5
WY,F,1953,Shelly,5
WY,F,1953,Teri,5
WY,F,1953,Verna,5
WY,F,1953,Vivian,5
WY,F,1954,Mary,135
WY,F,1954,Debra,132
WY,F,1954,Linda,119
WY,F,1954,Susan,108
WY,F,1954,Patricia,86
WY,F,1954,Barbara,71
WY,F,1954,Cynthia,70
WY,F,1954,Deborah,69
WY,F,1954,Nancy,68
WY,F,1954,Sandra,68
WY,F,1954,Karen,58
WY,F,1954,Pamela,58
WY,F,1954,Kathleen,52
WY,F,1954,Donna,51
WY,F,1954,Janet,50
WY,F,1954,Carol,46
WY,F,1954,Connie,45
WY,F,1954,Sharon,41
WY,F,1954,Margaret,32
WY,F,1954,Judy,31
WY,F,1954,Vicki,31
WY,F,1954,Christine,28
WY,F,1954,Rebecca,28
WY,F,1954,Cindy,27
WY,F,1954,Teresa,27
WY,F,1954,Diana,26
WY,F,1954,Marilyn,25
WY,F,1954,Cheryl,24
WY,F,1954,Diane,24
WY,F,1954,Gloria,23
WY,F,1954,Kathryn,23
WY,F,1954,Catherine,22
WY,F,1954,Katherine,22
WY,F,1954,Kathy,22
WY,F,1954,Elizabeth,21
WY,F,1954,Julie,21
WY,F,1954,Janice,20
WY,F,1954,Peggy,20
WY,F,1954,Joyce,19
WY,F,1954,Sherry,19
WY,F,1954,Paula,18
WY,F,1954,Rhonda,18
WY,F,1954,Terri,18
WY,F,1954,Debbie,17
WY,F,1954,Judith,17
WY,F,1954,Robin,17
WY,F,1954,Brenda,16
WY,F,1954,Denise,16
WY,F,1954,Gail,16
WY,F,1954,Jacqueline,16
WY,F,1954,Terry,16
WY,F,1954,Valerie,16
WY,F,1954,Carla,15
WY,F,1954,Helen,15
WY,F,1954,Laura,15
WY,F,1954,Sally,15
WY,F,1954,Shirley,15
WY,F,1954,Sue,15
WY,F,1954,Virginia,15
WY,F,1954,Betty,14
WY,F,1954,Beverly,14
WY,F,1954,Bonnie,14
WY,F,1954,Carolyn,14
WY,F,1954,Jane,14
WY,F,1954,Ruth,14
WY,F,1954,Shelley,14
WY,F,1954,Vickie,14
WY,F,1954,Lisa,13
WY,F,1954,Patti,13
WY,F,1954,Wanda,13
WY,F,1954,Ann,12
WY,F,1954,Dorothy,12
WY,F,1954,Frances,12
WY,F,1954,Leslie,12
WY,F,1954,Melody,12
WY,F,1954,Phyllis,12
WY,F,1954,Rita,12
WY,F,1954,Rose,12
WY,F,1954,Colleen,11
WY,F,1954,Jean,11
WY,F,1954,Joan,11
WY,F,1954,Lynn,11
WY,F,1954,Marie,11
WY,F,1954,Theresa,11
WY,F,1954,Anne,10
WY,F,1954,Elaine,10
WY,F,1954,Ellen,10
WY,F,1954,Marsha,10
WY,F,1954,Roxanne,10
WY,F,1954,Vicky,10
WY,F,1954,Alice,9
WY,F,1954,Cheri,9
WY,F,1954,Dixie,9
WY,F,1954,Jackie,9
WY,F,1954,Jill,9
WY,F,1954,Kay,9
WY,F,1954,Lois,9
WY,F,1954,Lori,9
WY,F,1954,Marcia,9
WY,F,1954,Martha,9
WY,F,1954,Renee,9
WY,F,1954,Victoria,9
WY,F,1954,Amy,8
WY,F,1954,Claudia,8
WY,F,1954,Jan,8
WY,F,1954,Janis,8
WY,F,1954,Jennifer,8
WY,F,1954,Jo,8
WY,F,1954,Joann,8
WY,F,1954,Kim,8
WY,F,1954,Laurie,8
WY,F,1954,Lorraine,8
WY,F,1954,Marjorie,8
WY,F,1954,Michele,8
WY,F,1954,Roberta,8
WY,F,1954,Sarah,8
WY,F,1954,Sylvia,8
WY,F,1954,Vivian,8
WY,F,1954,Wendy,8
WY,F,1954,Anita,7
WY,F,1954,Billie,7
WY,F,1954,Charlene,7
WY,F,1954,Charlotte,7
WY,F,1954,Christina,7
WY,F,1954,Dawn,7
WY,F,1954,Delores,7
WY,F,1954,Esther,7
WY,F,1954,Evelyn,7
WY,F,1954,Gayle,7
WY,F,1954,Jana,7
WY,F,1954,Jeanne,7
WY,F,1954,Jody,7
WY,F,1954,Karla,7
WY,F,1954,Michelle,7
WY,F,1954,Penny,7
WY,F,1954,Ronda,7
WY,F,1954,Terrie,7
WY,F,1954,Toni,7
WY,F,1954,Beth,6
WY,F,1954,Cathy,6
WY,F,1954,Chris,6
WY,F,1954,Debora,6
WY,F,1954,Glenda,6
WY,F,1954,Jolene,6
WY,F,1954,Josephine,6
WY,F,1954,Juanita,6
WY,F,1954,Laurel,6
WY,F,1954,Lucy,6
WY,F,1954,Marian,6
WY,F,1954,Marla,6
WY,F,1954,Melanie,6
WY,F,1954,Patsy,6
WY,F,1954,Ramona,6
WY,F,1954,Sheryl,6
WY,F,1954,Tina,6
WY,F,1954,Wilma,6
WY,F,1954,Angela,5
WY,F,1954,Audrey,5
WY,F,1954,Bertha,5
WY,F,1954,Darlene,5
WY,F,1954,Deanne,5
WY,F,1954,Dianne,5
WY,F,1954,Gay,5
WY,F,1954,Georgia,5
WY,F,1954,Geraldine,5
WY,F,1954,Ginger,5
WY,F,1954,Holly,5
WY,F,1954,Jamie,5
WY,F,1954,Jeanette,5
WY,F,1954,Jeri,5
WY,F,1954,Jerri,5
WY,F,1954,Joy,5
WY,F,1954,Kimberly,5
WY,F,1954,Lana,5
WY,F,1954,Lee,5
WY,F,1954,Lydia,5
WY,F,1954,Lynne,5
WY,F,1954,Margie,5
WY,F,1954,Maria,5
WY,F,1954,Marianne,5
WY,F,1954,Marlene,5
WY,F,1954,Mona,5
WY,F,1954,Pauline,5
WY,F,1954,Sheri,5
WY,F,1954,Sherri,5
WY,F,1954,Susie,5
WY,F,1954,Teri,5
WY,F,1955,Debra,127
WY,F,1955,Linda,104
WY,F,1955,Susan,98
WY,F,1955,Mary,97
WY,F,1955,Patricia,78
WY,F,1955,Karen,73
WY,F,1955,Barbara,72
WY,F,1955,Deborah,60
WY,F,1955,Cynthia,53
WY,F,1955,Nancy,53
WY,F,1955,Sandra,46
WY,F,1955,Carol,45
WY,F,1955,Pamela,44
WY,F,1955,Donna,42
WY,F,1955,Janet,40
WY,F,1955,Connie,39
WY,F,1955,Kathleen,39
WY,F,1955,Elizabeth,37
WY,F,1955,Diane,35
WY,F,1955,Margaret,35
WY,F,1955,Rebecca,35
WY,F,1955,Cheryl,34
WY,F,1955,Sharon,33
WY,F,1955,Diana,30
WY,F,1955,Peggy,28
WY,F,1955,Vicki,27
WY,F,1955,Judy,26
WY,F,1955,Teresa,26
WY,F,1955,Bonnie,25
WY,F,1955,Julie,25
WY,F,1955,Gloria,24
WY,F,1955,Denise,23
WY,F,1955,Shirley,23
WY,F,1955,Betty,22
WY,F,1955,Brenda,22
WY,F,1955,Cindy,21
WY,F,1955,Marilyn,21
WY,F,1955,Paula,21
WY,F,1955,Ann,20
WY,F,1955,Laura,20
WY,F,1955,Kathy,19
WY,F,1955,Lynn,19
WY,F,1955,Debbie,18
WY,F,1955,Judith,18
WY,F,1955,Kathryn,18
WY,F,1955,Rita,18
WY,F,1955,Vickie,18
WY,F,1955,Gail,17
WY,F,1955,Jane,17
WY,F,1955,Rhonda,17
WY,F,1955,Terri,17
WY,F,1955,Carolyn,16
WY,F,1955,Cathy,16
WY,F,1955,Jean,15
WY,F,1955,Martha,15
WY,F,1955,Penny,15
WY,F,1955,Ellen,14
WY,F,1955,Janice,14
WY,F,1955,Katherine,14
WY,F,1955,Laurie,14
WY,F,1955,Robin,14
WY,F,1955,Valerie,14
WY,F,1955,Virginia,14
WY,F,1955,Alice,13
WY,F,1955,Catherine,13
WY,F,1955,Christine,13
WY,F,1955,Joan,13
WY,F,1955,Roberta,13
WY,F,1955,Ruth,13
WY,F,1955,Sally,13
WY,F,1955,Beverly,12
WY,F,1955,Dawn,12
WY,F,1955,Loretta,12
WY,F,1955,Rose,12
WY,F,1955,Theresa,12
WY,F,1955,Frances,11
WY,F,1955,Gayle,11
WY,F,1955,Helen,11
WY,F,1955,Jo,11
WY,F,1955,Leslie,11
WY,F,1955,Lorraine,11
WY,F,1955,Charlene,10
WY,F,1955,Irene,10
WY,F,1955,Joyce,10
WY,F,1955,Kim,10
WY,F,1955,Lisa,10
WY,F,1955,Melanie,10
WY,F,1955,Ramona,10
WY,F,1955,Anita,9
WY,F,1955,Carla,9
WY,F,1955,Doris,9
WY,F,1955,Kay,9
WY,F,1955,Kimberly,9
WY,F,1955,Lois,9
WY,F,1955,Lori,9
WY,F,1955,Marlene,9
WY,F,1955,Marsha,9
WY,F,1955,Phyllis,9
WY,F,1955,Sheri,9
WY,F,1955,Sherri,9
WY,F,1955,Stephanie,9
WY,F,1955,Wanda,9
WY,F,1955,Wendy,9
WY,F,1955,Anne,8
WY,F,1955,Audrey,8
WY,F,1955,Carrie,8
WY,F,1955,Colleen,8
WY,F,1955,Jeanne,8
WY,F,1955,Joanne,8
WY,F,1955,Joni,8
WY,F,1955,Julia,8
WY,F,1955,Kelly,8
WY,F,1955,Melody,8
WY,F,1955,Norma,8
WY,F,1955,Sheila,8
WY,F,1955,Sherry,8
WY,F,1955,Sue,8
WY,F,1955,Terry,8
WY,F,1955,Dorothy,7
WY,F,1955,Elaine,7
WY,F,1955,Eva,7
WY,F,1955,Glenda,7
WY,F,1955,Jacqueline,7
WY,F,1955,Jamie,7
WY,F,1955,Jeri,7
WY,F,1955,Kristine,7
WY,F,1955,Michelle,7
WY,F,1955,Patsy,7
WY,F,1955,Sheryl,7
WY,F,1955,Vicky,7
WY,F,1955,Victoria,7
WY,F,1955,Vivian,7
WY,F,1955,Anna,6
WY,F,1955,Beth,6
WY,F,1955,Carlene,6
WY,F,1955,Constance,6
WY,F,1955,Dianne,6
WY,F,1955,Dixie,6
WY,F,1955,Jackie,6
WY,F,1955,Janis,6
WY,F,1955,Jeanette,6
WY,F,1955,Jennifer,6
WY,F,1955,Karla,6
WY,F,1955,Kerry,6
WY,F,1955,Marcia,6
WY,F,1955,Marla,6
WY,F,1955,Monica,6
WY,F,1955,Ronda,6
WY,F,1955,Roxanne,6
WY,F,1955,Sara,6
WY,F,1955,Shelley,6
WY,F,1955,Teri,6
WY,F,1955,Toni,6
WY,F,1955,Andrea,5
WY,F,1955,Becky,5
WY,F,1955,Bertha,5
WY,F,1955,Billie,5
WY,F,1955,Carmen,5
WY,F,1955,Darlene,5
WY,F,1955,Dee,5
WY,F,1955,Eileen,5
WY,F,1955,Eleanor,5
WY,F,1955,Esther,5
WY,F,1955,Gale,5
WY,F,1955,Georgia,5
WY,F,1955,Holly,5
WY,F,1955,Jan,5
WY,F,1955,Janie,5
WY,F,1955,Jenny,5
WY,F,1955,Joann,5
WY,F,1955,Juanita,5
WY,F,1955,Lynette,5
WY,F,1955,Lynne,5
WY,F,1955,Marie,5
WY,F,1955,Michele,5
WY,F,1955,Mitzi,5
WY,F,1955,Patti,5
WY,F,1955,Patty,5
WY,F,1955,Pauline,5
WY,F,1955,Renee,5
WY,F,1955,Ruby,5
WY,F,1955,Sarah,5
WY,F,1955,Shelly,5
WY,F,1955,Sherrie,5
WY,F,1955,Sylvia,5
WY,F,1955,Tracy,5
WY,F,1955,Trudy,5
WY,F,1956,Debra,126
WY,F,1956,Mary,97
WY,F,1956,Susan,93
WY,F,1956,Linda,85
WY,F,1956,Karen,79
WY,F,1956,Cynthia,63
WY,F,1956,Patricia,63
WY,F,1956,Barbara,57
WY,F,1956,Deborah,55
WY,F,1956,Sharon,48
WY,F,1956,Nancy,46
WY,F,1956,Donna,43
WY,F,1956,Rebecca,43
WY,F,1956,Carol,42
WY,F,1956,Pamela,36
WY,F,1956,Sandra,36
WY,F,1956,Diane,34
WY,F,1956,Kathleen,33
WY,F,1956,Connie,31
WY,F,1956,Julie,31
WY,F,1956,Kim,31
WY,F,1956,Elizabeth,30
WY,F,1956,Debbie,28
WY,F,1956,Janet,28
WY,F,1956,Cheryl,27
WY,F,1956,Laura,27
WY,F,1956,Judy,24
WY,F,1956,Kathryn,24
WY,F,1956,Kathy,24
WY,F,1956,Rhonda,24
WY,F,1956,Sheila,24
WY,F,1956,Theresa,24
WY,F,1956,Vicki,24
WY,F,1956,Lisa,23
WY,F,1956,Teresa,23
WY,F,1956,Catherine,22
WY,F,1956,Cindy,22
WY,F,1956,Laurie,22
WY,F,1956,Sherry,22
WY,F,1956,Brenda,21
WY,F,1956,Lori,21
WY,F,1956,Margaret,21
WY,F,1956,Gail,20
WY,F,1956,Janice,20
WY,F,1956,Jo,20
WY,F,1956,Katherine,20
WY,F,1956,Marilyn,20
WY,F,1956,Terry,19
WY,F,1956,Terri,18
WY,F,1956,Paula,17
WY,F,1956,Diana,16
WY,F,1956,Gloria,16
WY,F,1956,Peggy,16
WY,F,1956,Robin,16
WY,F,1956,Sheryl,16
WY,F,1956,Shirley,16
WY,F,1956,Christine,15
WY,F,1956,Rita,15
WY,F,1956,Sally,15
WY,F,1956,Becky,14
WY,F,1956,Helen,14
WY,F,1956,Judith,14
WY,F,1956,Kimberly,14
WY,F,1956,Betty,13
WY,F,1956,Beverly,13
WY,F,1956,Joyce,13
WY,F,1956,Valerie,13
WY,F,1956,Wendy,13
WY,F,1956,Dorothy,12
WY,F,1956,Jane,12
WY,F,1956,Melanie,12
WY,F,1956,Penny,12
WY,F,1956,Vickie,12
WY,F,1956,Virginia,12
WY,F,1956,Bonnie,11
WY,F,1956,Cathy,11
WY,F,1956,Colleen,11
WY,F,1956,Dawn,11
WY,F,1956,Denise,11
WY,F,1956,Doris,11
WY,F,1956,Joni,11
WY,F,1956,Kelly,11
WY,F,1956,Lynn,11
WY,F,1956,Roberta,11
WY,F,1956,Rose,11
WY,F,1956,Holly,10
WY,F,1956,Melody,10
WY,F,1956,Sarah,10
WY,F,1956,Suzanne,10
WY,F,1956,Wanda,10
WY,F,1956,Ann,9
WY,F,1956,Dana,9
WY,F,1956,Jacqueline,9
WY,F,1956,Julia,9
WY,F,1956,Leslie,9
WY,F,1956,Ruth,9
WY,F,1956,Victoria,9
WY,F,1956,Anita,8
WY,F,1956,Beth,8
WY,F,1956,Carolyn,8
WY,F,1956,Carrie,8
WY,F,1956,Charlotte,8
WY,F,1956,Deanna,8
WY,F,1956,Elaine,8
WY,F,1956,Ellen,8
WY,F,1956,Evelyn,8
WY,F,1956,Jeanette,8
WY,F,1956,Joan,8
WY,F,1956,June,8
WY,F,1956,Kay,8
WY,F,1956,Marcia,8
WY,F,1956,Marla,8
WY,F,1956,Michele,8
WY,F,1956,Phyllis,8
WY,F,1956,Roxanne,8
WY,F,1956,Sheri,8
WY,F,1956,Tina,8
WY,F,1956,Angela,7
WY,F,1956,Christy,7
WY,F,1956,Dianne,7
WY,F,1956,Eileen,7
WY,F,1956,Frances,7
WY,F,1956,Gayle,7
WY,F,1956,Georgia,7
WY,F,1956,Jennifer,7
WY,F,1956,Joy,7
WY,F,1956,Lee,7
WY,F,1956,Lynne,7
WY,F,1956,Marsha,7
WY,F,1956,Michelle,7
WY,F,1956,Norma,7
WY,F,1956,Shelly,7
WY,F,1956,Tracy,7
WY,F,1956,Amy,6
WY,F,1956,Andrea,6
WY,F,1956,Anna,6
WY,F,1956,Annette,6
WY,F,1956,Candace,6
WY,F,1956,Eva,6
WY,F,1956,Jackie,6
WY,F,1956,Jan,6
WY,F,1956,Jean,6
WY,F,1956,Jeanne,6
WY,F,1956,Jody,6
WY,F,1956,Karla,6
WY,F,1956,Kristi,6
WY,F,1956,Marie,6
WY,F,1956,Marlene,6
WY,F,1956,Martha,6
WY,F,1956,Monica,6
WY,F,1956,Patti,6
WY,F,1956,Pauline,6
WY,F,1956,Ruby,6
WY,F,1956,Shannon,6
WY,F,1956,Sue,6
WY,F,1956,Vicky,6
WY,F,1956,Alice,5
WY,F,1956,Billie,5
WY,F,1956,Carla,5
WY,F,1956,Carmen,5
WY,F,1956,Darla,5
WY,F,1956,Darlene,5
WY,F,1956,Emily,5
WY,F,1956,Esther,5
WY,F,1956,Jamie,5
WY,F,1956,Jenny,5
WY,F,1956,Jill,5
WY,F,1956,Kari,5
WY,F,1956,Loretta,5
WY,F,1956,Lorna,5
WY,F,1956,Lorraine,5
WY,F,1956,Maureen,5
WY,F,1956,Regina,5
WY,F,1956,Shelley,5
WY,F,1956,Sherri,5
WY,F,1956,Sherrie,5
WY,F,1956,Stephanie,5
WY,F,1956,Tamara,5
WY,F,1956,Teri,5
WY,F,1956,Toni,5
WY,F,1956,Veronica,5
WY,F,1957,Mary,107
WY,F,1957,Debra,103
WY,F,1957,Susan,88
WY,F,1957,Linda,73
WY,F,1957,Cynthia,69
WY,F,1957,Cindy,68
WY,F,1957,Patricia,59
WY,F,1957,Barbara,56
WY,F,1957,Karen,50
WY,F,1957,Deborah,48
WY,F,1957,Cheryl,44
WY,F,1957,Debbie,43
WY,F,1957,Nancy,38
WY,F,1957,Pamela,37
WY,F,1957,Donna,36
WY,F,1957,Carol,34
WY,F,1957,Rebecca,34
WY,F,1957,Sandra,34
WY,F,1957,Diane,31
WY,F,1957,Janet,31
WY,F,1957,Connie,30
WY,F,1957,Sharon,30
WY,F,1957,Lisa,29
WY,F,1957,Brenda,28
WY,F,1957,Kim,28
WY,F,1957,Lori,28
WY,F,1957,Teresa,28
WY,F,1957,Julie,26
WY,F,1957,Rhonda,26
WY,F,1957,Christine,25
WY,F,1957,Kathleen,25
WY,F,1957,Peggy,25
WY,F,1957,Elizabeth,23
WY,F,1957,Janice,22
WY,F,1957,Kathy,22
WY,F,1957,Margaret,22
WY,F,1957,Diana,20
WY,F,1957,Gail,20
WY,F,1957,Judy,20
WY,F,1957,Laura,20
WY,F,1957,Rita,20
WY,F,1957,Becky,18
WY,F,1957,Catherine,18
WY,F,1957,Kathryn,18
WY,F,1957,Theresa,18
WY,F,1957,Vicki,18
WY,F,1957,Bonnie,17
WY,F,1957,Charlene,16
WY,F,1957,Joyce,16
WY,F,1957,Terri,16
WY,F,1957,Vickie,16
WY,F,1957,Ann,15
WY,F,1957,Colleen,15
WY,F,1957,Denise,15
WY,F,1957,Jane,15
WY,F,1957,Kimberly,15
WY,F,1957,Valerie,15
WY,F,1957,Jean,14
WY,F,1957,Jill,14
WY,F,1957,Judith,14
WY,F,1957,Katherine,14
WY,F,1957,Laurie,14
WY,F,1957,Sherry,14
WY,F,1957,Tammy,14
WY,F,1957,Annette,13
WY,F,1957,Rose,13
WY,F,1957,Betty,12
WY,F,1957,Beverly,12
WY,F,1957,Carolyn,12
WY,F,1957,Dawn,12
WY,F,1957,Jackie,12
WY,F,1957,Roberta,12
WY,F,1957,Tina,12
WY,F,1957,Wanda,12
WY,F,1957,Wendy,12
WY,F,1957,Darlene,11
WY,F,1957,Dorothy,11
WY,F,1957,Glenda,11
WY,F,1957,Gloria,11
WY,F,1957,Jamie,11
WY,F,1957,Jan,11
WY,F,1957,Jeanne,11
WY,F,1957,Jennifer,11
WY,F,1957,Joan,11
WY,F,1957,Kelly,11
WY,F,1957,Lynn,11
WY,F,1957,Patti,11
WY,F,1957,Paula,11
WY,F,1957,Sheila,11
WY,F,1957,Tamara,11
WY,F,1957,Jo,10
WY,F,1957,Leslie,10
WY,F,1957,Marie,10
WY,F,1957,Marilyn,10
WY,F,1957,Robin,10
WY,F,1957,Virginia,10
WY,F,1957,Carla,9
WY,F,1957,Carrie,9
WY,F,1957,Christina,9
WY,F,1957,Frances,9
WY,F,1957,Geraldine,9
WY,F,1957,Joni,9
WY,F,1957,Lois,9
WY,F,1957,Martha,9
WY,F,1957,Phyllis,9
WY,F,1957,Ruth,9
WY,F,1957,Shelly,9
WY,F,1957,Sheri,9
WY,F,1957,Sheryl,9
WY,F,1957,Shirley,9
WY,F,1957,Toni,9
WY,F,1957,Alice,8
WY,F,1957,Anna,8
WY,F,1957,Constance,8
WY,F,1957,Ellen,8
WY,F,1957,Helen,8
WY,F,1957,Kay,8
WY,F,1957,Renee,8
WY,F,1957,Shannon,8
WY,F,1957,Terry,8
WY,F,1957,Victoria,8
WY,F,1957,Anne,7
WY,F,1957,Cathy,7
WY,F,1957,Debora,7
WY,F,1957,Elaine,7
WY,F,1957,Gayle,7
WY,F,1957,Georgia,7
WY,F,1957,Ginger,7
WY,F,1957,Jeanette,7
WY,F,1957,Lorraine,7
WY,F,1957,Marcia,7
WY,F,1957,Sherri,7
WY,F,1957,Teri,7
WY,F,1957,Anita,6
WY,F,1957,Beth,6
WY,F,1957,Crystal,6
WY,F,1957,Darla,6
WY,F,1957,Dianna,6
WY,F,1957,Edith,6
WY,F,1957,Eileen,6
WY,F,1957,Esther,6
WY,F,1957,Gina,6
WY,F,1957,Jacqueline,6
WY,F,1957,Jayne,6
WY,F,1957,Jeri,6
WY,F,1957,Jody,6
WY,F,1957,June,6
WY,F,1957,Lora,6
WY,F,1957,Melanie,6
WY,F,1957,Mona,6
WY,F,1957,Penny,6
WY,F,1957,Shelley,6
WY,F,1957,Sue,6
WY,F,1957,Suzanne,6
WY,F,1957,Tracy,6
WY,F,1957,Angela,5
WY,F,1957,Dana,5
WY,F,1957,Irene,5
WY,F,1957,Joy,5
WY,F,1957,Juanita,5
WY,F,1957,Julia,5
WY,F,1957,Kari,5
WY,F,1957,Kerry,5
WY,F,1957,Kristi,5
WY,F,1957,Lee,5
WY,F,1957,Marian,5
WY,F,1957,Marla,5
WY,F,1957,Marlene,5
WY,F,1957,Melissa,5
WY,F,1957,Myra,5
WY,F,1957,Patty,5
WY,F,1957,Rae,5
WY,F,1957,Ramona,5
WY,F,1957,Robyn,5
WY,F,1957,Sally,5
WY,F,1957,Sherrie,5
WY,F,1957,Sylvia,5
WY,F,1957,Trudy,5
WY,F,1958,Mary,93
WY,F,1958,Debra,86
WY,F,1958,Susan,85
WY,F,1958,Linda,72
WY,F,1958,Karen,62
WY,F,1958,Julie,58
WY,F,1958,Cynthia,50
WY,F,1958,Patricia,48
WY,F,1958,Barbara,46
WY,F,1958,Tammy,46
WY,F,1958,Carol,41
WY,F,1958,Cheryl,40
WY,F,1958,Debbie,40
WY,F,1958,Kathy,40
WY,F,1958,Sandra,39
WY,F,1958,Diane,38
WY,F,1958,Lori,37
WY,F,1958,Pamela,36
WY,F,1958,Deborah,34
WY,F,1958,Donna,34
WY,F,1958,Cindy,33
WY,F,1958,Janet,33
WY,F,1958,Nancy,33
WY,F,1958,Teresa,33
WY,F,1958,Peggy,30
WY,F,1958,Kathleen,28
WY,F,1958,Kim,28
WY,F,1958,Brenda,27
WY,F,1958,Elizabeth,26
WY,F,1958,Diana,25
WY,F,1958,Sharon,25
WY,F,1958,Kimberly,24
WY,F,1958,Laurie,24
WY,F,1958,Rebecca,24
WY,F,1958,Connie,22
WY,F,1958,Lisa,22
WY,F,1958,Laura,20
WY,F,1958,Terri,20
WY,F,1958,Christine,19
WY,F,1958,Kathryn,19
WY,F,1958,Denise,18
WY,F,1958,Judy,18
WY,F,1958,Rhonda,18
WY,F,1958,Valerie,18
WY,F,1958,Carolyn,17
WY,F,1958,Joyce,17
WY,F,1958,Margaret,17
WY,F,1958,Robin,17
WY,F,1958,Vicki,17
WY,F,1958,Ann,16
WY,F,1958,Katherine,16
WY,F,1958,Leslie,16
WY,F,1958,Theresa,16
WY,F,1958,Tina,16
WY,F,1958,Kelly,15
WY,F,1958,Paula,15
WY,F,1958,Amy,14
WY,F,1958,Becky,14
WY,F,1958,Beverly,14
WY,F,1958,Bonnie,14
WY,F,1958,Anita,13
WY,F,1958,Cathy,13
WY,F,1958,Janice,13
WY,F,1958,Judith,13
WY,F,1958,Rose,13
WY,F,1958,Sherry,13
WY,F,1958,Jean,12
WY,F,1958,Jo,12
WY,F,1958,Karla,12
WY,F,1958,Martha,12
WY,F,1958,Michelle,12
WY,F,1958,Anna,11
WY,F,1958,Catherine,11
WY,F,1958,Gail,11
WY,F,1958,Jill,11
WY,F,1958,Rita,11
WY,F,1958,Virginia,11
WY,F,1958,Colleen,10
WY,F,1958,Elaine,10
WY,F,1958,Jackie,10
WY,F,1958,Jane,10
WY,F,1958,Jeanne,10
WY,F,1958,Jody,10
WY,F,1958,Kristi,10
WY,F,1958,Ruth,10
WY,F,1958,Sherri,10
WY,F,1958,Shirley,10
WY,F,1958,Terry,10
WY,F,1958,Vickie,10
WY,F,1958,Victoria,10
WY,F,1958,Dawn,9
WY,F,1958,Julia,9
WY,F,1958,Lynn,9
WY,F,1958,Marlene,9
WY,F,1958,Sally,9
WY,F,1958,Tracy,9
WY,F,1958,Angela,8
WY,F,1958,Annette,8
WY,F,1958,Belinda,8
WY,F,1958,Darlene,8
WY,F,1958,Dixie,8
WY,F,1958,Eileen,8
WY,F,1958,Ellen,8
WY,F,1958,Gloria,8
WY,F,1958,Joan,8
WY,F,1958,Joni,8
WY,F,1958,Marilyn,8
WY,F,1958,Penny,8
WY,F,1958,Vicky,8
WY,F,1958,Alice,7
WY,F,1958,Andrea,7
WY,F,1958,Betty,7
WY,F,1958,Billie,7
WY,F,1958,Carmen,7
WY,F,1958,Carrie,7
WY,F,1958,Darla,7
WY,F,1958,Helen,7
WY,F,1958,Jana,7
WY,F,1958,Joann,7
WY,F,1958,Kay,7
WY,F,1958,Lee,7
WY,F,1958,Pam,7
WY,F,1958,Ronda,7
WY,F,1958,Sheila,7
WY,F,1958,Shelly,7
WY,F,1958,Tami,7
WY,F,1958,Teri,7
WY,F,1958,Toni,7
WY,F,1958,Beth,6
WY,F,1958,Carla,6
WY,F,1958,Charlene,6
WY,F,1958,Christina,6
WY,F,1958,Deanna,6
WY,F,1958,Delores,6
WY,F,1958,Gayle,6
WY,F,1958,Holly,6
WY,F,1958,Jan,6
WY,F,1958,Jeanette,6
WY,F,1958,Jeri,6
WY,F,1958,Lana,6
WY,F,1958,Lorrie,6
WY,F,1958,Marie,6
WY,F,1958,Melody,6
WY,F,1958,Patty,6
WY,F,1958,Sarah,6
WY,F,1958,Sheryl,6
WY,F,1958,Tamara,6
WY,F,1958,Tammie,6
WY,F,1958,Wendy,6
WY,F,1958,Anne,5
WY,F,1958,Cheri,5
WY,F,1958,Christie,5
WY,F,1958,Dana,5
WY,F,1958,Della,5
WY,F,1958,Dorothy,5
WY,F,1958,Frances,5
WY,F,1958,Georgia,5
WY,F,1958,Geraldine,5
WY,F,1958,Glenda,5
WY,F,1958,Gwen,5
WY,F,1958,Kerri,5
WY,F,1958,Lora,5
WY,F,1958,Lynda,5
WY,F,1958,Marsha,5
WY,F,1958,Renee,5
WY,F,1958,Roberta,5
WY,F,1958,Shannon,5
WY,F,1958,Shelley,5
WY,F,1958,Sue,5
WY,F,1958,Suzanne,5
WY,F,1958,Valarie,5
WY,F,1958,Viola,5
WY,F,1959,Susan,85
WY,F,1959,Mary,83
WY,F,1959,Linda,66
WY,F,1959,Debra,62
WY,F,1959,Tammy,56
WY,F,1959,Cindy,52
WY,F,1959,Cynthia,51
WY,F,1959,Karen,51
WY,F,1959,Barbara,50
WY,F,1959,Patricia,50
WY,F,1959,Debbie,46
WY,F,1959,Julie,45
WY,F,1959,Donna,42
WY,F,1959,Lisa,41
WY,F,1959,Sandra,38
WY,F,1959,Teresa,38
WY,F,1959,Deborah,36
WY,F,1959,Janet,36
WY,F,1959,Carol,35
WY,F,1959,Pamela,33
WY,F,1959,Brenda,32
WY,F,1959,Kathy,31
WY,F,1959,Kim,31
WY,F,1959,Cheryl,30
WY,F,1959,Kelly,30
WY,F,1959,Laura,29
WY,F,1959,Sharon,29
WY,F,1959,Nancy,26
WY,F,1959,Terri,26
WY,F,1959,Kathleen,25
WY,F,1959,Kimberly,25
WY,F,1959,Diana,24
WY,F,1959,Judy,24
WY,F,1959,Lori,24
WY,F,1959,Denise,23
WY,F,1959,Elizabeth,23
WY,F,1959,Katherine,23
WY,F,1959,Valerie,23
WY,F,1959,Diane,22
WY,F,1959,Peggy,22
WY,F,1959,Rebecca,21
WY,F,1959,Cathy,20
WY,F,1959,Connie,19
WY,F,1959,Christine,18
WY,F,1959,Laurie,18
WY,F,1959,Martha,18
WY,F,1959,Ann,17
WY,F,1959,Annette,17
WY,F,1959,Janice,17
WY,F,1959,Leslie,17
WY,F,1959,Roberta,17
WY,F,1959,Sherry,17
WY,F,1959,Tina,16
WY,F,1959,Bonnie,15
WY,F,1959,Kathryn,15
WY,F,1959,Robin,15
WY,F,1959,Tamara,14
WY,F,1959,Vicki,14
WY,F,1959,Anna,13
WY,F,1959,Carla,13
WY,F,1959,Colleen,13
WY,F,1959,Dawn,13
WY,F,1959,Jennifer,13
WY,F,1959,Joyce,13
WY,F,1959,Melanie,13
WY,F,1959,Rhonda,13
WY,F,1959,Sheila,13
WY,F,1959,Suzanne,13
WY,F,1959,Tami,13
WY,F,1959,Theresa,13
WY,F,1959,Catherine,12
WY,F,1959,Deanna,12
WY,F,1959,Michelle,12
WY,F,1959,Renee,12
WY,F,1959,Shelly,12
WY,F,1959,Shirley,12
WY,F,1959,Becky,11
WY,F,1959,Gloria,11
WY,F,1959,Margaret,11
WY,F,1959,Pam,11
WY,F,1959,Paula,11
WY,F,1959,Ruth,11
WY,F,1959,Sherri,11
WY,F,1959,Tracy,11
WY,F,1959,Carrie,10
WY,F,1959,Jamie,10
WY,F,1959,Jill,10
WY,F,1959,Sandy,10
WY,F,1959,Toni,10
WY,F,1959,Virginia,10
WY,F,1959,Amy,9
WY,F,1959,Beth,9
WY,F,1959,Vicky,9
WY,F,1959,Wendy,9
WY,F,1959,Anita,8
WY,F,1959,Anne,8
WY,F,1959,Gail,8
WY,F,1959,Gayle,8
WY,F,1959,Jackie,8
WY,F,1959,Jan,8
WY,F,1959,Jean,8
WY,F,1959,Joy,8
WY,F,1959,Lynn,8
WY,F,1959,Melody,8
WY,F,1959,Monica,8
WY,F,1959,Patti,8
WY,F,1959,Terry,8
WY,F,1959,Vickie,8
WY,F,1959,Wanda,8
WY,F,1959,Angela,7
WY,F,1959,Beverly,7
WY,F,1959,Candace,7
WY,F,1959,Darlene,7
WY,F,1959,Elaine,7
WY,F,1959,Evelyn,7
WY,F,1959,Jane,7
WY,F,1959,Joan,7
WY,F,1959,Joanne,7
WY,F,1959,Jody,7
WY,F,1959,Joni,7
WY,F,1959,Loretta,7
WY,F,1959,Lorraine,7
WY,F,1959,Ramona,7
WY,F,1959,Rita,7
WY,F,1959,Sara,7
WY,F,1959,Sarah,7
WY,F,1959,Shannon,7
WY,F,1959,Tamra,7
WY,F,1959,Teri,7
WY,F,1959,April,6
WY,F,1959,Betty,6
WY,F,1959,Candy,6
WY,F,1959,Carolyn,6
WY,F,1959,Dana,6
WY,F,1959,Darla,6
WY,F,1959,Dianna,6
WY,F,1959,Doris,6
WY,F,1959,Gina,6
WY,F,1959,Helen,6
WY,F,1959,Holly,6
WY,F,1959,Jacqueline,6
WY,F,1959,Joann,6
WY,F,1959,Juanita,6
WY,F,1959,Judith,6
WY,F,1959,Julia,6
WY,F,1959,Kari,6
WY,F,1959,Kelli,6
WY,F,1959,Kristine,6
WY,F,1959,Maria,6
WY,F,1959,Marlene,6
WY,F,1959,Melissa,6
WY,F,1959,Patty,6
WY,F,1959,Pauline,6
WY,F,1959,Phyllis,6
WY,F,1959,Rachel,6
WY,F,1959,Sally,6
WY,F,1959,Stephanie,6
WY,F,1959,Sue,6
WY,F,1959,Tara,6
WY,F,1959,Victoria,6
WY,F,1959,Charlene,5
WY,F,1959,Charlotte,5
WY,F,1959,Crystal,5
WY,F,1959,Debby,5
WY,F,1959,Delores,5
WY,F,1959,Gretchen,5
WY,F,1959,Heather,5
WY,F,1959,Jacque,5
WY,F,1959,Jeanette,5
WY,F,1959,Karla,5
WY,F,1959,Kay,5
WY,F,1959,Kelley,5
WY,F,1959,Kellie,5
WY,F,1959,Kerri,5
WY,F,1959,Lora,5
WY,F,1959,Marcia,5
WY,F,1959,Marie,5
WY,F,1959,Nanette,5
WY,F,1959,Ronda,5
WY,F,1959,Rose,5
WY,F,1959,Rosemary,5
WY,F,1959,Tammie,5
WY,F,1959,Yvonne,5
WY,F,1960,Mary,84
WY,F,1960,Brenda,67
WY,F,1960,Susan,66
WY,F,1960,Linda,57
WY,F,1960,Lori,57
WY,F,1960,Karen,55
WY,F,1960,Debra,52
WY,F,1960,Lisa,51
WY,F,1960,Tammy,46
WY,F,1960,Cindy,45
WY,F,1960,Julie,44
WY,F,1960,Debbie,43
WY,F,1960,Teresa,43
WY,F,1960,Patricia,42
WY,F,1960,Kelly,38
WY,F,1960,Deborah,37
WY,F,1960,Kim,37
WY,F,1960,Laurie,37
WY,F,1960,Nancy,37
WY,F,1960,Sandra,37
WY,F,1960,Barbara,36
WY,F,1960,Carol,36
WY,F,1960,Kathy,32
WY,F,1960,Kathleen,30
WY,F,1960,Cynthia,29
WY,F,1960,Terri,29
WY,F,1960,Denise,28
WY,F,1960,Janet,28
WY,F,1960,Laura,28
WY,F,1960,Elizabeth,27
WY,F,1960,Pamela,26
WY,F,1960,Donna,25
WY,F,1960,Connie,24
WY,F,1960,Kathryn,22
WY,F,1960,Kimberly,22
WY,F,1960,Tracy,22
WY,F,1960,Valerie,22
WY,F,1960,Judy,21
WY,F,1960,Rhonda,21
WY,F,1960,Robin,21
WY,F,1960,Cheryl,20
WY,F,1960,Margaret,20
WY,F,1960,Sherry,20
WY,F,1960,Theresa,20
WY,F,1960,Paula,19
WY,F,1960,Becky,18
WY,F,1960,Bonnie,18
WY,F,1960,Janice,18
WY,F,1960,Sharon,18
WY,F,1960,Vicki,18
WY,F,1960,Leslie,17
WY,F,1960,Michelle,17
WY,F,1960,Rebecca,17
WY,F,1960,Shelly,17
WY,F,1960,Victoria,17
WY,F,1960,Diana,16
WY,F,1960,Diane,16
WY,F,1960,Tina,16
WY,F,1960,Wendy,16
WY,F,1960,Betty,15
WY,F,1960,Carla,15
WY,F,1960,Catherine,15
WY,F,1960,Elaine,15
WY,F,1960,Jill,15
WY,F,1960,Stephanie,15
WY,F,1960,Annette,14
WY,F,1960,Jennifer,14
WY,F,1960,Peggy,14
WY,F,1960,Sherri,14
WY,F,1960,Cathy,13
WY,F,1960,Christine,13
WY,F,1960,Dawn,13
WY,F,1960,Katherine,13
WY,F,1960,Sally,13
WY,F,1960,Anita,12
WY,F,1960,Anne,12
WY,F,1960,Dana,12
WY,F,1960,Jeanne,12
WY,F,1960,Joan,12
WY,F,1960,Joyce,12
WY,F,1960,Melody,12
WY,F,1960,Penny,12
WY,F,1960,Sheila,12
WY,F,1960,Shelley,12
WY,F,1960,Terry,12
WY,F,1960,Beverly,11
WY,F,1960,Colleen,11
WY,F,1960,Jean,11
WY,F,1960,Joni,11
WY,F,1960,Pam,11
WY,F,1960,Sheri,11
WY,F,1960,Shirley,11
WY,F,1960,Ann,10
WY,F,1960,Carolyn,10
WY,F,1960,Carrie,10
WY,F,1960,Dorothy,10
WY,F,1960,Gina,10
WY,F,1960,Martha,10
WY,F,1960,Melanie,10
WY,F,1960,Ruth,10
WY,F,1960,Sarah,10
WY,F,1960,Tami,10
WY,F,1960,Amy,9
WY,F,1960,Angela,9
WY,F,1960,Christy,9
WY,F,1960,Gail,9
WY,F,1960,Helen,9
WY,F,1960,Jackie,9
WY,F,1960,Judith,9
WY,F,1960,Maureen,9
WY,F,1960,Renee,9
WY,F,1960,Virginia,9
WY,F,1960,Christina,8
WY,F,1960,Michele,8
WY,F,1960,Monica,8
WY,F,1960,Patty,8
WY,F,1960,Rita,8
WY,F,1960,Rose,8
WY,F,1960,Sandy,8
WY,F,1960,Shannon,8
WY,F,1960,Toni,8
WY,F,1960,Vickie,8
WY,F,1960,Wanda,8
WY,F,1960,Alice,7
WY,F,1960,Beth,7
WY,F,1960,Deanna,7
WY,F,1960,Glenda,7
WY,F,1960,Holly,7
WY,F,1960,Jane,7
WY,F,1960,Jeri,7
WY,F,1960,Jo,7
WY,F,1960,Jody,7
WY,F,1960,Julia,7
WY,F,1960,Lorrie,7
WY,F,1960,Lynette,7
WY,F,1960,Lynne,7
WY,F,1960,Sue,7
WY,F,1960,Tamara,7
WY,F,1960,Teri,7
WY,F,1960,Yvonne,7
WY,F,1960,Andrea,6
WY,F,1960,Anna,6
WY,F,1960,Charlene,6
WY,F,1960,Chris,6
WY,F,1960,Claudia,6
WY,F,1960,Darla,6
WY,F,1960,Doris,6
WY,F,1960,Heidi,6
WY,F,1960,Janelle,6
WY,F,1960,Jerri,6
WY,F,1960,Juanita,6
WY,F,1960,Lora,6
WY,F,1960,Maria,6
WY,F,1960,Marilyn,6
WY,F,1960,Marla,6
WY,F,1960,Roberta,6
WY,F,1960,Ronda,6
WY,F,1960,Roxanne,6
WY,F,1960,Sheryl,6
WY,F,1960,Suzanne,6
WY,F,1960,Tamera,6
WY,F,1960,Carmen,5
WY,F,1960,Cherie,5
WY,F,1960,Dianna,5
WY,F,1960,Dixie,5
WY,F,1960,Edith,5
WY,F,1960,Edna,5
WY,F,1960,Eileen,5
WY,F,1960,Gayle,5
WY,F,1960,Gloria,5
WY,F,1960,Jacqueline,5
WY,F,1960,Jamie,5
WY,F,1960,Jan,5
WY,F,1960,Jeanette,5
WY,F,1960,Joy,5
WY,F,1960,Karla,5
WY,F,1960,Kerry,5
WY,F,1960,Lauri,5
WY,F,1960,Lee,5
WY,F,1960,Loretta,5
WY,F,1960,Lynn,5
WY,F,1960,Marlene,5
WY,F,1960,Melinda,5
WY,F,1960,Melissa,5
WY,F,1960,Patti,5
WY,F,1961,Brenda,65
WY,F,1961,Lisa,64
WY,F,1961,Susan,61
WY,F,1961,Lori,60
WY,F,1961,Julie,59
WY,F,1961,Mary,59
WY,F,1961,Linda,51
WY,F,1961,Donna,49
WY,F,1961,Teresa,47
WY,F,1961,Cindy,46
WY,F,1961,Debbie,45
WY,F,1961,Patricia,45
WY,F,1961,Karen,42
WY,F,1961,Laura,40
WY,F,1961,Tammy,40
WY,F,1961,Debra,38
WY,F,1961,Elizabeth,38
WY,F,1961,Pamela,38
WY,F,1961,Barbara,37
WY,F,1961,Carol,36
WY,F,1961,Kelly,36
WY,F,1961,Sandra,36
WY,F,1961,Nancy,32
WY,F,1961,Deborah,31
WY,F,1961,Rebecca,31
WY,F,1961,Laurie,30
WY,F,1961,Connie,29
WY,F,1961,Janet,29
WY,F,1961,Michelle,29
WY,F,1961,Cynthia,28
WY,F,1961,Kathleen,27
WY,F,1961,Kathy,27
WY,F,1961,Tracy,27
WY,F,1961,Cheryl,26
WY,F,1961,Robin,26
WY,F,1961,Tina,23
WY,F,1961,Ann,22
WY,F,1961,Kim,21
WY,F,1961,Kimberly,21
WY,F,1961,Dawn,20
WY,F,1961,Jill,20
WY,F,1961,Rhonda,20
WY,F,1961,Sharon,20
WY,F,1961,Sherry,20
WY,F,1961,Terri,20
WY,F,1961,Christine,19
WY,F,1961,Jennifer,19
WY,F,1961,Judy,19
WY,F,1961,Vicki,19
WY,F,1961,Becky,18
WY,F,1961,Denise,17
WY,F,1961,Diane,17
WY,F,1961,Sheila,17
WY,F,1961,Diana,16
WY,F,1961,Leslie,16
WY,F,1961,Peggy,16
WY,F,1961,Shelley,16
WY,F,1961,Wendy,16
WY,F,1961,Carrie,15
WY,F,1961,Kathryn,15
WY,F,1961,Lynn,15
WY,F,1961,Margaret,15
WY,F,1961,Michele,15
WY,F,1961,Theresa,15
WY,F,1961,Cathy,14
WY,F,1961,Colleen,14
WY,F,1961,Penny,14
WY,F,1961,Carolyn,13
WY,F,1961,Marie,13
WY,F,1961,Paula,13
WY,F,1961,Shelly,13
WY,F,1961,Yvonne,12
WY,F,1961,Anita,11
WY,F,1961,Catherine,11
WY,F,1961,Jacqueline,11
WY,F,1961,Janice,11
WY,F,1961,Jean,11
WY,F,1961,Karla,11
WY,F,1961,Katherine,11
WY,F,1961,Sally,11
WY,F,1961,Terry,11
WY,F,1961,Anne,10
WY,F,1961,Carla,10
WY,F,1961,Lorraine,10
WY,F,1961,Martha,10
WY,F,1961,Roxanne,10
WY,F,1961,Shannon,10
WY,F,1961,Sheryl,10
WY,F,1961,Shirley,10
WY,F,1961,Stephanie,10
WY,F,1961,Suzanne,10
WY,F,1961,Toni,10
WY,F,1961,Valerie,10
WY,F,1961,Virginia,10
WY,F,1961,Angela,9
WY,F,1961,Beth,9
WY,F,1961,Charlene,9
WY,F,1961,Dana,9
WY,F,1961,Darla,9
WY,F,1961,Deanna,9
WY,F,1961,Frances,9
WY,F,1961,Gina,9
WY,F,1961,Gloria,9
WY,F,1961,Helen,9
WY,F,1961,Jeanne,9
WY,F,1961,Jodi,9
WY,F,1961,Judith,9
WY,F,1961,Maria,9
WY,F,1961,Melanie,9
WY,F,1961,Melody,9
WY,F,1961,Patty,9
WY,F,1961,Sherri,9
WY,F,1961,Teri,9
WY,F,1961,Amy,8
WY,F,1961,Betty,8
WY,F,1961,Beverly,8
WY,F,1961,Glenda,8
WY,F,1961,Joan,8
WY,F,1961,Jolene,8
WY,F,1961,Joyce,8
WY,F,1961,Marla,8
WY,F,1961,Natalie,8
WY,F,1961,Regina,8
WY,F,1961,Renee,8
WY,F,1961,April,7
WY,F,1961,Bonnie,7
WY,F,1961,Chris,7
WY,F,1961,Christina,7
WY,F,1961,Dorothy,7
WY,F,1961,Holly,7
WY,F,1961,Jane,7
WY,F,1961,Jody,7
WY,F,1961,Juanita,7
WY,F,1961,Kari,7
WY,F,1961,Kristy,7
WY,F,1961,Melinda,7
WY,F,1961,Melissa,7
WY,F,1961,Pam,7
WY,F,1961,Roberta,7
WY,F,1961,Ronda,7
WY,F,1961,Sandy,7
WY,F,1961,Sheri,7
WY,F,1961,Tamara,7
WY,F,1961,Vickie,7
WY,F,1961,Wanda,7
WY,F,1961,Alice,6
WY,F,1961,Andrea,6
WY,F,1961,Caroline,6
WY,F,1961,Charlotte,6
WY,F,1961,Darlene,6
WY,F,1961,Gail,6
WY,F,1961,Georgia,6
WY,F,1961,Jackie,6
WY,F,1961,Jamie,6
WY,F,1961,Jana,6
WY,F,1961,Joann,6
WY,F,1961,Joy,6
WY,F,1961,Kerry,6
WY,F,1961,Kristi,6
WY,F,1961,Liz,6
WY,F,1961,Lorie,6
WY,F,1961,Marilyn,6
WY,F,1961,Rita,6
WY,F,1961,Robyn,6
WY,F,1961,Sara,6
WY,F,1961,Shawn,6
WY,F,1961,Stacy,6
WY,F,1961,Sue,6
WY,F,1961,Tammie,6
WY,F,1961,Tanya,6
WY,F,1961,Veronica,6
WY,F,1961,Victoria,6
WY,F,1961,Annette,5
WY,F,1961,Billie,5
WY,F,1961,Carmen,5
WY,F,1961,Dee,5
WY,F,1961,Ellen,5
WY,F,1961,Felicia,5
WY,F,1961,Gayle,5
WY,F,1961,Jacque,5
WY,F,1961,Jennie,5
WY,F,1961,Jo,5
WY,F,1961,Julia,5
WY,F,1961,Kay,5
WY,F,1961,Lora,5
WY,F,1961,Lorrie,5
WY,F,1961,Marcia,5
WY,F,1961,Ruth,5
WY,F,1961,Sherrie,5
WY,F,1961,Sylvia,5
WY,F,1961,Tamra,5
WY,F,1962,Lisa,65
WY,F,1962,Lori,63
WY,F,1962,Brenda,59
WY,F,1962,Mary,52
WY,F,1962,Susan,52
WY,F,1962,Tammy,44
WY,F,1962,Debbie,42
WY,F,1962,Linda,42
WY,F,1962,Julie,41
WY,F,1962,Karen,39
WY,F,1962,Cindy,38
WY,F,1962,Pamela,38
WY,F,1962,Cynthia,36
WY,F,1962,Debra,36
WY,F,1962,Nancy,34
WY,F,1962,Teresa,34
WY,F,1962,Cheryl,33
WY,F,1962,Kimberly,32
WY,F,1962,Michelle,32
WY,F,1962,Patricia,32
WY,F,1962,Deborah,29
WY,F,1962,Elizabeth,29
WY,F,1962,Sandra,29
WY,F,1962,Kathy,28
WY,F,1962,Carol,27
WY,F,1962,Laura,26
WY,F,1962,Sharon,26
WY,F,1962,Barbara,25
WY,F,1962,Kelly,25
WY,F,1962,Tina,24
WY,F,1962,Diana,23
WY,F,1962,Laurie,23
WY,F,1962,Suzanne,23
WY,F,1962,Donna,22
WY,F,1962,Connie,21
WY,F,1962,Denise,21
WY,F,1962,Robin,21
WY,F,1962,Bonnie,20
WY,F,1962,Rebecca,20
WY,F,1962,Vicki,20
WY,F,1962,Wendy,20
WY,F,1962,Janet,19
WY,F,1962,Judy,19
WY,F,1962,Kim,19
WY,F,1962,Rhonda,19
WY,F,1962,Dawn,18
WY,F,1962,Diane,17
WY,F,1962,Stephanie,17
WY,F,1962,Terri,17
WY,F,1962,Tracy,17
WY,F,1962,Amy,16
WY,F,1962,Annette,16
WY,F,1962,Katherine,16
WY,F,1962,Leslie,16
WY,F,1962,Sheila,16
WY,F,1962,Becky,15
WY,F,1962,Peggy,15
WY,F,1962,Shelly,15
WY,F,1962,Christine,14
WY,F,1962,Jamie,14
WY,F,1962,Kathleen,14
WY,F,1962,Margaret,14
WY,F,1962,Shelley,14
WY,F,1962,Theresa,14
WY,F,1962,Carla,13
WY,F,1962,Dana,13
WY,F,1962,Jane,13
WY,F,1962,Jennifer,13
WY,F,1962,Rita,13
WY,F,1962,Vickie,13
WY,F,1962,Holly,12
WY,F,1962,Joan,12
WY,F,1962,Valerie,12
WY,F,1962,Carrie,11
WY,F,1962,Catherine,11
WY,F,1962,Darla,11
WY,F,1962,Jody,11
WY,F,1962,Melanie,11
WY,F,1962,Paula,11
WY,F,1962,Angela,10
WY,F,1962,Carolyn,10
WY,F,1962,Chris,10
WY,F,1962,Deanna,10
WY,F,1962,Gail,10
WY,F,1962,Jackie,10
WY,F,1962,Jacqueline,10
WY,F,1962,Janice,10
WY,F,1962,Jill,10
WY,F,1962,Marilyn,10
WY,F,1962,Sherri,10
WY,F,1962,Sherry,10
WY,F,1962,Ann,9
WY,F,1962,Beth,9
WY,F,1962,Charlene,9
WY,F,1962,Colleen,9
WY,F,1962,Gloria,9
WY,F,1962,Jean,9
WY,F,1962,Jo,9
WY,F,1962,Melody,9
WY,F,1962,Michele,9
WY,F,1962,Natalie,9
WY,F,1962,Penny,9
WY,F,1962,Sally,9
WY,F,1962,Shannon,9
WY,F,1962,Terry,9
WY,F,1962,Virginia,9
WY,F,1962,Andrea,8
WY,F,1962,Anita,8
WY,F,1962,Betty,8
WY,F,1962,Beverly,8
WY,F,1962,Cathy,8
WY,F,1962,Christina,8
WY,F,1962,Crystal,8
WY,F,1962,Dixie,8
WY,F,1962,Jana,8
WY,F,1962,Lynn,8
WY,F,1962,Martha,8
WY,F,1962,Melinda,8
WY,F,1962,Toni,8
WY,F,1962,Elaine,7
WY,F,1962,Jodi,7
WY,F,1962,Kay,7
WY,F,1962,Lora,7
WY,F,1962,Monica,7
WY,F,1962,Patty,7
WY,F,1962,Renee,7
WY,F,1962,Ronda,7
WY,F,1962,Sandy,7
WY,F,1962,Sheri,7
WY,F,1962,Anna,6
WY,F,1962,Gina,6
WY,F,1962,Heather,6
WY,F,1962,Heidi,6
WY,F,1962,Joyce,6
WY,F,1962,Kari,6
WY,F,1962,Kristi,6
WY,F,1962,Lois,6
WY,F,1962,Lorraine,6
WY,F,1962,Marcia,6
WY,F,1962,Maria,6
WY,F,1962,Marie,6
WY,F,1962,Phyllis,6
WY,F,1962,Shirley,6
WY,F,1962,Stacy,6
WY,F,1962,Tammie,6
WY,F,1962,Wanda,6
WY,F,1962,Yvonne,6
WY,F,1962,Anne,5
WY,F,1962,Candy,5
WY,F,1962,Christy,5
WY,F,1962,Deann,5
WY,F,1962,Evelyn,5
WY,F,1962,Jeanette,5
WY,F,1962,Joann,5
WY,F,1962,Juanita,5
WY,F,1962,Judith,5
WY,F,1962,Lee,5
WY,F,1962,Louise,5
WY,F,1962,Lynne,5
WY,F,1962,Melissa,5
WY,F,1962,Pam,5
WY,F,1962,Rose,5
WY,F,1962,Roxanne,5
WY,F,1962,Ruth,5
WY,F,1962,Sarah,5
WY,F,1962,Shari,5
WY,F,1962,Sonya,5
WY,F,1962,Stacey,5
WY,F,1962,Starla,5
WY,F,1962,Sue,5
WY,F,1962,Tamara,5
WY,F,1962,Traci,5
WY,F,1962,Victoria,5
WY,F,1963,Lisa,86
WY,F,1963,Mary,68
WY,F,1963,Brenda,64
WY,F,1963,Karen,53
WY,F,1963,Lori,52
WY,F,1963,Susan,50
WY,F,1963,Tammy,37
WY,F,1963,Debbie,36
WY,F,1963,Debra,36
WY,F,1963,Laurie,36
WY,F,1963,Julie,34
WY,F,1963,Kimberly,33
WY,F,1963,Laura,33
WY,F,1963,Patricia,32
WY,F,1963,Nancy,31
WY,F,1963,Tina,31
WY,F,1963,Michelle,30
WY,F,1963,Cindy,28
WY,F,1963,Kathy,28
WY,F,1963,Connie,27
WY,F,1963,Kelly,27
WY,F,1963,Pamela,27
WY,F,1963,Cheryl,25
WY,F,1963,Christine,25
WY,F,1963,Linda,25
WY,F,1963,Rebecca,25
WY,F,1963,Kim,24
WY,F,1963,Robin,24
WY,F,1963,Teresa,24
WY,F,1963,Terri,24
WY,F,1963,Margaret,23
WY,F,1963,Barbara,22
WY,F,1963,Deborah,22
WY,F,1963,Diana,22
WY,F,1963,Donna,22
WY,F,1963,Carol,21
WY,F,1963,Cynthia,21
WY,F,1963,Rhonda,21
WY,F,1963,Sheila,21
WY,F,1963,Angela,20
WY,F,1963,Elizabeth,19
WY,F,1963,Penny,19
WY,F,1963,Valerie,19
WY,F,1963,Bonnie,18
WY,F,1963,Denise,18
WY,F,1963,Janet,18
WY,F,1963,Paula,18
WY,F,1963,Sandra,17
WY,F,1963,Ann,16
WY,F,1963,Cathy,16
WY,F,1963,Jennifer,16
WY,F,1963,Suzanne,16
WY,F,1963,Annette,15
WY,F,1963,Carolyn,15
WY,F,1963,Kathleen,15
WY,F,1963,Wendy,15
WY,F,1963,Amy,14
WY,F,1963,Dawn,14
WY,F,1963,Diane,14
WY,F,1963,Judy,14
WY,F,1963,Melanie,14
WY,F,1963,Renee,14
WY,F,1963,Shannon,14
WY,F,1963,Sherry,14
WY,F,1963,Stephanie,14
WY,F,1963,Toni,14
WY,F,1963,Tracy,14
WY,F,1963,Becky,12
WY,F,1963,Betty,12
WY,F,1963,Carla,12
WY,F,1963,Kathryn,12
WY,F,1963,Leslie,12
WY,F,1963,Melissa,12
WY,F,1963,Melody,12
WY,F,1963,Ronda,12
WY,F,1963,Monica,11
WY,F,1963,Roberta,11
WY,F,1963,Shelly,11
WY,F,1963,Sherri,11
WY,F,1963,Virginia,11
WY,F,1963,Anita,10
WY,F,1963,Carrie,10
WY,F,1963,Colleen,10
WY,F,1963,Julia,10
WY,F,1963,Katherine,10
WY,F,1963,Lorraine,10
WY,F,1963,Rose,10
WY,F,1963,Sally,10
WY,F,1963,Shelley,10
WY,F,1963,Stacey,10
WY,F,1963,Tamara,10
WY,F,1963,Anne,9
WY,F,1963,Beth,9
WY,F,1963,Dana,9
WY,F,1963,Darla,9
WY,F,1963,Heidi,9
WY,F,1963,Jane,9
WY,F,1963,Jean,9
WY,F,1963,Lynn,9
WY,F,1963,Marie,9
WY,F,1963,Sharon,9
WY,F,1963,Gail,8
WY,F,1963,Jacqueline,8
WY,F,1963,Joan,8
WY,F,1963,Kari,8
WY,F,1963,Kristine,8
WY,F,1963,Michele,8
WY,F,1963,Peggy,8
WY,F,1963,Theresa,8
WY,F,1963,Alice,7
WY,F,1963,Catherine,7
WY,F,1963,Darlene,7
WY,F,1963,Jamie,7
WY,F,1963,Jill,7
WY,F,1963,Jo,7
WY,F,1963,Karla,7
WY,F,1963,Kerry,7
WY,F,1963,Kristy,7
WY,F,1963,Marilyn,7
WY,F,1963,Natalie,7
WY,F,1963,Sonja,7
WY,F,1963,Teri,7
WY,F,1963,Vicki,7
WY,F,1963,Wanda,7
WY,F,1963,Beverly,6
WY,F,1963,Christy,6
WY,F,1963,Deanna,6
WY,F,1963,Gina,6
WY,F,1963,Jackie,6
WY,F,1963,Janice,6
WY,F,1963,Jeanne,6
WY,F,1963,Joyce,6
WY,F,1963,Kristie,6
WY,F,1963,Lana,6
WY,F,1963,Marcia,6
WY,F,1963,Marian,6
WY,F,1963,Shawna,6
WY,F,1963,Sheri,6
WY,F,1963,Shirley,6
WY,F,1963,Tami,6
WY,F,1963,Tracey,6
WY,F,1963,Andrea,5
WY,F,1963,Belinda,5
WY,F,1963,Caroline,5
WY,F,1963,Charlene,5
WY,F,1963,Cheri,5
WY,F,1963,Christina,5
WY,F,1963,Dee,5
WY,F,1963,Dena,5
WY,F,1963,Edith,5
WY,F,1963,Eileen,5
WY,F,1963,Gayle,5
WY,F,1963,Gloria,5
WY,F,1963,Holly,5
WY,F,1963,Jana,5
WY,F,1963,Janie,5
WY,F,1963,Jenny,5
WY,F,1963,Jody,5
WY,F,1963,Juanita,5
WY,F,1963,Judith,5
WY,F,1963,June,5
WY,F,1963,Kara,5
WY,F,1963,Kristi,5
WY,F,1963,Kristin,5
WY,F,1963,Lorrie,5
WY,F,1963,Maria,5
WY,F,1963,Marsha,5
WY,F,1963,Martha,5
WY,F,1963,Patti,5
WY,F,1963,Sara,5
WY,F,1963,Sarah,5
WY,F,1963,Sylvia,5
WY,F,1963,Tammie,5
WY,F,1963,Terry,5
WY,F,1963,Veronica,5
WY,F,1964,Lisa,68
WY,F,1964,Mary,66
WY,F,1964,Tammy,51
WY,F,1964,Brenda,42
WY,F,1964,Laura,42
WY,F,1964,Susan,42
WY,F,1964,Karen,40
WY,F,1964,Julie,39
WY,F,1964,Lori,33
WY,F,1964,Linda,32
WY,F,1964,Debbie,31
WY,F,1964,Debra,31
WY,F,1964,Donna,31
WY,F,1964,Patricia,30
WY,F,1964,Robin,30
WY,F,1964,Teresa,28
WY,F,1964,Carol,26
WY,F,1964,Kimberly,26
WY,F,1964,Michelle,26
WY,F,1964,Cynthia,25
WY,F,1964,Laurie,24
WY,F,1964,Sandra,24
WY,F,1964,Tina,24
WY,F,1964,Elizabeth,23
WY,F,1964,Nancy,23
WY,F,1964,Rebecca,23
WY,F,1964,Barbara,22
WY,F,1964,Cindy,22
WY,F,1964,Denise,22
WY,F,1964,Becky,21
WY,F,1964,Kelly,21
WY,F,1964,Kim,21
WY,F,1964,Cheryl,20
WY,F,1964,Dawn,20
WY,F,1964,Holly,20
WY,F,1964,Kathy,20
WY,F,1964,Leslie,20
WY,F,1964,Terri,20
WY,F,1964,Connie,19
WY,F,1964,Deborah,19
WY,F,1964,Pamela,19
WY,F,1964,Paula,19
WY,F,1964,Jennifer,18
WY,F,1964,Jill,18
WY,F,1964,Rhonda,18
WY,F,1964,Valerie,18
WY,F,1964,Christine,17
WY,F,1964,Diane,16
WY,F,1964,Janet,16
WY,F,1964,Stephanie,16
WY,F,1964,Tracy,16
WY,F,1964,Beth,15
WY,F,1964,Diana,15
WY,F,1964,Amy,14
WY,F,1964,Dana,14
WY,F,1964,Michele,14
WY,F,1964,Shannon,14
WY,F,1964,Sheila,14
WY,F,1964,Shelly,14
WY,F,1964,Wendy,14
WY,F,1964,Angela,13
WY,F,1964,Ann,13
WY,F,1964,Annette,13
WY,F,1964,Christina,13
WY,F,1964,Jackie,13
WY,F,1964,Jody,13
WY,F,1964,Kathleen,13
WY,F,1964,Catherine,12
WY,F,1964,Katherine,12
WY,F,1964,Penny,12
WY,F,1964,Shelley,12
WY,F,1964,Carla,11
WY,F,1964,Crystal,11
WY,F,1964,Deanna,11
WY,F,1964,Gina,11
WY,F,1964,Judy,11
WY,F,1964,Sherry,11
WY,F,1964,Theresa,11
WY,F,1964,Vicki,11
WY,F,1964,Anita,10
WY,F,1964,Carolyn,10
WY,F,1964,Jamie,10
WY,F,1964,Jane,10
WY,F,1964,Kathryn,10
WY,F,1964,Kelli,10
WY,F,1964,Margaret,10
WY,F,1964,Renee,10
WY,F,1964,Anna,9
WY,F,1964,Bonnie,9
WY,F,1964,Cathy,9
WY,F,1964,Joni,9
WY,F,1964,Lynn,9
WY,F,1964,Melinda,9
WY,F,1964,Patti,9
WY,F,1964,Regina,9
WY,F,1964,Shawna,9
WY,F,1964,Sheryl,9
WY,F,1964,Suzanne,9
WY,F,1964,Tonya,9
WY,F,1964,Vickie,9
WY,F,1964,Colleen,8
WY,F,1964,Jacqueline,8
WY,F,1964,Jean,8
WY,F,1964,Jeanne,8
WY,F,1964,Joann,8
WY,F,1964,Julia,8
WY,F,1964,Kelley,8
WY,F,1964,Melanie,8
WY,F,1964,Stacy,8
WY,F,1964,Anne,7
WY,F,1964,Helen,7
WY,F,1964,Jodi,7
WY,F,1964,Joyce,7
WY,F,1964,Judith,7
WY,F,1964,Kristy,7
WY,F,1964,Marie,7
WY,F,1964,Martha,7
WY,F,1964,Melissa,7
WY,F,1964,Patty,7
WY,F,1964,Peggy,7
WY,F,1964,Roberta,7
WY,F,1964,Roxanne,7
WY,F,1964,Sandy,7
WY,F,1964,Sherri,7
WY,F,1964,Tamara,7
WY,F,1964,Tami,7
WY,F,1964,April,6
WY,F,1964,Audrey,6
WY,F,1964,Belinda,6
WY,F,1964,Beverly,6
WY,F,1964,Candace,6
WY,F,1964,Carrie,6
WY,F,1964,Cheri,6
WY,F,1964,Dorothy,6
WY,F,1964,Joan,6
WY,F,1964,Joy,6
WY,F,1964,Monica,6
WY,F,1964,Sally,6
WY,F,1964,Sharon,6
WY,F,1964,Shauna,6
WY,F,1964,Shawn,6
WY,F,1964,Sheri,6
WY,F,1964,Sylvia,6
WY,F,1964,Terry,6
WY,F,1964,Toni,6
WY,F,1964,Tracey,6
WY,F,1964,Veronica,6
WY,F,1964,Alicia,5
WY,F,1964,Bernadette,5
WY,F,1964,Charlotte,5
WY,F,1964,Darla,5
WY,F,1964,Elaine,5
WY,F,1964,Heather,5
WY,F,1964,Jana,5
WY,F,1964,Jeri,5
WY,F,1964,Jo,5
WY,F,1964,Kristina,5
WY,F,1964,Kristine,5
WY,F,1964,Lora,5
WY,F,1964,Lucinda,5
WY,F,1964,Lynda,5
WY,F,1964,Marcia,5
WY,F,1964,Melody,5
WY,F,1964,Paige,5
WY,F,1964,Pam,5
WY,F,1964,Sara,5
WY,F,1964,Shirley,5
WY,F,1964,Teri,5
WY,F,1964,Trisha,5
WY,F,1964,Yolanda,5
WY,F,1965,Lisa,87
WY,F,1965,Mary,47
WY,F,1965,Susan,45
WY,F,1965,Brenda,38
WY,F,1965,Karen,37
WY,F,1965,Kimberly,33
WY,F,1965,Wendy,33
WY,F,1965,Julie,32
WY,F,1965,Michelle,30
WY,F,1965,Tina,30
WY,F,1965,Kelly,29
WY,F,1965,Linda,29
WY,F,1965,Robin,29
WY,F,1965,Cindy,27
WY,F,1965,Patricia,27
WY,F,1965,Dawn,26
WY,F,1965,Carol,25
WY,F,1965,Cheryl,25
WY,F,1965,Elizabeth,25
WY,F,1965,Rebecca,25
WY,F,1965,Amy,24
WY,F,1965,Tammy,24
WY,F,1965,Christine,23
WY,F,1965,Connie,23
WY,F,1965,Jennifer,22
WY,F,1965,Pamela,22
WY,F,1965,Sandra,22
WY,F,1965,Tracy,22
WY,F,1965,Barbara,21
WY,F,1965,Deborah,21
WY,F,1965,Kathleen,21
WY,F,1965,Kim,21
WY,F,1965,Laurie,20
WY,F,1965,Lori,20
WY,F,1965,Rhonda,20
WY,F,1965,Michele,19
WY,F,1965,Angela,17
WY,F,1965,Laura,17
WY,F,1965,Paula,17
WY,F,1965,Sheila,17
WY,F,1965,Shelly,17
WY,F,1965,Debra,16
WY,F,1965,Stephanie,16
WY,F,1965,Teresa,16
WY,F,1965,Cynthia,15
WY,F,1965,Jill,15
WY,F,1965,Sharon,15
WY,F,1965,Debbie,14
WY,F,1965,Janet,14
WY,F,1965,Kathy,14
WY,F,1965,Shannon,14
WY,F,1965,Toni,14
WY,F,1965,Leslie,13
WY,F,1965,Suzanne,13
WY,F,1965,Denise,12
WY,F,1965,Katherine,12
WY,F,1965,Melissa,12
WY,F,1965,Valerie,12
WY,F,1965,Ann,11
WY,F,1965,Anna,11
WY,F,1965,Bonnie,11
WY,F,1965,Donna,11
WY,F,1965,Janice,11
WY,F,1965,Nancy,11
WY,F,1965,Ronda,11
WY,F,1965,Beth,10
WY,F,1965,Carla,10
WY,F,1965,Dana,10
WY,F,1965,Gina,10
WY,F,1965,Heather,10
WY,F,1965,Jamie,10
WY,F,1965,Sheri,10
WY,F,1965,Andrea,9
WY,F,1965,Becky,9
WY,F,1965,Charlene,9
WY,F,1965,Christina,9
WY,F,1965,Colleen,9
WY,F,1965,Jody,9
WY,F,1965,Monica,9
WY,F,1965,Shelley,9
WY,F,1965,Sherry,9
WY,F,1965,Stacey,9
WY,F,1965,Terri,9
WY,F,1965,Annette,8
WY,F,1965,Heidi,8
WY,F,1965,Helen,8
WY,F,1965,Kelli,8
WY,F,1965,Margaret,8
WY,F,1965,Maria,8
WY,F,1965,Misty,8
WY,F,1965,Ruth,8
WY,F,1965,Allison,7
WY,F,1965,Cathy,7
WY,F,1965,Diane,7
WY,F,1965,Joyce,7
WY,F,1965,Judy,7
WY,F,1965,Kathryn,7
WY,F,1965,Melanie,7
WY,F,1965,Peggy,7
WY,F,1965,Regina,7
WY,F,1965,Roberta,7
WY,F,1965,Rose,7
WY,F,1965,Sherri,7
WY,F,1965,Tamara,7
WY,F,1965,Theresa,7
WY,F,1965,Traci,7
WY,F,1965,Veronica,7
WY,F,1965,Vicki,7
WY,F,1965,Angie,6
WY,F,1965,Anne,6
WY,F,1965,April,6
WY,F,1965,Carmen,6
WY,F,1965,Crystal,6
WY,F,1965,Danielle,6
WY,F,1965,Jackie,6
WY,F,1965,Jacqueline,6
WY,F,1965,Jana,6
WY,F,1965,Jeanne,6
WY,F,1965,Joan,6
WY,F,1965,Kristine,6
WY,F,1965,Lynn,6
WY,F,1965,Patti,6
WY,F,1965,Sally,6
WY,F,1965,Shawna,6
WY,F,1965,Stacy,6
WY,F,1965,Teri,6
WY,F,1965,Victoria,6
WY,F,1965,Alice,5
WY,F,1965,Anita,5
WY,F,1965,Betty,5
WY,F,1965,Carolyn,5
WY,F,1965,Catherine,5
WY,F,1965,Diana,5
WY,F,1965,Eileen,5
WY,F,1965,Holly,5
WY,F,1965,Jane,5
WY,F,1965,Janell,5
WY,F,1965,Jessica,5
WY,F,1965,Karla,5
WY,F,1965,Kathi,5
WY,F,1965,Kendra,5
WY,F,1965,Kristen,5
WY,F,1965,Kristi,5
WY,F,1965,Lesley,5
WY,F,1965,Lydia,5
WY,F,1965,Natalie,5
WY,F,1965,Ramona,5
WY,F,1965,Roxanne,5
WY,F,1965,Samantha,5
WY,F,1965,Sandy,5
WY,F,1965,Tami,5
WY,F,1965,Tonya,5
WY,F,1965,Yvonne,5
WY,F,1966,Lisa,81
WY,F,1966,Mary,48
WY,F,1966,Michelle,47
WY,F,1966,Brenda,37
WY,F,1966,Julie,37
WY,F,1966,Lori,35
WY,F,1966,Kimberly,33
WY,F,1966,Linda,32
WY,F,1966,Cynthia,30
WY,F,1966,Karen,30
WY,F,1966,Dawn,26
WY,F,1966,Tammy,26
WY,F,1966,Kelly,23
WY,F,1966,Laura,23
WY,F,1966,Stephanie,23
WY,F,1966,Tracy,23
WY,F,1966,Donna,22
WY,F,1966,Cindy,21
WY,F,1966,Elizabeth,21
WY,F,1966,Sandra,21
WY,F,1966,Angela,20
WY,F,1966,Jennifer,20
WY,F,1966,Kim,20
WY,F,1966,Robin,20
WY,F,1966,Shannon,20
WY,F,1966,Deborah,19
WY,F,1966,Patricia,19
WY,F,1966,Rhonda,19
WY,F,1966,Susan,19
WY,F,1966,Tina,19
WY,F,1966,Amy,18
WY,F,1966,Pamela,18
WY,F,1966,Andrea,17
WY,F,1966,Wendy,17
WY,F,1966,Cheryl,16
WY,F,1966,Paula,16
WY,F,1966,Rebecca,16
WY,F,1966,Theresa,16
WY,F,1966,Barbara,15
WY,F,1966,Christine,15
WY,F,1966,Connie,15
WY,F,1966,Margaret,15
WY,F,1966,Melissa,15
WY,F,1966,Michele,15
WY,F,1966,Sharon,15
WY,F,1966,Terri,15
WY,F,1966,Ann,14
WY,F,1966,Debra,14
WY,F,1966,Teresa,14
WY,F,1966,Anna,13
WY,F,1966,Carrie,13
WY,F,1966,Diana,13
WY,F,1966,Nancy,13
WY,F,1966,Becky,12
WY,F,1966,Carol,12
WY,F,1966,Debbie,12
WY,F,1966,Jill,12
WY,F,1966,Kathleen,12
WY,F,1966,Kathy,12
WY,F,1966,Sherry,12
WY,F,1966,Dana,11
WY,F,1966,Deanna,11
WY,F,1966,Diane,11
WY,F,1966,Janet,11
WY,F,1966,Leslie,11
WY,F,1966,Shelly,11
WY,F,1966,Catherine,10
WY,F,1966,Jamie,10
WY,F,1966,Laurie,10
WY,F,1966,Natalie,10
WY,F,1966,Shelley,10
WY,F,1966,Tamara,10
WY,F,1966,Carolyn,9
WY,F,1966,Gina,9
WY,F,1966,Jodi,9
WY,F,1966,Shawna,9
WY,F,1966,Kathryn,8
WY,F,1966,Melody,8
WY,F,1966,Penny,8
WY,F,1966,Sarah,8
WY,F,1966,Sheila,8
WY,F,1966,Stacy,8
WY,F,1966,Valerie,8
WY,F,1966,Beth,7
WY,F,1966,Bonnie,7
WY,F,1966,Denise,7
WY,F,1966,Karla,7
WY,F,1966,Melanie,7
WY,F,1966,Peggy,7
WY,F,1966,Sheri,7
WY,F,1966,Sherri,7
WY,F,1966,Traci,7
WY,F,1966,Anne,6
WY,F,1966,Annette,6
WY,F,1966,Carla,6
WY,F,1966,Christina,6
WY,F,1966,Crystal,6
WY,F,1966,Darla,6
WY,F,1966,Jana,6
WY,F,1966,Jane,6
WY,F,1966,Jenny,6
WY,F,1966,Kristin,6
WY,F,1966,Kristy,6
WY,F,1966,Monica,6
WY,F,1966,Renee,6
WY,F,1966,Tara,6
WY,F,1966,Veronica,6
WY,F,1966,Anita,5
WY,F,1966,April,5
WY,F,1966,Coleen,5
WY,F,1966,Colleen,5
WY,F,1966,Darlene,5
WY,F,1966,Emily,5
WY,F,1966,Rachel,5
WY,F,1966,Rita,5
WY,F,1966,Roberta,5
WY,F,1966,Shirley,5
WY,F,1966,Stacey,5
WY,F,1966,Suzanne,5
WY,F,1966,Tami,5
WY,F,1966,Vicki,5
WY,F,1966,Victoria,5
WY,F,1966,Virginia,5
WY,F,1967,Lisa,75
WY,F,1967,Michelle,59
WY,F,1967,Mary,41
WY,F,1967,Kimberly,37
WY,F,1967,Susan,34
WY,F,1967,Amy,27
WY,F,1967,Kelly,27
WY,F,1967,Wendy,27
WY,F,1967,Brenda,26
WY,F,1967,Lori,26
WY,F,1967,Melissa,25
WY,F,1967,Tina,25
WY,F,1967,Cynthia,24
WY,F,1967,Dawn,23
WY,F,1967,Julie,23
WY,F,1967,Linda,23
WY,F,1967,Stephanie,22
WY,F,1967,Tammy,22
WY,F,1967,Laura,21
WY,F,1967,Angela,20
WY,F,1967,Christine,20
WY,F,1967,Jennifer,20
WY,F,1967,Leslie,20
WY,F,1967,Janet,18
WY,F,1967,Cindy,17
WY,F,1967,Deborah,17
WY,F,1967,Pamela,17
WY,F,1967,Debra,16
WY,F,1967,Karen,16
WY,F,1967,Teresa,16
WY,F,1967,Christina,15
WY,F,1967,Monica,15
WY,F,1967,Rebecca,15
WY,F,1967,Robin,15
WY,F,1967,Cheryl,14
WY,F,1967,Kathy,14
WY,F,1967,Kim,14
WY,F,1967,Andrea,13
WY,F,1967,Dana,13
WY,F,1967,Elizabeth,13
WY,F,1967,Heather,13
WY,F,1967,Laurie,13
WY,F,1967,Tracy,13
WY,F,1967,Barbara,12
WY,F,1967,Connie,12
WY,F,1967,Patricia,12
WY,F,1967,Shannon,12
WY,F,1967,Debbie,11
WY,F,1967,Michele,11
WY,F,1967,Paula,11
WY,F,1967,Sandra,11
WY,F,1967,Sheila,11
WY,F,1967,Diane,10
WY,F,1967,Donna,10
WY,F,1967,Holly,10
WY,F,1967,Anne,9
WY,F,1967,Denise,9
WY,F,1967,Gina,9
WY,F,1967,Jill,9
WY,F,1967,Jodi,9
WY,F,1967,Penny,9
WY,F,1967,Rhonda,9
WY,F,1967,Shelley,9
WY,F,1967,Bonnie,8
WY,F,1967,Carol,8
WY,F,1967,Ginger,8
WY,F,1967,Jody,8
WY,F,1967,Kathleen,8
WY,F,1967,Kathryn,8
WY,F,1967,Margaret,8
WY,F,1967,Misty,8
WY,F,1967,Renee,8
WY,F,1967,Sherry,8
WY,F,1967,Stacy,8
WY,F,1967,Tonya,8
WY,F,1967,Valerie,8
WY,F,1967,Anita,7
WY,F,1967,Anna,7
WY,F,1967,Darlene,7
WY,F,1967,Heidi,7
WY,F,1967,Katherine,7
WY,F,1967,Nancy,7
WY,F,1967,Roberta,7
WY,F,1967,Shawna,7
WY,F,1967,Sheryl,7
WY,F,1967,Tanya,7
WY,F,1967,Billie,6
WY,F,1967,Carolyn,6
WY,F,1967,Catherine,6
WY,F,1967,Darla,6
WY,F,1967,Debora,6
WY,F,1967,Jana,6
WY,F,1967,Jolene,6
WY,F,1967,Kari,6
WY,F,1967,Kellie,6
WY,F,1967,Kristina,6
WY,F,1967,Maria,6
WY,F,1967,Melinda,6
WY,F,1967,Rita,6
WY,F,1967,Rose,6
WY,F,1967,Shauna,6
WY,F,1967,Shawn,6
WY,F,1967,Sherri,6
WY,F,1967,Stacey,6
WY,F,1967,Suzanne,6
WY,F,1967,Tamra,6
WY,F,1967,Teri,6
WY,F,1967,Theresa,6
WY,F,1967,Tracey,6
WY,F,1967,Vicki,6
WY,F,1967,Ann,5
WY,F,1967,Annette,5
WY,F,1967,Carrie,5
WY,F,1967,Cathy,5
WY,F,1967,Colleen,5
WY,F,1967,Deanna,5
WY,F,1967,Elaine,5
WY,F,1967,Gail,5
WY,F,1967,Georgia,5
WY,F,1967,Jamie,5
WY,F,1967,Jean,5
WY,F,1967,Keri,5
WY,F,1967,Kristen,5
WY,F,1967,Kristin,5
WY,F,1967,Leah,5
WY,F,1967,Lynette,5
WY,F,1967,Marcella,5
WY,F,1967,Marsha,5
WY,F,1967,Ramona,5
WY,F,1967,Regina,5
WY,F,1967,Ronda,5
WY,F,1967,Sharon,5
WY,F,1967,Shelly,5
WY,F,1967,Tamara,5
WY,F,1967,Traci,5
WY,F,1967,Yvonne,5
WY,F,1968,Lisa,69
WY,F,1968,Michelle,66
WY,F,1968,Tammy,35
WY,F,1968,Jennifer,34
WY,F,1968,Julie,34
WY,F,1968,Wendy,33
WY,F,1968,Kimberly,30
WY,F,1968,Laura,30
WY,F,1968,Mary,28
WY,F,1968,Amy,27
WY,F,1968,Susan,27
WY,F,1968,Tracy,26
WY,F,1968,Tina,25
WY,F,1968,Brenda,24
WY,F,1968,Shannon,24
WY,F,1968,Angela,22
WY,F,1968,Carol,21
WY,F,1968,Lori,21
WY,F,1968,Stacey,21
WY,F,1968,Sandra,20
WY,F,1968,Christine,19
WY,F,1968,Pamela,18
WY,F,1968,Rebecca,18
WY,F,1968,Cynthia,17
WY,F,1968,Kelly,17
WY,F,1968,Melissa,17
WY,F,1968,Teresa,17
WY,F,1968,Karen,16
WY,F,1968,Stephanie,16
WY,F,1968,Dawn,15
WY,F,1968,Donna,15
WY,F,1968,Cindy,14
WY,F,1968,Heidi,14
WY,F,1968,Michele,14
WY,F,1968,Nancy,14
WY,F,1968,Leslie,13
WY,F,1968,Patricia,13
WY,F,1968,Paula,13
WY,F,1968,Rhonda,13
WY,F,1968,Dana,12
WY,F,1968,Debra,12
WY,F,1968,Kathleen,12
WY,F,1968,Sheila,12
WY,F,1968,Toni,12
WY,F,1968,Andrea,11
WY,F,1968,Denise,11
WY,F,1968,Diana,11
WY,F,1968,Leah,11
WY,F,1968,Robin,11
WY,F,1968,Stacy,11
WY,F,1968,Connie,10
WY,F,1968,Elizabeth,10
WY,F,1968,Laurie,10
WY,F,1968,Linda,10
WY,F,1968,Melanie,10
WY,F,1968,Penny,10
WY,F,1968,Renee,10
WY,F,1968,Suzanne,10
WY,F,1968,Tamara,10
WY,F,1968,Theresa,10
WY,F,1968,Annette,9
WY,F,1968,Carrie,9
WY,F,1968,Christina,9
WY,F,1968,Diane,9
WY,F,1968,Gina,9
WY,F,1968,Janet,9
WY,F,1968,Jill,9
WY,F,1968,Jodi,9
WY,F,1968,Katherine,9
WY,F,1968,Kathy,9
WY,F,1968,Shawna,9
WY,F,1968,Sherry,9
WY,F,1968,Tonya,9
WY,F,1968,Becky,8
WY,F,1968,Holly,8
WY,F,1968,Jacqueline,8
WY,F,1968,Jamie,8
WY,F,1968,Judith,8
WY,F,1968,Karla,8
WY,F,1968,Misty,8
WY,F,1968,Sharon,8
WY,F,1968,Ann,7
WY,F,1968,Anna,7
WY,F,1968,April,7
WY,F,1968,Barbara,7
WY,F,1968,Beth,7
WY,F,1968,Bonnie,7
WY,F,1968,Catherine,7
WY,F,1968,Cathy,7
WY,F,1968,Cheryl,7
WY,F,1968,Christy,7
WY,F,1968,Crystal,7
WY,F,1968,Deanna,7
WY,F,1968,Deborah,7
WY,F,1968,Judy,7
WY,F,1968,Julia,7
WY,F,1968,Kathryn,7
WY,F,1968,Monica,7
WY,F,1968,Roberta,7
WY,F,1968,Robyn,7
WY,F,1968,Sarah,7
WY,F,1968,Sheryl,7
WY,F,1968,Tami,7
WY,F,1968,Tiffany,7
WY,F,1968,Valerie,7
WY,F,1968,Carla,6
WY,F,1968,Charlotte,6
WY,F,1968,Heather,6
WY,F,1968,Jackie,6
WY,F,1968,Janine,6
WY,F,1968,Kari,6
WY,F,1968,Kelli,6
WY,F,1968,Keri,6
WY,F,1968,Kristen,6
WY,F,1968,Kristin,6
WY,F,1968,Kristina,6
WY,F,1968,Ruth,6
WY,F,1968,Samantha,6
WY,F,1968,Shelly,6
WY,F,1968,Shirley,6
WY,F,1968,Terri,6
WY,F,1968,Amanda,5
WY,F,1968,Amber,5
WY,F,1968,Anita,5
WY,F,1968,Billie,5
WY,F,1968,Carolyn,5
WY,F,1968,Colleen,5
WY,F,1968,Gail,5
WY,F,1968,Jeanette,5
WY,F,1968,Jody,5
WY,F,1968,Kristi,5
WY,F,1968,Margaret,5
WY,F,1968,Marianne,5
WY,F,1968,Ronda,5
WY,F,1968,Shauna,5
WY,F,1968,Shelley,5
WY,F,1968,Veronica,5
WY,F,1969,Michelle,62
WY,F,1969,Lisa,51
WY,F,1969,Kimberly,45
WY,F,1969,Melissa,37
WY,F,1969,Jennifer,33
WY,F,1969,Amy,29
WY,F,1969,Julie,29
WY,F,1969,Mary,28
WY,F,1969,Christine,26
WY,F,1969,Stephanie,26
WY,F,1969,Angela,25
WY,F,1969,Susan,25
WY,F,1969,Tracy,24
WY,F,1969,Brenda,23
WY,F,1969,Kelly,23
WY,F,1969,Laura,22
WY,F,1969,Lori,22
WY,F,1969,Tammy,22
WY,F,1969,Wendy,22
WY,F,1969,Tina,20
WY,F,1969,Elizabeth,19
WY,F,1969,Heather,19
WY,F,1969,Sandra,19
WY,F,1969,Stacy,19
WY,F,1969,Cynthia,18
WY,F,1969,Dawn,18
WY,F,1969,Karen,18
WY,F,1969,Shannon,18
WY,F,1969,Denise,17
WY,F,1969,Barbara,16
WY,F,1969,Linda,16
WY,F,1969,Deborah,15
WY,F,1969,Rhonda,15
WY,F,1969,Kim,14
WY,F,1969,Leslie,14
WY,F,1969,Pamela,14
WY,F,1969,Paula,14
WY,F,1969,Rebecca,14
WY,F,1969,Shelly,14
WY,F,1969,Teresa,14
WY,F,1969,Valerie,14
WY,F,1969,Christina,13
WY,F,1969,Monica,13
WY,F,1969,Annette,12
WY,F,1969,Carrie,12
WY,F,1969,Donna,12
WY,F,1969,Kathleen,12
WY,F,1969,Sheila,12
WY,F,1969,Andrea,11
WY,F,1969,Bonnie,11
WY,F,1969,Kelli,11
WY,F,1969,Tricia,11
WY,F,1969,Cheryl,10
WY,F,1969,Gina,10
WY,F,1969,Jill,10
WY,F,1969,Patricia,10
WY,F,1969,Renee,10
WY,F,1969,Robin,10
WY,F,1969,Theresa,10
WY,F,1969,Tonya,10
WY,F,1969,Tracey,10
WY,F,1969,Traci,10
WY,F,1969,Anna,9
WY,F,1969,April,9
WY,F,1969,Catherine,9
WY,F,1969,Dana,9
WY,F,1969,Debra,9
WY,F,1969,Jamie,9
WY,F,1969,Kristin,9
WY,F,1969,Kristine,9
WY,F,1969,Stacey,9
WY,F,1969,Tamara,9
WY,F,1969,Tanya,9
WY,F,1969,Ann,8
WY,F,1969,Christy,8
WY,F,1969,Cindy,8
WY,F,1969,Heidi,8
WY,F,1969,Holly,8
WY,F,1969,Jacqueline,8
WY,F,1969,Katherine,8
WY,F,1969,Kathryn,8
WY,F,1969,Kathy,8
WY,F,1969,Laurie,8
WY,F,1969,Michele,8
WY,F,1969,Sonja,8
WY,F,1969,Victoria,8
WY,F,1969,Carol,7
WY,F,1969,Connie,7
WY,F,1969,Erin,7
WY,F,1969,Janet,7
WY,F,1969,Margaret,7
WY,F,1969,Marie,7
WY,F,1969,Natalie,7
WY,F,1969,Nicole,7
WY,F,1969,Robyn,7
WY,F,1969,Sarah,7
WY,F,1969,Sherry,7
WY,F,1969,Wanda,7
WY,F,1969,Anita,6
WY,F,1969,Becky,6
WY,F,1969,Beth,6
WY,F,1969,Crystal,6
WY,F,1969,Diana,6
WY,F,1969,Janice,6
WY,F,1969,Jodi,6
WY,F,1969,Kristi,6
WY,F,1969,Maria,6
WY,F,1969,Nancy,6
WY,F,1969,Roberta,6
WY,F,1969,Rochelle,6
WY,F,1969,Shawna,6
WY,F,1969,Terri,6
WY,F,1969,Anne,5
WY,F,1969,Carla,5
WY,F,1969,Cathy,5
WY,F,1969,Cheri,5
WY,F,1969,Colleen,5
WY,F,1969,Debbie,5
WY,F,1969,Diane,5
WY,F,1969,Jody,5
WY,F,1969,Kari,5
WY,F,1969,Kellie,5
WY,F,1969,Kristen,5
WY,F,1969,Kristina,5
WY,F,1969,Lara,5
WY,F,1969,Lynn,5
WY,F,1969,Melinda,5
WY,F,1969,Misty,5
WY,F,1969,Peggy,5
WY,F,1969,Raquel,5
WY,F,1969,Samantha,5
WY,F,1969,Shelley,5
WY,F,1969,Sheri,5
WY,F,1969,Sonia,5
WY,F,1969,Staci,5
WY,F,1969,Tami,5
WY,F,1969,Tammie,5
WY,F,1969,Toni,5
WY,F,1969,Trina,5
WY,F,1969,Yvette,5
WY,F,1970,Kimberly,56
WY,F,1970,Amy,55
WY,F,1970,Michelle,55
WY,F,1970,Lisa,47
WY,F,1970,Jennifer,44
WY,F,1970,Heather,37
WY,F,1970,Tracy,36
WY,F,1970,Laura,33
WY,F,1970,Tina,33
WY,F,1970,Stephanie,32
WY,F,1970,Angela,31
WY,F,1970,Mary,31
WY,F,1970,Julie,29
WY,F,1970,Karen,28
WY,F,1970,Susan,25
WY,F,1970,Tammy,25
WY,F,1970,Wendy,25
WY,F,1970,Rebecca,23
WY,F,1970,Brenda,22
WY,F,1970,Lori,22
WY,F,1970,Dawn,21
WY,F,1970,Patricia,21
WY,F,1970,Shannon,21
WY,F,1970,Shawna,20
WY,F,1970,Christine,19
WY,F,1970,Kelly,19
WY,F,1970,Melissa,19
WY,F,1970,Michele,17
WY,F,1970,Stacey,17
WY,F,1970,Cynthia,16
WY,F,1970,Nicole,16
WY,F,1970,Stacy,16
WY,F,1970,Christina,15
WY,F,1970,Debra,15
WY,F,1970,Elizabeth,15
WY,F,1970,Shelly,15
WY,F,1970,Teresa,15
WY,F,1970,Donna,14
WY,F,1970,Jamie,14
WY,F,1970,Pamela,14
WY,F,1970,Andrea,13
WY,F,1970,Carol,13
WY,F,1970,Sheila,13
WY,F,1970,Deborah,12
WY,F,1970,Gina,12
WY,F,1970,Heidi,12
WY,F,1970,Holly,12
WY,F,1970,Monica,12
WY,F,1970,Robin,12
WY,F,1970,Terri,12
WY,F,1970,Traci,12
WY,F,1970,Barbara,11
WY,F,1970,Becky,11
WY,F,1970,Christy,11
WY,F,1970,Cindy,11
WY,F,1970,Denise,11
WY,F,1970,Jacqueline,11
WY,F,1970,Rhonda,11
WY,F,1970,Bonnie,10
WY,F,1970,Carrie,10
WY,F,1970,Erin,10
WY,F,1970,Janet,10
WY,F,1970,Kerri,10
WY,F,1970,Kristi,10
WY,F,1970,Kristin,10
WY,F,1970,Leslie,10
WY,F,1970,Melanie,10
WY,F,1970,Sandra,10
WY,F,1970,Sarah,10
WY,F,1970,Tamara,10
WY,F,1970,Tara,10
WY,F,1970,Tiffany,10
WY,F,1970,Tonya,10
WY,F,1970,Jill,9
WY,F,1970,Jodi,9
WY,F,1970,Jody,9
WY,F,1970,Kari,9
WY,F,1970,Katherine,9
WY,F,1970,Kathryn,9
WY,F,1970,Kristie,9
WY,F,1970,Melody,9
WY,F,1970,Rachel,9
WY,F,1970,Sherry,9
WY,F,1970,Toni,9
WY,F,1970,Valerie,9
WY,F,1970,Ann,8
WY,F,1970,Cheryl,8
WY,F,1970,Colleen,8
WY,F,1970,Connie,8
WY,F,1970,Kathy,8
WY,F,1970,Kristen,8
WY,F,1970,Linda,8
WY,F,1970,Natalie,8
WY,F,1970,Renee,8
WY,F,1970,Shelley,8
WY,F,1970,Tami,8
WY,F,1970,Tammie,8
WY,F,1970,Tanya,8
WY,F,1970,Victoria,8
WY,F,1970,Amanda,7
WY,F,1970,Anita,7
WY,F,1970,Anne,7
WY,F,1970,Brandy,7
WY,F,1970,Bridget,7
WY,F,1970,Dana,7
WY,F,1970,Diana,7
WY,F,1970,Krista,7
WY,F,1970,Nancy,7
WY,F,1970,Staci,7
WY,F,1970,Theresa,7
WY,F,1970,Trina,7
WY,F,1970,Angie,6
WY,F,1970,Annette,6
WY,F,1970,April,6
WY,F,1970,Billie,6
WY,F,1970,Brandi,6
WY,F,1970,Darla,6
WY,F,1970,Deanna,6
WY,F,1970,Dena,6
WY,F,1970,Diane,6
WY,F,1970,Kathleen,6
WY,F,1970,Katrina,6
WY,F,1970,Keri,6
WY,F,1970,Kim,6
WY,F,1970,Laurie,6
WY,F,1970,Leah,6
WY,F,1970,Melinda,6
WY,F,1970,Paula,6
WY,F,1970,Roberta,6
WY,F,1970,Sheri,6
WY,F,1970,Stacie,6
WY,F,1970,Tricia,6
WY,F,1970,Yvonne,6
WY,F,1970,Allison,5
WY,F,1970,Amber,5
WY,F,1970,Bobbi,5
WY,F,1970,Carolyn,5
WY,F,1970,Dorothy,5
WY,F,1970,Jackie,5
WY,F,1970,Jana,5
WY,F,1970,Jeanne,5
WY,F,1970,Jodie,5
WY,F,1970,Kristine,5
WY,F,1970,Kristy,5
WY,F,1970,Marcy,5
WY,F,1970,Maria,5
WY,F,1970,Marie,5
WY,F,1970,Regina,5
WY,F,1970,Robyn,5
WY,F,1970,Samantha,5
WY,F,1970,Sandy,5
WY,F,1970,Sara,5
WY,F,1970,Shauna,5
WY,F,1970,Sherri,5
WY,F,1970,Tonia,5
WY,F,1970,Tracey,5
WY,F,1970,Tracie,5
WY,F,1970,Vanessa,5
WY,F,1970,Vicki,5
WY,F,1971,Jennifer,78
WY,F,1971,Michelle,63
WY,F,1971,Amy,44
WY,F,1971,Kimberly,40
WY,F,1971,Stephanie,36
WY,F,1971,Lisa,35
WY,F,1971,Tina,33
WY,F,1971,Dawn,32
WY,F,1971,Heather,32
WY,F,1971,Angela,30
WY,F,1971,Julie,30
WY,F,1971,Melissa,30
WY,F,1971,Shannon,29
WY,F,1971,Teresa,28
WY,F,1971,Christine,27
WY,F,1971,Mary,25
WY,F,1971,Tammy,23
WY,F,1971,Brenda,22
WY,F,1971,Carrie,22
WY,F,1971,Jamie,22
WY,F,1971,Stacy,22
WY,F,1971,Laura,21
WY,F,1971,Lori,20
WY,F,1971,Rebecca,20
WY,F,1971,Cynthia,19
WY,F,1971,Kelly,19
WY,F,1971,Nicole,19
WY,F,1971,Christina,18
WY,F,1971,Wendy,17
WY,F,1971,Tonya,16
WY,F,1971,Tracy,16
WY,F,1971,Becky,15
WY,F,1971,Patricia,15
WY,F,1971,Sheila,15
WY,F,1971,Heidi,14
WY,F,1971,Misty,14
WY,F,1971,Sandra,14
WY,F,1971,Susan,14
WY,F,1971,Traci,14
WY,F,1971,Elizabeth,13
WY,F,1971,Kristi,13
WY,F,1971,Monica,13
WY,F,1971,Tanya,13
WY,F,1971,Jodi,12
WY,F,1971,Melanie,12
WY,F,1971,Renee,12
WY,F,1971,Robin,12
WY,F,1971,Tamara,12
WY,F,1971,Andrea,11
WY,F,1971,Debra,11
WY,F,1971,Denise,11
WY,F,1971,Holly,11
WY,F,1971,Karen,11
WY,F,1971,Linda,11
WY,F,1971,Michele,11
WY,F,1971,Pamela,11
WY,F,1971,Stacey,11
WY,F,1971,Gina,10
WY,F,1971,Tara,10
WY,F,1971,Tiffany,10
WY,F,1971,Toni,10
WY,F,1971,Barbara,9
WY,F,1971,Jody,9
WY,F,1971,Paula,9
WY,F,1971,Sarah,9
WY,F,1971,Tracey,9
WY,F,1971,Veronica,9
WY,F,1971,April,8
WY,F,1971,Bobbie,8
WY,F,1971,Bonnie,8
WY,F,1971,Cheryl,8
WY,F,1971,Cindy,8
WY,F,1971,Jackie,8
WY,F,1971,Jacqueline,8
WY,F,1971,Jana,8
WY,F,1971,Jill,8
WY,F,1971,Katherine,8
WY,F,1971,Kathy,8
WY,F,1971,Kristin,8
WY,F,1971,Kristina,8
WY,F,1971,Leslie,8
WY,F,1971,Rachel,8
WY,F,1971,Samantha,8
WY,F,1971,Sherri,8
WY,F,1971,Terri,8
WY,F,1971,Annette,7
WY,F,1971,Christy,7
WY,F,1971,Deanna,7
WY,F,1971,Erin,7
WY,F,1971,Kathleen,7
WY,F,1971,Kristy,7
WY,F,1971,Laurie,7
WY,F,1971,Margaret,7
WY,F,1971,Maria,7
WY,F,1971,Nancy,7
WY,F,1971,Sharon,7
WY,F,1971,Shelly,7
WY,F,1971,Amanda,6
WY,F,1971,Ann,6
WY,F,1971,Brandi,6
WY,F,1971,Catherine,6
WY,F,1971,Crystal,6
WY,F,1971,Dana,6
WY,F,1971,Donna,6
WY,F,1971,Julia,6
WY,F,1971,Kari,6
WY,F,1971,Kathryn,6
WY,F,1971,Keri,6
WY,F,1971,Kristine,6
WY,F,1971,Marcy,6
WY,F,1971,Melinda,6
WY,F,1971,Sherry,6
WY,F,1971,Stacie,6
WY,F,1971,Theresa,6
WY,F,1971,Tia,6
WY,F,1971,Anna,5
WY,F,1971,Billie,5
WY,F,1971,Bobbi,5
WY,F,1971,Charlene,5
WY,F,1971,Deborah,5
WY,F,1971,Erica,5
WY,F,1971,Janet,5
WY,F,1971,Kara,5
WY,F,1971,Kelli,5
WY,F,1971,Lara,5
WY,F,1971,Shauna,5
WY,F,1971,Shawna,5
WY,F,1971,Suzanne,5
WY,F,1971,Tami,5
WY,F,1971,Tana,5
WY,F,1971,Trina,5
WY,F,1971,Trisha,5
WY,F,1971,Vicki,5
WY,F,1971,Yvette,5
WY,F,1972,Jennifer,99
WY,F,1972,Stephanie,54
WY,F,1972,Michelle,51
WY,F,1972,Amy,50
WY,F,1972,Heather,48
WY,F,1972,Kimberly,47
WY,F,1972,Lisa,41
WY,F,1972,Angela,33
WY,F,1972,Rebecca,32
WY,F,1972,Shannon,29
WY,F,1972,Nicole,27
WY,F,1972,Tina,26
WY,F,1972,Christina,25
WY,F,1972,Dawn,24
WY,F,1972,Wendy,24
WY,F,1972,Lori,23
WY,F,1972,Melissa,23
WY,F,1972,Stacey,23
WY,F,1972,Tara,23
WY,F,1972,Julie,22
WY,F,1972,Susan,22
WY,F,1972,Elizabeth,21
WY,F,1972,Stacy,20
WY,F,1972,Tammy,20
WY,F,1972,Mary,19
WY,F,1972,Tonya,18
WY,F,1972,Tracy,18
WY,F,1972,Andrea,17
WY,F,1972,Denise,16
WY,F,1972,Christine,15
WY,F,1972,Heidi,15
WY,F,1972,Kelly,15
WY,F,1972,April,14
WY,F,1972,Deborah,14
WY,F,1972,Laura,14
WY,F,1972,Misty,13
WY,F,1972,Patricia,13
WY,F,1972,Shawna,13
WY,F,1972,Tamara,13
WY,F,1972,Brenda,12
WY,F,1972,Carrie,12
WY,F,1972,Jill,12
WY,F,1972,Jody,12
WY,F,1972,Karen,12
WY,F,1972,Tanya,12
WY,F,1972,Katherine,11
WY,F,1972,Melanie,11
WY,F,1972,Amanda,10
WY,F,1972,Barbara,10
WY,F,1972,Catherine,10
WY,F,1972,Holly,10
WY,F,1972,Jamie,10
WY,F,1972,Linda,10
WY,F,1972,Michele,10
WY,F,1972,Renee,10
WY,F,1972,Sara,10
WY,F,1972,Tiffany,10
WY,F,1972,Laurie,9
WY,F,1972,Pamela,9
WY,F,1972,Sarah,9
WY,F,1972,Teresa,9
WY,F,1972,Toni,9
WY,F,1972,Traci,9
WY,F,1972,Aimee,8
WY,F,1972,Amber,8
WY,F,1972,Ann,8
WY,F,1972,Anna,8
WY,F,1972,Becky,8
WY,F,1972,Brandi,8
WY,F,1972,Cindy,8
WY,F,1972,Dana,8
WY,F,1972,Jacqueline,8
WY,F,1972,Kristine,8
WY,F,1972,Monica,8
WY,F,1972,Rhonda,8
WY,F,1972,Robin,8
WY,F,1972,Sandra,8
WY,F,1972,Tracie,8
WY,F,1972,Angel,7
WY,F,1972,Annette,7
WY,F,1972,Crystal,7
WY,F,1972,Debra,7
WY,F,1972,Erin,7
WY,F,1972,Gretchen,7
WY,F,1972,Jenny,7
WY,F,1972,Kristi,7
WY,F,1972,Kristina,7
WY,F,1972,Kristy,7
WY,F,1972,Nancy,7
WY,F,1972,Rachel,7
WY,F,1972,Shauna,7
WY,F,1972,Bethany,6
WY,F,1972,Billie,6
WY,F,1972,Connie,6
WY,F,1972,Diane,6
WY,F,1972,Jami,6
WY,F,1972,Janelle,6
WY,F,1972,Jessica,6
WY,F,1972,Jodi,6
WY,F,1972,Kathleen,6
WY,F,1972,Kellie,6
WY,F,1972,Krista,6
WY,F,1972,Kristin,6
WY,F,1972,Leslie,6
WY,F,1972,Paula,6
WY,F,1972,Samantha,6
WY,F,1972,Sheila,6
WY,F,1972,Shelley,6
WY,F,1972,Shelly,6
WY,F,1972,Sherry,6
WY,F,1972,Suzanne,6
WY,F,1972,Tami,6
WY,F,1972,Terri,6
WY,F,1972,Theresa,6
WY,F,1972,Alicia,5
WY,F,1972,Brandy,5
WY,F,1972,Cheryl,5
WY,F,1972,Christy,5
WY,F,1972,Deana,5
WY,F,1972,Donna,5
WY,F,1972,Gina,5
WY,F,1972,Jeannie,5
WY,F,1972,Jennie,5
WY,F,1972,Joanna,5
WY,F,1972,Karla,5
WY,F,1972,Kristen,5
WY,F,1972,Lynette,5
WY,F,1972,Lynn,5
WY,F,1972,Misti,5
WY,F,1972,Nikki,5
WY,F,1972,Robyn,5
WY,F,1972,Sheri,5
WY,F,1972,Staci,5
WY,F,1972,Valerie,5
WY,F,1972,Victoria,5
WY,F,1973,Jennifer,118
WY,F,1973,Michelle,49
WY,F,1973,Amy,40
WY,F,1973,Heather,37
WY,F,1973,Kimberly,37
WY,F,1973,Stephanie,32
WY,F,1973,Dawn,31
WY,F,1973,Julie,31
WY,F,1973,Angela,29
WY,F,1973,Rebecca,28
WY,F,1973,Melissa,27
WY,F,1973,Lisa,25
WY,F,1973,Tammy,25
WY,F,1973,Brandy,23
WY,F,1973,Misty,22
WY,F,1973,Tara,22
WY,F,1973,Carrie,20
WY,F,1973,Christina,20
WY,F,1973,Elizabeth,20
WY,F,1973,Tonya,20
WY,F,1973,Andrea,19
WY,F,1973,Wendy,18
WY,F,1973,Nicole,17
WY,F,1973,Pamela,16
WY,F,1973,Laura,15
WY,F,1973,Teresa,15
WY,F,1973,Tina,15
WY,F,1973,Heidi,14
WY,F,1973,Lori,14
WY,F,1973,Mary,14
WY,F,1973,Shannon,14
WY,F,1973,Tanya,14
WY,F,1973,Tracy,14
WY,F,1973,Jamie,13
WY,F,1973,Karen,13
WY,F,1973,Sandra,13
WY,F,1973,Sarah,13
WY,F,1973,Stacy,13
WY,F,1973,Amanda,12
WY,F,1973,April,12
WY,F,1973,Crystal,12
WY,F,1973,Laurie,12
WY,F,1973,Brandi,11
WY,F,1973,Brenda,11
WY,F,1973,Christine,11
WY,F,1973,Danielle,11
WY,F,1973,Kristi,11
WY,F,1973,Patricia,11
WY,F,1973,Stacey,11
WY,F,1973,Susan,11
WY,F,1973,Amber,10
WY,F,1973,Holly,10
WY,F,1973,Jana,10
WY,F,1973,Jessica,10
WY,F,1973,Kelly,10
WY,F,1973,Krista,10
WY,F,1973,Shawna,10
WY,F,1973,Ann,9
WY,F,1973,Barbara,9
WY,F,1973,Becky,9
WY,F,1973,Christy,9
WY,F,1973,Debra,9
WY,F,1973,Erin,9
WY,F,1973,Janet,9
WY,F,1973,Jodi,9
WY,F,1973,Kristen,9
WY,F,1973,Leslie,9
WY,F,1973,Maria,9
WY,F,1973,Natalie,9
WY,F,1973,Rachel,9
WY,F,1973,Sheila,9
WY,F,1973,Tiffany,9
WY,F,1973,Toni,9
WY,F,1973,Anita,8
WY,F,1973,Cynthia,8
WY,F,1973,Jody,8
WY,F,1973,Kari,8
WY,F,1973,Kristy,8
WY,F,1973,Linda,8
WY,F,1973,Monica,8
WY,F,1973,Nichole,8
WY,F,1973,Renee,8
WY,F,1973,Samantha,8
WY,F,1973,Tracey,8
WY,F,1973,Cara,7
WY,F,1973,Carla,7
WY,F,1973,Diana,7
WY,F,1973,Donna,7
WY,F,1973,Gina,7
WY,F,1973,Katherine,7
WY,F,1973,Melanie,7
WY,F,1973,Michele,7
WY,F,1973,Mindy,7
WY,F,1973,Paula,7
WY,F,1973,Shelly,7
WY,F,1973,Sherry,7
WY,F,1973,Traci,7
WY,F,1973,Virginia,7
WY,F,1973,Alison,6
WY,F,1973,Anna,6
WY,F,1973,Anne,6
WY,F,1973,Betty,6
WY,F,1973,Carolyn,6
WY,F,1973,Catherine,6
WY,F,1973,Denise,6
WY,F,1973,Diane,6
WY,F,1973,Erica,6
WY,F,1973,Jackie,6
WY,F,1973,Kathleen,6
WY,F,1973,Kathy,6
WY,F,1973,Kristin,6
WY,F,1973,Kristina,6
WY,F,1973,Nancy,6
WY,F,1973,Rhonda,6
WY,F,1973,Shauna,6
WY,F,1973,Valerie,6
WY,F,1973,Victoria,6
WY,F,1973,Aimee,5
WY,F,1973,Beth,5
WY,F,1973,Cheryl,5
WY,F,1973,Chrystal,5
WY,F,1973,Cindy,5
WY,F,1973,Colleen,5
WY,F,1973,Connie,5
WY,F,1973,Deborah,5
WY,F,1973,Jennie,5
WY,F,1973,Jenny,5
WY,F,1973,Kara,5
WY,F,1973,Kathryn,5
WY,F,1973,Kendra,5
WY,F,1973,Lorie,5
WY,F,1973,Melinda,5
WY,F,1973,Rebekah,5
WY,F,1973,Regina,5
WY,F,1973,Roberta,5
WY,F,1973,Robin,5
WY,F,1973,Sherri,5
WY,F,1973,Tonia,5
WY,F,1974,Jennifer,111
WY,F,1974,Heather,58
WY,F,1974,Amy,52
WY,F,1974,Stephanie,43
WY,F,1974,Angela,40
WY,F,1974,Michelle,40
WY,F,1974,Kimberly,39
WY,F,1974,Mary,31
WY,F,1974,Tina,29
WY,F,1974,Melissa,28
WY,F,1974,Misty,27
WY,F,1974,Rebecca,26
WY,F,1974,Shannon,26
WY,F,1974,Andrea,22
WY,F,1974,Kelly,22
WY,F,1974,Sara,22
WY,F,1974,Tara,22
WY,F,1974,Elizabeth,21
WY,F,1974,Heidi,21
WY,F,1974,Laura,21
WY,F,1974,Lisa,21
WY,F,1974,Julie,20
WY,F,1974,Christina,19
WY,F,1974,Crystal,19
WY,F,1974,Jamie,19
WY,F,1974,Tracy,19
WY,F,1974,Wendy,19
WY,F,1974,April,18
WY,F,1974,Jessica,18
WY,F,1974,Tanya,18
WY,F,1974,Nicole,17
WY,F,1974,Brandy,16
WY,F,1974,Carrie,16
WY,F,1974,Dawn,16
WY,F,1974,Stacy,16
WY,F,1974,Tammy,16
WY,F,1974,Amanda,15
WY,F,1974,Amber,15
WY,F,1974,Erin,15
WY,F,1974,Rachel,15
WY,F,1974,Brenda,14
WY,F,1974,Christy,14
WY,F,1974,Kari,14
WY,F,1974,Leslie,14
WY,F,1974,Sarah,14
WY,F,1974,Shawna,14
WY,F,1974,Susan,14
WY,F,1974,Toni,14
WY,F,1974,Tonya,14
WY,F,1974,Brandi,13
WY,F,1974,Karen,13
WY,F,1974,Shelly,13
WY,F,1974,Stacey,13
WY,F,1974,Tiffany,13
WY,F,1974,Anna,11
WY,F,1974,Cynthia,11
WY,F,1974,Melanie,11
WY,F,1974,Robin,11
WY,F,1974,Tamara,11
WY,F,1974,Teresa,11
WY,F,1974,Bobbi,10
WY,F,1974,Christine,10
WY,F,1974,Cindy,10
WY,F,1974,Kristen,10
WY,F,1974,Margaret,10
WY,F,1974,Patricia,10
WY,F,1974,Sheila,10
WY,F,1974,Jana,9
WY,F,1974,Jodi,9
WY,F,1974,Katherine,9
WY,F,1974,Kathleen,9
WY,F,1974,Kathryn,9
WY,F,1974,Kristi,9
WY,F,1974,Stacie,9
WY,F,1974,Barbara,8
WY,F,1974,Candace,8
WY,F,1974,Denise,8
WY,F,1974,Holly,8
WY,F,1974,Joy,8
WY,F,1974,Kara,8
WY,F,1974,Pamela,8
WY,F,1974,Rhonda,8
WY,F,1974,Sheri,8
WY,F,1974,Theresa,8
WY,F,1974,Bridget,7
WY,F,1974,Danielle,7
WY,F,1974,Erica,7
WY,F,1974,Lori,7
WY,F,1974,Melinda,7
WY,F,1974,Michele,7
WY,F,1974,Nikki,7
WY,F,1974,Shelley,7
WY,F,1974,Trina,7
WY,F,1974,Ann,6
WY,F,1974,Annette,6
WY,F,1974,Becky,6
WY,F,1974,Billie,6
WY,F,1974,Catherine,6
WY,F,1974,Christie,6
WY,F,1974,Courtney,6
WY,F,1974,Janet,6
WY,F,1974,Jill,6
WY,F,1974,Kerry,6
WY,F,1974,Kim,6
WY,F,1974,Kristin,6
WY,F,1974,Kristina,6
WY,F,1974,Kristy,6
WY,F,1974,Misti,6
WY,F,1974,Monica,6
WY,F,1974,Roberta,6
WY,F,1974,Sherry,6
WY,F,1974,Valerie,6
WY,F,1974,Alicia,5
WY,F,1974,Angie,5
WY,F,1974,Brandie,5
WY,F,1974,Carla,5
WY,F,1974,Cheryl,5
WY,F,1974,Dana,5
WY,F,1974,Debbie,5
WY,F,1974,Debra,5
WY,F,1974,Desiree,5
WY,F,1974,Jacqueline,5
WY,F,1974,Jenny,5
WY,F,1974,Katrina,5
WY,F,1974,Keri,5
WY,F,1974,Lynn,5
WY,F,1974,Stacia,5
WY,F,1974,Suzanne,5
WY,F,1974,Terra,5
WY,F,1974,Tricia,5
WY,F,1974,Vicki,5
WY,F,1974,Victoria,5
WY,F,1974,Yvonne,5
WY,F,1975,Jennifer,119
WY,F,1975,Heather,80
WY,F,1975,Amy,62
WY,F,1975,Michelle,58
WY,F,1975,Melissa,40
WY,F,1975,Kimberly,39
WY,F,1975,Amanda,34
WY,F,1975,Angela,34
WY,F,1975,Rebecca,33
WY,F,1975,Sarah,32
WY,F,1975,Julie,30
WY,F,1975,Jamie,28
WY,F,1975,Misty,28
WY,F,1975,Andrea,27
WY,F,1975,Stephanie,25
WY,F,1975,Nicole,24
WY,F,1975,April,22
WY,F,1975,Heidi,22
WY,F,1975,Amber,21
WY,F,1975,Christina,21
WY,F,1975,Jessica,21
WY,F,1975,Kelly,21
WY,F,1975,Christine,20
WY,F,1975,Shawna,20
WY,F,1975,Tara,20
WY,F,1975,Crystal,19
WY,F,1975,Dawn,19
WY,F,1975,Shannon,19
WY,F,1975,Tanya,19
WY,F,1975,Holly,17
WY,F,1975,Laura,17
WY,F,1975,Mandy,17
WY,F,1975,Wendy,17
WY,F,1975,Erin,16
WY,F,1975,Lisa,16
WY,F,1975,Lori,16
WY,F,1975,Rachel,16
WY,F,1975,Tonya,16
WY,F,1975,Brandi,15
WY,F,1975,Emily,15
WY,F,1975,Stacy,15
WY,F,1975,Sara,14
WY,F,1975,Tiffany,14
WY,F,1975,Kari,13
WY,F,1975,Mary,13
WY,F,1975,Samantha,13
WY,F,1975,Stacey,13
WY,F,1975,Brandy,12
WY,F,1975,Carrie,12
WY,F,1975,Jill,12
WY,F,1975,Natalie,12
WY,F,1975,Tracy,12
WY,F,1975,Christy,11
WY,F,1975,Shelly,11
WY,F,1975,Susan,11
WY,F,1975,Tammy,11
WY,F,1975,Tina,11
WY,F,1975,Erica,10
WY,F,1975,Katherine,10
WY,F,1975,Kristi,10
WY,F,1975,Kristy,10
WY,F,1975,Melanie,10
WY,F,1975,Michele,10
WY,F,1975,Robin,10
WY,F,1975,Teresa,10
WY,F,1975,Barbara,9
WY,F,1975,Brenda,9
WY,F,1975,Dana,9
WY,F,1975,Karen,9
WY,F,1975,Kristen,9
WY,F,1975,Kristina,9
WY,F,1975,Leslie,9
WY,F,1975,Patricia,9
WY,F,1975,Terri,9
WY,F,1975,Toni,9
WY,F,1975,Alicia,8
WY,F,1975,Anita,8
WY,F,1975,Ann,8
WY,F,1975,Charity,8
WY,F,1975,Elizabeth,8
WY,F,1975,Gina,8
WY,F,1975,Jolene,8
WY,F,1975,Megan,8
WY,F,1975,Monica,8
WY,F,1975,Rebekah,8
WY,F,1975,Traci,8
WY,F,1975,Tricia,8
WY,F,1975,Anna,7
WY,F,1975,Ashley,7
WY,F,1975,Bobbie,7
WY,F,1975,Carla,7
WY,F,1975,Cynthia,7
WY,F,1975,Jodi,7
WY,F,1975,Kathryn,7
WY,F,1975,Krystal,7
WY,F,1975,Linda,7
WY,F,1975,Pamela,7
WY,F,1975,Ruth,7
WY,F,1975,Tabitha,7
WY,F,1975,Angie,6
WY,F,1975,Cara,6
WY,F,1975,Cindy,6
WY,F,1975,Danielle,6
WY,F,1975,Denise,6
WY,F,1975,Erika,6
WY,F,1975,Faith,6
WY,F,1975,Mandi,6
WY,F,1975,Maria,6
WY,F,1975,Nancy,6
WY,F,1975,Nichole,6
WY,F,1975,Regina,6
WY,F,1975,Robyn,6
WY,F,1975,Sabrina,6
WY,F,1975,Sandra,6
WY,F,1975,Sheri,6
WY,F,1975,Tamara,6
WY,F,1975,Beth,5
WY,F,1975,Brooke,5
WY,F,1975,Candy,5
WY,F,1975,Carolyn,5
WY,F,1975,Christie,5
WY,F,1975,Darcy,5
WY,F,1975,Deborah,5
WY,F,1975,Helen,5
WY,F,1975,Hope,5
WY,F,1975,Jami,5
WY,F,1975,Kara,5
WY,F,1975,Kelley,5
WY,F,1975,Keri,5
WY,F,1975,Laurie,5
WY,F,1975,Lena,5
WY,F,1975,Marsha,5
WY,F,1975,Misti,5
WY,F,1975,Olivia,5
WY,F,1975,Staci,5
WY,F,1975,Stacie,5
WY,F,1975,Theresa,5
WY,F,1975,Valerie,5
WY,F,1976,Jennifer,137
WY,F,1976,Heather,75
WY,F,1976,Amy,54
WY,F,1976,Angela,53
WY,F,1976,Jamie,50
WY,F,1976,Amanda,45
WY,F,1976,Melissa,43
WY,F,1976,Stephanie,42
WY,F,1976,Jessica,40
WY,F,1976,Lisa,38
WY,F,1976,Kimberly,33
WY,F,1976,Amber,31
WY,F,1976,Michelle,31
WY,F,1976,Sarah,31
WY,F,1976,Tiffany,29
WY,F,1976,Laura,26
WY,F,1976,Misty,26
WY,F,1976,Kelly,25
WY,F,1976,Stacy,24
WY,F,1976,Nicole,23
WY,F,1976,Rachel,23
WY,F,1976,Shannon,23
WY,F,1976,Christina,22
WY,F,1976,Elizabeth,21
WY,F,1976,Erin,21
WY,F,1976,Andrea,20
WY,F,1976,Mandy,20
WY,F,1976,Carrie,19
WY,F,1976,Rebecca,19
WY,F,1976,Sara,18
WY,F,1976,Heidi,17
WY,F,1976,Holly,17
WY,F,1976,Jaime,17
WY,F,1976,Julie,17
WY,F,1976,Megan,17
WY,F,1976,Tammy,17
WY,F,1976,Mary,16
WY,F,1976,Tanya,16
WY,F,1976,Tara,16
WY,F,1976,April,15
WY,F,1976,Cynthia,14
WY,F,1976,Jenny,14
WY,F,1976,Kristi,14
WY,F,1976,Wendy,14
WY,F,1976,Karen,13
WY,F,1976,Patricia,13
WY,F,1976,Sandra,13
WY,F,1976,Shawna,13
WY,F,1976,Teresa,13
WY,F,1976,Brandi,12
WY,F,1976,Brandy,12
WY,F,1976,Katherine,12
WY,F,1976,Leslie,12
WY,F,1976,Lindsay,12
WY,F,1976,Maria,12
WY,F,1976,Stacey,12
WY,F,1976,Tina,12
WY,F,1976,Anna,11
WY,F,1976,Michele,11
WY,F,1976,Pamela,11
WY,F,1976,Rhonda,11
WY,F,1976,Valerie,11
WY,F,1976,Christine,10
WY,F,1976,Christy,10
WY,F,1976,Crystal,10
WY,F,1976,Kara,10
WY,F,1976,Melanie,10
WY,F,1976,Melinda,10
WY,F,1976,Susan,10
WY,F,1976,Brooke,9
WY,F,1976,Candace,9
WY,F,1976,Danielle,9
WY,F,1976,Dawn,9
WY,F,1976,Jolene,9
WY,F,1976,Kari,9
WY,F,1976,Keri,9
WY,F,1976,Kristy,9
WY,F,1976,Tamara,9
WY,F,1976,Tonya,9
WY,F,1976,Tracy,9
WY,F,1976,Dana,8
WY,F,1976,Emily,8
WY,F,1976,Molly,8
WY,F,1976,Monica,8
WY,F,1976,Bonnie,7
WY,F,1976,Courtney,7
WY,F,1976,Denise,7
WY,F,1976,Desiree,7
WY,F,1976,Erica,7
WY,F,1976,Erika,7
WY,F,1976,Kathleen,7
WY,F,1976,Kathryn,7
WY,F,1976,Leah,7
WY,F,1976,Linda,7
WY,F,1976,Melody,7
WY,F,1976,Nancy,7
WY,F,1976,Rebekah,7
WY,F,1976,Robin,7
WY,F,1976,Terri,7
WY,F,1976,Traci,7
WY,F,1976,Alicia,6
WY,F,1976,Ann,6
WY,F,1976,Annette,6
WY,F,1976,Ashley,6
WY,F,1976,Becky,6
WY,F,1976,Brenda,6
WY,F,1976,Candice,6
WY,F,1976,Carla,6
WY,F,1976,Cindy,6
WY,F,1976,Connie,6
WY,F,1976,Jodi,6
WY,F,1976,Kendra,6
WY,F,1976,Kristie,6
WY,F,1976,Lori,6
WY,F,1976,Mandi,6
WY,F,1976,Margaret,6
WY,F,1976,Mindy,6
WY,F,1976,Paula,6
WY,F,1976,Shauna,6
WY,F,1976,Stacie,6
WY,F,1976,Trisha,6
WY,F,1976,Aimee,5
WY,F,1976,Allison,5
WY,F,1976,Amie,5
WY,F,1976,Barbara,5
WY,F,1976,Billie,5
WY,F,1976,Bridget,5
WY,F,1976,Carol,5
WY,F,1976,Christa,5
WY,F,1976,Christie,5
WY,F,1976,Debra,5
WY,F,1976,Gretchen,5
WY,F,1976,Jacqueline,5
WY,F,1976,Jami,5
WY,F,1976,Janice,5
WY,F,1976,Jill,5
WY,F,1976,Kelli,5
WY,F,1976,Kristen,5
WY,F,1976,Kristin,5
WY,F,1976,Kristina,5
WY,F,1976,Kristine,5
WY,F,1976,Lindsey,5
WY,F,1976,Nichole,5
WY,F,1976,Sabrina,5
WY,F,1976,Samantha,5
WY,F,1976,Shana,5
WY,F,1976,Shelby,5
WY,F,1976,Sheri,5
WY,F,1976,Terra,5
WY,F,1976,Trina,5
WY,F,1976,Whitney,5
WY,F,1977,Jennifer,178
WY,F,1977,Jamie,62
WY,F,1977,Heather,60
WY,F,1977,Amy,59
WY,F,1977,Jessica,56
WY,F,1977,Melissa,54
WY,F,1977,Sarah,48
WY,F,1977,Angela,47
WY,F,1977,Amanda,46
WY,F,1977,Michelle,46
WY,F,1977,Amber,45
WY,F,1977,Elizabeth,37
WY,F,1977,Kimberly,37
WY,F,1977,Stephanie,37
WY,F,1977,Nicole,36
WY,F,1977,Shannon,34
WY,F,1977,Lisa,32
WY,F,1977,Misty,32
WY,F,1977,Christina,31
WY,F,1977,Andrea,30
WY,F,1977,Julie,29
WY,F,1977,Kelly,29
WY,F,1977,Rebecca,28
WY,F,1977,Erin,26
WY,F,1977,Crystal,23
WY,F,1977,Sara,23
WY,F,1977,Brandy,22
WY,F,1977,Laura,21
WY,F,1977,Dawn,20
WY,F,1977,Holly,20
WY,F,1977,Heidi,18
WY,F,1977,Rachel,18
WY,F,1977,Tara,18
WY,F,1977,Ashley,17
WY,F,1977,Mary,17
WY,F,1977,Tiffany,17
WY,F,1977,Carrie,16
WY,F,1977,Kara,16
WY,F,1977,Monica,16
WY,F,1977,Patricia,16
WY,F,1977,Stacy,16
WY,F,1977,April,15
WY,F,1977,Brenda,14
WY,F,1977,Danielle,14
WY,F,1977,Erica,14
WY,F,1977,Karen,14
WY,F,1977,Anna,13
WY,F,1977,Jenny,13
WY,F,1977,Lori,13
WY,F,1977,Susan,13
WY,F,1977,Wendy,13
WY,F,1977,Alicia,12
WY,F,1977,Emily,12
WY,F,1977,Jaime,12
WY,F,1977,Tracy,12
WY,F,1977,Brandi,11
WY,F,1977,Katherine,11
WY,F,1977,Kristi,11
WY,F,1977,Mandy,11
WY,F,1977,Megan,11
WY,F,1977,Melanie,11
WY,F,1977,Summer,11
WY,F,1977,Toni,11
WY,F,1977,Valerie,11
WY,F,1977,Christine,10
WY,F,1977,Jill,10
WY,F,1977,Kristen,10
WY,F,1977,Kristina,10
WY,F,1977,Leslie,10
WY,F,1977,Michele,10
WY,F,1977,Nichole,10
WY,F,1977,Shawna,10
WY,F,1977,Tanya,10
WY,F,1977,Cassie,9
WY,F,1977,Kristy,9
WY,F,1977,Melinda,9
WY,F,1977,Natalie,9
WY,F,1977,Tonya,9
WY,F,1977,Bridget,8
WY,F,1977,Christy,8
WY,F,1977,Kelli,8
WY,F,1977,Kendra,8
WY,F,1977,Mandi,8
WY,F,1977,Renee,8
WY,F,1977,Shelly,8
WY,F,1977,Stacey,8
WY,F,1977,Tammy,8
WY,F,1977,Angel,7
WY,F,1977,Anne,7
WY,F,1977,Becky,7
WY,F,1977,Billie,7
WY,F,1977,Brooke,7
WY,F,1977,Catherine,7
WY,F,1977,Cynthia,7
WY,F,1977,Dana,7
WY,F,1977,Jami,7
WY,F,1977,Joy,7
WY,F,1977,Linda,7
WY,F,1977,Lindsay,7
WY,F,1977,Lindsey,7
WY,F,1977,Margaret,7
WY,F,1977,Molly,7
WY,F,1977,Natasha,7
WY,F,1977,Paula,7
WY,F,1977,Stacie,7
WY,F,1977,Victoria,7
WY,F,1977,Alisha,6
WY,F,1977,Ann,6
WY,F,1977,Barbara,6
WY,F,1977,Christie,6
WY,F,1977,Deanna,6
WY,F,1977,Denise,6
WY,F,1977,Jodi,6
WY,F,1977,Jody,6
WY,F,1977,Kathryn,6
WY,F,1977,Katie,6
WY,F,1977,Kristie,6
WY,F,1977,Mindy,6
WY,F,1977,Pamela,6
WY,F,1977,Rachael,6
WY,F,1977,Robin,6
WY,F,1977,Samantha,6
WY,F,1977,Tamara,6
WY,F,1977,Teri,6
WY,F,1977,Theresa,6
WY,F,1977,Tina,6
WY,F,1977,Trisha,6
WY,F,1977,Whitney,6
WY,F,1977,Aimee,5
WY,F,1977,Allison,5
WY,F,1977,Amie,5
WY,F,1977,Angie,5
WY,F,1977,Bonnie,5
WY,F,1977,Brook,5
WY,F,1977,Candace,5
WY,F,1977,Carissa,5
WY,F,1977,Carolyn,5
WY,F,1977,Chandra,5
WY,F,1977,Connie,5
WY,F,1977,Cori,5
WY,F,1977,Desiree,5
WY,F,1977,Erika,5
WY,F,1977,Jana,5
WY,F,1977,Janelle,5
WY,F,1977,Jenifer,5
WY,F,1977,Jolene,5
WY,F,1977,Kari,5
WY,F,1977,Kathleen,5
WY,F,1977,Keri,5
WY,F,1977,Kerri,5
WY,F,1977,Kristin,5
WY,F,1977,Martha,5
WY,F,1977,Mindi,5
WY,F,1977,Misti,5
WY,F,1977,Peggy,5
WY,F,1977,Regina,5
WY,F,1977,Rhiannon,5
WY,F,1977,Robyn,5
WY,F,1977,Sabrina,5
WY,F,1977,Sharon,5
WY,F,1977,Shauna,5
WY,F,1977,Sonya,5
WY,F,1977,Sunny,5
WY,F,1977,Tammi,5
WY,F,1977,Veronica,5
WY,F,1978,Jennifer,130
WY,F,1978,Jessica,69
WY,F,1978,Amy,66
WY,F,1978,Heather,66
WY,F,1978,Melissa,64
WY,F,1978,Amber,55
WY,F,1978,Amanda,52
WY,F,1978,Christina,52
WY,F,1978,Jamie,48
WY,F,1978,Stephanie,47
WY,F,1978,Sarah,45
WY,F,1978,Crystal,43
WY,F,1978,Michelle,42
WY,F,1978,Rebecca,40
WY,F,1978,Erin,39
WY,F,1978,Angela,37
WY,F,1978,Lisa,36
WY,F,1978,Misty,34
WY,F,1978,Kelly,31
WY,F,1978,Andrea,30
WY,F,1978,Shannon,29
WY,F,1978,Kimberly,28
WY,F,1978,Laura,28
WY,F,1978,Elizabeth,26
WY,F,1978,Julie,26
WY,F,1978,Nicole,26
WY,F,1978,Mary,24
WY,F,1978,Rachel,23
WY,F,1978,Tiffany,23
WY,F,1978,Sara,21
WY,F,1978,Christine,20
WY,F,1978,Tara,20
WY,F,1978,Brandi,19
WY,F,1978,Heidi,19
WY,F,1978,Megan,19
WY,F,1978,Brandy,18
WY,F,1978,Holly,18
WY,F,1978,Stacy,18
WY,F,1978,April,17
WY,F,1978,Vanessa,16
WY,F,1978,Natalie,15
WY,F,1978,Carrie,14
WY,F,1978,Christy,14
WY,F,1978,Leslie,14
WY,F,1978,Mandy,14
WY,F,1978,Alicia,13
WY,F,1978,Dana,13
WY,F,1978,Desiree,13
WY,F,1978,Kara,13
WY,F,1978,Katie,13
WY,F,1978,Lindsey,13
WY,F,1978,Samantha,13
WY,F,1978,Tracy,13
WY,F,1978,Wendy,13
WY,F,1978,Dawn,12
WY,F,1978,Jenny,12
WY,F,1978,Kristi,12
WY,F,1978,Melinda,12
WY,F,1978,Stacey,12
WY,F,1978,Ashley,11
WY,F,1978,Casey,11
WY,F,1978,Cynthia,11
WY,F,1978,Karen,11
WY,F,1978,Katherine,11
WY,F,1978,Katrina,11
WY,F,1978,Kristy,11
WY,F,1978,Leah,11
WY,F,1978,Tamara,11
WY,F,1978,Tina,11
WY,F,1978,Tonya,11
WY,F,1978,Anna,10
WY,F,1978,Autumn,10
WY,F,1978,Catherine,10
WY,F,1978,Emily,10
WY,F,1978,Jill,10
WY,F,1978,Kathleen,10
WY,F,1978,Kristina,10
WY,F,1978,Melanie,10
WY,F,1978,Monica,10
WY,F,1978,Nichole,10
WY,F,1978,Tammy,10
WY,F,1978,Tanya,10
WY,F,1978,Carla,9
WY,F,1978,Danielle,9
WY,F,1978,Kristin,9
WY,F,1978,Mindy,9
WY,F,1978,Shawna,9
WY,F,1978,Becky,8
WY,F,1978,Cara,8
WY,F,1978,Diana,8
WY,F,1978,Jolene,8
WY,F,1978,Joy,8
WY,F,1978,Lori,8
WY,F,1978,Marie,8
WY,F,1978,Misti,8
WY,F,1978,Nancy,8
WY,F,1978,Patricia,8
WY,F,1978,Robin,8
WY,F,1978,Sabrina,8
WY,F,1978,Sandra,8
WY,F,1978,Toni,8
WY,F,1978,Allison,7
WY,F,1978,Angel,7
WY,F,1978,Brenda,7
WY,F,1978,Candice,7
WY,F,1978,Cassandra,7
WY,F,1978,Cori,7
WY,F,1978,Kelli,7
WY,F,1978,Krista,7
WY,F,1978,Linda,7
WY,F,1978,Mariah,7
WY,F,1978,Robyn,7
WY,F,1978,Sheila,7
WY,F,1978,Teresa,7
WY,F,1978,Tricia,7
WY,F,1978,Abby,6
WY,F,1978,Barbara,6
WY,F,1978,Bethany,6
WY,F,1978,Brooke,6
WY,F,1978,Erica,6
WY,F,1978,Jacqueline,6
WY,F,1978,Janelle,6
WY,F,1978,Lacey,6
WY,F,1978,Margaret,6
WY,F,1978,Maria,6
WY,F,1978,Melody,6
WY,F,1978,Pamela,6
WY,F,1978,Paula,6
WY,F,1978,Rhiannon,6
WY,F,1978,Shanna,6
WY,F,1978,Sonya,6
WY,F,1978,Veronica,6
WY,F,1978,Ann,5
WY,F,1978,Anne,5
WY,F,1978,Beth,5
WY,F,1978,Charlotte,5
WY,F,1978,Cody,5
WY,F,1978,Deanna,5
WY,F,1978,Erika,5
WY,F,1978,Gina,5
WY,F,1978,Jaclyn,5
WY,F,1978,Jana,5
WY,F,1978,Jeanette,5
WY,F,1978,Jeanne,5
WY,F,1978,Jodie,5
WY,F,1978,Julia,5
WY,F,1978,Lindsay,5
WY,F,1978,Melisa,5
WY,F,1978,Miranda,5
WY,F,1978,Randi,5
WY,F,1978,Renee,5
WY,F,1978,Shelly,5
WY,F,1978,Summer,5
WY,F,1978,Susan,5
WY,F,1978,Suzanne,5
WY,F,1978,Tiffani,5
WY,F,1978,Valerie,5
WY,F,1978,Virginia,5
WY,F,1979,Jennifer,137
WY,F,1979,Amanda,122
WY,F,1979,Melissa,90
WY,F,1979,Heather,81
WY,F,1979,Sarah,77
WY,F,1979,Jessica,74
WY,F,1979,Michelle,74
WY,F,1979,Amber,69
WY,F,1979,Amy,62
WY,F,1979,Crystal,47
WY,F,1979,Jamie,47
WY,F,1979,Andrea,45
WY,F,1979,Angela,45
WY,F,1979,Rebecca,45
WY,F,1979,Kimberly,39
WY,F,1979,Elizabeth,38
WY,F,1979,Nicole,38
WY,F,1979,Stephanie,38
WY,F,1979,Lisa,37
WY,F,1979,Misty,36
WY,F,1979,Shannon,35
WY,F,1979,April,34
WY,F,1979,Kelly,31
WY,F,1979,Mary,31
WY,F,1979,Christina,30
WY,F,1979,Erin,30
WY,F,1979,Tiffany,29
WY,F,1979,Megan,28
WY,F,1979,Rachel,24
WY,F,1979,Sara,24
WY,F,1979,Julie,23
WY,F,1979,Mandy,23
WY,F,1979,Erica,22
WY,F,1979,Katie,22
WY,F,1979,Laura,22
WY,F,1979,Brandi,21
WY,F,1979,Mindy,21
WY,F,1979,Tara,21
WY,F,1979,Leslie,20
WY,F,1979,Brandy,19
WY,F,1979,Danielle,18
WY,F,1979,Heidi,18
WY,F,1979,Samantha,18
WY,F,1979,Wendy,18
WY,F,1979,Holly,17
WY,F,1979,Katherine,17
WY,F,1979,Lindsey,17
WY,F,1979,Susan,17
WY,F,1979,Brooke,16
WY,F,1979,Carrie,16
WY,F,1979,Kara,16
WY,F,1979,Christine,15
WY,F,1979,Jill,15
WY,F,1979,Alicia,14
WY,F,1979,Ashley,14
WY,F,1979,Jodi,14
WY,F,1979,Lori,14
WY,F,1979,Stacy,14
WY,F,1979,Courtney,13
WY,F,1979,Jenny,13
WY,F,1979,Kristin,13
WY,F,1979,Kristina,13
WY,F,1979,Melanie,13
WY,F,1979,Monica,13
WY,F,1979,Stacey,13
WY,F,1979,Teresa,13
WY,F,1979,Autumn,12
WY,F,1979,Patricia,12
WY,F,1979,Robin,12
WY,F,1979,Theresa,12
WY,F,1979,Tina,12
WY,F,1979,Dawn,11
WY,F,1979,Karen,11
WY,F,1979,Kristy,11
WY,F,1979,Natalie,11
WY,F,1979,Tamara,11
WY,F,1979,Victoria,11
WY,F,1979,Brianne,10
WY,F,1979,Catherine,10
WY,F,1979,Kari,10
WY,F,1979,Lacy,10
WY,F,1979,Pamela,10
WY,F,1979,Suzanne,10
WY,F,1979,Ann,9
WY,F,1979,Christy,9
WY,F,1979,Colleen,9
WY,F,1979,Dana,9
WY,F,1979,Jaime,9
WY,F,1979,Kelli,9
WY,F,1979,Maria,9
WY,F,1979,Meghan,9
WY,F,1979,Molly,9
WY,F,1979,Shanna,9
WY,F,1979,Vanessa,9
WY,F,1979,Allison,8
WY,F,1979,Brenda,8
WY,F,1979,Brittany,8
WY,F,1979,Candice,8
WY,F,1979,Cynthia,8
WY,F,1979,Emily,8
WY,F,1979,Hillary,8
WY,F,1979,Janelle,8
WY,F,1979,Kathryn,8
WY,F,1979,Krista,8
WY,F,1979,Kristen,8
WY,F,1979,Leah,8
WY,F,1979,Shawna,8
WY,F,1979,Tammy,8
WY,F,1979,Tracy,8
WY,F,1979,Valerie,8
WY,F,1979,Cara,7
WY,F,1979,Denise,7
WY,F,1979,Desiree,7
WY,F,1979,Katrina,7
WY,F,1979,Krystal,7
WY,F,1979,Melinda,7
WY,F,1979,Sabrina,7
WY,F,1979,Sandra,7
WY,F,1979,Sheila,7
WY,F,1979,Trisha,7
WY,F,1979,Veronica,7
WY,F,1979,Aimee,6
WY,F,1979,Anna,6
WY,F,1979,Anne,6
WY,F,1979,Becky,6
WY,F,1979,Beth,6
WY,F,1979,Bonnie,6
WY,F,1979,Caroline,6
WY,F,1979,Cheryl,6
WY,F,1979,Christa,6
WY,F,1979,Erika,6
WY,F,1979,Jessie,6
WY,F,1979,Joy,6
WY,F,1979,Margaret,6
WY,F,1979,Nichole,6
WY,F,1979,Shelly,6
WY,F,1979,Stacie,6
WY,F,1979,Summer,6
WY,F,1979,Tanya,6
WY,F,1979,Traci,6
WY,F,1979,Adrienne,5
WY,F,1979,Alisha,5
WY,F,1979,Alyssa,5
WY,F,1979,Aubrey,5
WY,F,1979,Billie,5
WY,F,1979,Carol,5
WY,F,1979,Chelsea,5
WY,F,1979,Donna,5
WY,F,1979,Jacqueline,5
WY,F,1979,Karla,5
WY,F,1979,Kathleen,5
WY,F,1979,Kellie,5
WY,F,1979,Kendra,5
WY,F,1979,Keri,5
WY,F,1979,Kristie,5
WY,F,1979,Lacey,5
WY,F,1979,Mandi,5
WY,F,1979,Marie,5
WY,F,1979,Melody,5
WY,F,1979,Nancy,5
WY,F,1979,Robyn,5
WY,F,1979,Sally,5
WY,F,1979,Virginia,5
WY,F,1980,Jennifer,184
WY,F,1980,Amanda,131
WY,F,1980,Sarah,92
WY,F,1980,Jessica,82
WY,F,1980,Melissa,82
WY,F,1980,Heather,77
WY,F,1980,Amy,72
WY,F,1980,Amber,69
WY,F,1980,Michelle,63
WY,F,1980,Angela,54
WY,F,1980,Elizabeth,50
WY,F,1980,Stephanie,50
WY,F,1980,Crystal,49
WY,F,1980,Jamie,48
WY,F,1980,Nicole,47
WY,F,1980,Rebecca,46
WY,F,1980,Tiffany,43
WY,F,1980,Erin,41
WY,F,1980,Christina,39
WY,F,1980,Laura,37
WY,F,1980,Sara,36
WY,F,1980,Kimberly,35
WY,F,1980,Lisa,34
WY,F,1980,Misty,30
WY,F,1980,Kelly,28
WY,F,1980,Julie,27
WY,F,1980,Katie,27
WY,F,1980,Katherine,26
WY,F,1980,Heidi,25
WY,F,1980,Mary,24
WY,F,1980,Christine,23
WY,F,1980,Andrea,22
WY,F,1980,April,22
WY,F,1980,Lindsay,22
WY,F,1980,Megan,22
WY,F,1980,Alicia,21
WY,F,1980,Tara,21
WY,F,1980,Ashley,20
WY,F,1980,Erica,20
WY,F,1980,Rachel,20
WY,F,1980,Holly,19
WY,F,1980,Brandi,18
WY,F,1980,Carrie,18
WY,F,1980,Danielle,18
WY,F,1980,Emily,18
WY,F,1980,Brooke,17
WY,F,1980,Karen,16
WY,F,1980,Kathryn,16
WY,F,1980,Samantha,16
WY,F,1980,Shannon,16
WY,F,1980,Brandy,15
WY,F,1980,Lindsey,15
WY,F,1980,Mandy,15
WY,F,1980,Stacey,15
WY,F,1980,Dawn,14
WY,F,1980,Kristin,14
WY,F,1980,Kristina,14
WY,F,1980,Monica,14
WY,F,1980,Katrina,13
WY,F,1980,Shawna,13
WY,F,1980,Tanya,13
WY,F,1980,Wendy,13
WY,F,1980,Anna,12
WY,F,1980,Autumn,12
WY,F,1980,Jenny,12
WY,F,1980,Kara,12
WY,F,1980,Patricia,12
WY,F,1980,Tammy,12
WY,F,1980,Tasha,12
WY,F,1980,Theresa,12
WY,F,1980,Allison,11
WY,F,1980,Brenda,11
WY,F,1980,Candace,11
WY,F,1980,Cassandra,11
WY,F,1980,Courtney,11
WY,F,1980,Janelle,11
WY,F,1980,Kristen,11
WY,F,1980,Melanie,11
WY,F,1980,Melinda,11
WY,F,1980,Toni,11
WY,F,1980,Vanessa,11
WY,F,1980,Veronica,11
WY,F,1980,Victoria,11
WY,F,1980,Brittany,10
WY,F,1980,Candice,10
WY,F,1980,Cynthia,10
WY,F,1980,Desiree,10
WY,F,1980,Gina,10
WY,F,1980,Jill,10
WY,F,1980,Krista,10
WY,F,1980,Leah,10
WY,F,1980,Lori,10
WY,F,1980,Robin,10
WY,F,1980,Alexis,9
WY,F,1980,Barbara,9
WY,F,1980,Julia,9
WY,F,1980,Kelli,9
WY,F,1980,Molly,9
WY,F,1980,Susan,9
WY,F,1980,Tracy,9
WY,F,1980,Trisha,9
WY,F,1980,Valerie,9
WY,F,1980,Alyssa,8
WY,F,1980,Bobbi,8
WY,F,1980,Brianne,8
WY,F,1980,Catherine,8
WY,F,1980,Christy,8
WY,F,1980,Donna,8
WY,F,1980,Jaclyn,8
WY,F,1980,Jacqueline,8
WY,F,1980,Kathleen,8
WY,F,1980,Kendra,8
WY,F,1980,Krystal,8
WY,F,1980,Lacey,8
WY,F,1980,Lacy,8
WY,F,1980,Margaret,8
WY,F,1980,Mariah,8
WY,F,1980,Michele,8
WY,F,1980,Miranda,8
WY,F,1980,Natalie,8
WY,F,1980,Renee,8
WY,F,1980,Sabrina,8
WY,F,1980,Sandra,8
WY,F,1980,Stacy,8
WY,F,1980,Tina,8
WY,F,1980,Tonya,8
WY,F,1980,Abigail,7
WY,F,1980,Aimee,7
WY,F,1980,Alisha,7
WY,F,1980,Alissa,7
WY,F,1980,Ann,7
WY,F,1980,Audrey,7
WY,F,1980,Bonnie,7
WY,F,1980,Dana,7
WY,F,1980,Denise,7
WY,F,1980,Jackie,7
WY,F,1980,Kari,7
WY,F,1980,Laurel,7
WY,F,1980,Leslie,7
WY,F,1980,Maria,7
WY,F,1980,Marie,7
WY,F,1980,Rebekah,7
WY,F,1980,Teresa,7
WY,F,1980,Anne,6
WY,F,1980,Aubrey,6
WY,F,1980,Beth,6
WY,F,1980,Bethany,6
WY,F,1980,Bridget,6
WY,F,1980,Chandra,6
WY,F,1980,Hannah,6
WY,F,1980,Hilary,6
WY,F,1980,Hillary,6
WY,F,1980,Jaime,6
WY,F,1980,Jenna,6
WY,F,1980,Jody,6
WY,F,1980,Leigh,6
WY,F,1980,Linda,6
WY,F,1980,Mindy,6
WY,F,1980,Nichole,6
WY,F,1980,Rita,6
WY,F,1980,Sheila,6
WY,F,1980,Sherry,6
WY,F,1980,Summer,6
WY,F,1980,Abby,5
WY,F,1980,Alana,5
WY,F,1980,Annette,5
WY,F,1980,Annie,5
WY,F,1980,Becky,5
WY,F,1980,Carissa,5
WY,F,1980,Carolyn,5
WY,F,1980,Charity,5
WY,F,1980,Christie,5
WY,F,1980,Cindy,5
WY,F,1980,Darci,5
WY,F,1980,Felicia,5
WY,F,1980,Hollie,5
WY,F,1980,Jeannie,5
WY,F,1980,Jenifer,5
WY,F,1980,Jodi,5
WY,F,1980,Kelsey,5
WY,F,1980,Kristy,5
WY,F,1980,Lynn,5
WY,F,1980,Mandie,5
WY,F,1980,Misti,5
WY,F,1980,Natasha,5
WY,F,1980,Rachelle,5
WY,F,1980,Robyn,5
WY,F,1980,Shanna,5
WY,F,1980,Shauna,5
WY,F,1980,Shelby,5
WY,F,1980,Shelley,5
WY,F,1980,Suzanne,5
WY,F,1980,Virginia,5
WY,F,1980,Whitney,5
WY,F,1980,Yolanda,5
WY,F,1981,Jennifer,158
WY,F,1981,Amanda,137
WY,F,1981,Jessica,133
WY,F,1981,Sarah,109
WY,F,1981,Amber,97
WY,F,1981,Melissa,90
WY,F,1981,Amy,63
WY,F,1981,Heather,59
WY,F,1981,Elizabeth,55
WY,F,1981,Michelle,54
WY,F,1981,Angela,52
WY,F,1981,Erin,52
WY,F,1981,Rebecca,50
WY,F,1981,Stephanie,50
WY,F,1981,Crystal,49
WY,F,1981,Jamie,48
WY,F,1981,Nicole,48
WY,F,1981,Sara,47
WY,F,1981,Tiffany,46
WY,F,1981,Rachel,43
WY,F,1981,Christina,42
WY,F,1981,Lisa,42
WY,F,1981,Andrea,37
WY,F,1981,Lindsey,36
WY,F,1981,Mary,36
WY,F,1981,Kimberly,33
WY,F,1981,Laura,27
WY,F,1981,Misty,27
WY,F,1981,Megan,26
WY,F,1981,Anna,25
WY,F,1981,Danielle,25
WY,F,1981,Brooke,24
WY,F,1981,Katie,24
WY,F,1981,Kelly,24
WY,F,1981,Kristin,24
WY,F,1981,Heidi,22
WY,F,1981,Kristen,22
WY,F,1981,April,20
WY,F,1981,Emily,20
WY,F,1981,Samantha,20
WY,F,1981,Ashley,19
WY,F,1981,Erica,19
WY,F,1981,Julie,19
WY,F,1981,Brandy,18
WY,F,1981,Shannon,18
WY,F,1981,Katherine,17
WY,F,1981,Lindsay,17
WY,F,1981,Alicia,16
WY,F,1981,Holly,16
WY,F,1981,Kara,16
WY,F,1981,Brandi,15
WY,F,1981,Christine,15
WY,F,1981,Dawn,15
WY,F,1981,Jenny,15
WY,F,1981,Brittany,14
WY,F,1981,Vanessa,14
WY,F,1981,Victoria,14
WY,F,1981,Cassandra,13
WY,F,1981,Jacqueline,13
WY,F,1981,Robin,13
WY,F,1981,Stacy,13
WY,F,1981,Tara,13
WY,F,1981,Alisha,12
WY,F,1981,Lacey,12
WY,F,1981,Leslie,12
WY,F,1981,Nichole,12
WY,F,1981,Trisha,12
WY,F,1981,Wendy,12
WY,F,1981,Alexis,11
WY,F,1981,Audrey,11
WY,F,1981,Candice,11
WY,F,1981,Cassie,11
WY,F,1981,Cynthia,11
WY,F,1981,Kathryn,11
WY,F,1981,Katrina,11
WY,F,1981,Mandy,11
WY,F,1981,Maria,11
WY,F,1981,Melanie,11
WY,F,1981,Sandra,11
WY,F,1981,Valerie,11
WY,F,1981,Catherine,10
WY,F,1981,Kathleen,10
WY,F,1981,Monica,10
WY,F,1981,Natalie,10
WY,F,1981,Patricia,10
WY,F,1981,Tracy,10
WY,F,1981,Bethany,9
WY,F,1981,Christy,9
WY,F,1981,Courtney,9
WY,F,1981,Erika,9
WY,F,1981,Jami,9
WY,F,1981,Jana,9
WY,F,1981,Jillian,9
WY,F,1981,Julia,9
WY,F,1981,Karen,9
WY,F,1981,Kari,9
WY,F,1981,Krista,9
WY,F,1981,Natasha,9
WY,F,1981,Rebekah,9
WY,F,1981,Sabrina,9
WY,F,1981,Tasha,9
WY,F,1981,Tonya,9
WY,F,1981,Whitney,9
WY,F,1981,Anne,8
WY,F,1981,Autumn,8
WY,F,1981,Barbara,8
WY,F,1981,Gina,8
WY,F,1981,Kristy,8
WY,F,1981,Leah,8
WY,F,1981,Mandi,8
WY,F,1981,Mindy,8
WY,F,1981,Rachael,8
WY,F,1981,Ryan,8
WY,F,1981,Susan,8
WY,F,1981,Tamara,8
WY,F,1981,Abby,7
WY,F,1981,Allison,7
WY,F,1981,Angel,7
WY,F,1981,Bobbi,7
WY,F,1981,Candace,7
WY,F,1981,Carrie,7
WY,F,1981,Desiree,7
WY,F,1981,Katy,7
WY,F,1981,Kendra,7
WY,F,1981,Kristi,7
WY,F,1981,Lauren,7
WY,F,1981,Meghan,7
WY,F,1981,Miranda,7
WY,F,1981,Nina,7
WY,F,1981,Summer,7
WY,F,1981,Tammy,7
WY,F,1981,Teresa,7
WY,F,1981,Abigail,6
WY,F,1981,Adrienne,6
WY,F,1981,Aimee,6
WY,F,1981,Alison,6
WY,F,1981,Ashlee,6
WY,F,1981,Brenda,6
WY,F,1981,Bridget,6
WY,F,1981,Cara,6
WY,F,1981,Colleen,6
WY,F,1981,Dana,6
WY,F,1981,Dusty,6
WY,F,1981,Jayme,6
WY,F,1981,Lori,6
WY,F,1981,Margaret,6
WY,F,1981,Misti,6
WY,F,1981,Paula,6
WY,F,1981,Renae,6
WY,F,1981,Shawna,6
WY,F,1981,Stacey,6
WY,F,1981,Tabitha,6
WY,F,1981,Tessa,6
WY,F,1981,Tina,6
WY,F,1981,Alyssa,5
WY,F,1981,Annette,5
WY,F,1981,Betsy,5
WY,F,1981,Bonnie,5
WY,F,1981,Brook,5
WY,F,1981,Carly,5
WY,F,1981,Carol,5
WY,F,1981,Casey,5
WY,F,1981,Cheryl,5
WY,F,1981,Deborah,5
WY,F,1981,Denise,5
WY,F,1981,Fawn,5
WY,F,1981,Gretchen,5
WY,F,1981,Jackie,5
WY,F,1981,Janae,5
WY,F,1981,Janell,5
WY,F,1981,Janelle,5
WY,F,1981,Jesse,5
WY,F,1981,Jessie,5
WY,F,1981,Joanna,5
WY,F,1981,Jodi,5
WY,F,1981,Jodie,5
WY,F,1981,Kristina,5
WY,F,1981,Krystal,5
WY,F,1981,Lacy,5
WY,F,1981,Laurie,5
WY,F,1981,Marci,5
WY,F,1981,Marie,5
WY,F,1981,Martha,5
WY,F,1981,Michael,5
WY,F,1981,Molly,5
WY,F,1981,Pamela,5
WY,F,1981,Robyn,5
WY,F,1981,Sheila,5
WY,F,1981,Sonya,5
WY,F,1981,Staci,5
WY,F,1981,Theresa,5
WY,F,1981,Toni,5
WY,F,1982,Jennifer,166
WY,F,1982,Jessica,128
WY,F,1982,Amanda,109
WY,F,1982,Sarah,101
WY,F,1982,Amber,81
WY,F,1982,Amy,63
WY,F,1982,Stephanie,63
WY,F,1982,Melissa,61
WY,F,1982,Rebecca,56
WY,F,1982,Nicole,52
WY,F,1982,Angela,51
WY,F,1982,Crystal,51
WY,F,1982,Elizabeth,48
WY,F,1982,Heather,48
WY,F,1982,Erin,45
WY,F,1982,Michelle,45
WY,F,1982,Andrea,44
WY,F,1982,Sara,44
WY,F,1982,Emily,43
WY,F,1982,Tiffany,40
WY,F,1982,Jamie,39
WY,F,1982,Lindsey,37
WY,F,1982,Ashley,36
WY,F,1982,Danielle,36
WY,F,1982,Samantha,35
WY,F,1982,Kimberly,34
WY,F,1982,Christina,33
WY,F,1982,Shannon,31
WY,F,1982,Laura,30
WY,F,1982,April,29
WY,F,1982,Katie,28
WY,F,1982,Mary,28
WY,F,1982,Rachel,28
WY,F,1982,Cassandra,26
WY,F,1982,Lisa,26
WY,F,1982,Heidi,25
WY,F,1982,Kristin,25
WY,F,1982,Misty,25
WY,F,1982,Megan,24
WY,F,1982,Carrie,23
WY,F,1982,Katherine,23
WY,F,1982,Lindsay,23
WY,F,1982,Brandi,22
WY,F,1982,Kayla,22
WY,F,1982,Christine,20
WY,F,1982,Kelly,20
WY,F,1982,Kristen,20
WY,F,1982,Leslie,19
WY,F,1982,Alicia,18
WY,F,1982,Brandy,16
WY,F,1982,Brittany,16
WY,F,1982,Erica,16
WY,F,1982,Miranda,16
WY,F,1982,Anna,15
WY,F,1982,Brooke,15
WY,F,1982,Candice,15
WY,F,1982,Lacey,15
WY,F,1982,Stacy,15
WY,F,1982,Tara,15
WY,F,1982,Vanessa,15
WY,F,1982,Courtney,14
WY,F,1982,Holly,14
WY,F,1982,Jenny,14
WY,F,1982,Lauren,14
WY,F,1982,Maria,14
WY,F,1982,Monica,14
WY,F,1982,Stacey,14
WY,F,1982,Dawn,13
WY,F,1982,Kara,13
WY,F,1982,Kathleen,13
WY,F,1982,Katrina,13
WY,F,1982,Nichole,13
WY,F,1982,Sheena,13
WY,F,1982,Tammy,13
WY,F,1982,Catherine,12
WY,F,1982,Chelsea,12
WY,F,1982,Jacqueline,12
WY,F,1982,Kristy,12
WY,F,1982,Toni,12
WY,F,1982,Tonya,12
WY,F,1982,Trisha,12
WY,F,1982,Kari,11
WY,F,1982,Kristi,11
WY,F,1982,Leah,11
WY,F,1982,Natasha,11
WY,F,1982,Rachael,11
WY,F,1982,Sandra,11
WY,F,1982,Valerie,11
WY,F,1982,Alisha,10
WY,F,1982,Autumn,10
WY,F,1982,Colleen,10
WY,F,1982,Julie,10
WY,F,1982,Kathryn,10
WY,F,1982,Krista,10
WY,F,1982,Kristina,10
WY,F,1982,Alexis,9
WY,F,1982,Ann,9
WY,F,1982,Ashlee,9
WY,F,1982,Bethany,9
WY,F,1982,Cassie,9
WY,F,1982,Cody,9
WY,F,1982,Lacy,9
WY,F,1982,Mandy,9
WY,F,1982,Meghan,9
WY,F,1982,Natalie,9
WY,F,1982,Theresa,9
WY,F,1982,Angel,8
WY,F,1982,Anne,8
WY,F,1982,Brenda,8
WY,F,1982,Haley,8
WY,F,1982,Karen,8
WY,F,1982,Morgan,8
WY,F,1982,Patricia,8
WY,F,1982,Tasha,8
WY,F,1982,Tina,8
WY,F,1982,Abby,7
WY,F,1982,Aimee,7
WY,F,1982,Bridget,7
WY,F,1982,Brittney,7
WY,F,1982,Cara,7
WY,F,1982,Cynthia,7
WY,F,1982,Dana,7
WY,F,1982,Diana,7
WY,F,1982,Eva,7
WY,F,1982,Gina,7
WY,F,1982,Jessie,7
WY,F,1982,Jill,7
WY,F,1982,Jillian,7
WY,F,1982,Jodi,7
WY,F,1982,Kira,7
WY,F,1982,Krystal,7
WY,F,1982,Mindy,7
WY,F,1982,Rosanna,7
WY,F,1982,Sheila,7
WY,F,1982,Stefanie,7
WY,F,1982,Susan,7
WY,F,1982,Teresa,7
WY,F,1982,Traci,7
WY,F,1982,Tracy,7
WY,F,1982,Victoria,7
WY,F,1982,Whitney,7
WY,F,1982,Adrienne,6
WY,F,1982,Alison,6
WY,F,1982,Debra,6
WY,F,1982,Desiree,6
WY,F,1982,Erika,6
WY,F,1982,Jackie,6
WY,F,1982,Jenifer,6
WY,F,1982,Margaret,6
WY,F,1982,Melanie,6
WY,F,1982,Michele,6
WY,F,1982,Molly,6
WY,F,1982,Nancy,6
WY,F,1982,Pamela,6
WY,F,1982,Rebekah,6
WY,F,1982,Shanna,6
WY,F,1982,Shawna,6
WY,F,1982,Suzanne,6
WY,F,1982,Sylvia,6
WY,F,1982,Yolanda,6
WY,F,1982,Abigail,5
WY,F,1982,Afton,5
WY,F,1982,Alisa,5
WY,F,1982,Annie,5
WY,F,1982,Audrey,5
WY,F,1982,Barbara,5
WY,F,1982,Bobbie,5
WY,F,1982,Brianne,5
WY,F,1982,Britney,5
WY,F,1982,Casey,5
WY,F,1982,Charity,5
WY,F,1982,Cheryl,5
WY,F,1982,Christy,5
WY,F,1982,Elisa,5
WY,F,1982,Faith,5
WY,F,1982,Jaclyn,5
WY,F,1982,Jade,5
WY,F,1982,Jana,5
WY,F,1982,Jody,5
WY,F,1982,Jolene,5
WY,F,1982,Karla,5
WY,F,1982,Kate,5
WY,F,1982,Kelli,5
WY,F,1982,Kelsey,5
WY,F,1982,Kerri,5
WY,F,1982,Lori,5
WY,F,1982,Paige,5
WY,F,1982,Rhonda,5
WY,F,1982,Shelly,5
WY,F,1982,Sierra,5
WY,F,1982,Tamara,5
WY,F,1982,Tanya,5
WY,F,1983,Jessica,138
WY,F,1983,Jennifer,134
WY,F,1983,Amanda,109
WY,F,1983,Sarah,92
WY,F,1983,Ashley,82
WY,F,1983,Amber,65
WY,F,1983,Rebecca,62
WY,F,1983,Melissa,60
WY,F,1983,Nicole,60
WY,F,1983,Stephanie,60
WY,F,1983,Heather,52
WY,F,1983,Erin,49
WY,F,1983,Megan,49
WY,F,1983,Lindsey,48
WY,F,1983,Crystal,46
WY,F,1983,Amy,41
WY,F,1983,Christina,41
WY,F,1983,Elizabeth,40
WY,F,1983,Jamie,37
WY,F,1983,Andrea,36
WY,F,1983,Michelle,36
WY,F,1983,Rachel,35
WY,F,1983,Emily,33
WY,F,1983,Kimberly,33
WY,F,1983,Tiffany,33
WY,F,1983,Katherine,31
WY,F,1983,Katie,28
WY,F,1983,Kayla,28
WY,F,1983,Angela,27
WY,F,1983,Kristen,27
WY,F,1983,Sara,26
WY,F,1983,Kristin,25
WY,F,1983,Laura,25
WY,F,1983,Kelly,24
WY,F,1983,Lacey,24
WY,F,1983,Mary,24
WY,F,1983,Danielle,23
WY,F,1983,Holly,23
WY,F,1983,Chelsea,22
WY,F,1983,Heidi,22
WY,F,1983,Cassandra,20
WY,F,1983,Desiree,20
WY,F,1983,Tara,20
WY,F,1983,Brittany,19
WY,F,1983,Julie,18
WY,F,1983,Shannon,18
WY,F,1983,April,17
WY,F,1983,Kathryn,17
WY,F,1983,Krista,17
WY,F,1983,Lauren,17
WY,F,1983,Lisa,17
WY,F,1983,Brandi,16
WY,F,1983,Lindsay,16
WY,F,1983,Courtney,15
WY,F,1983,Erica,15
WY,F,1983,Kristina,15
WY,F,1983,Stacy,15
WY,F,1983,Alicia,14
WY,F,1983,Kari,14
WY,F,1983,Miranda,14
WY,F,1983,Anna,13
WY,F,1983,Hannah,13
WY,F,1983,Jillian,13
WY,F,1983,Lori,13
WY,F,1983,Allison,12
WY,F,1983,Kara,12
WY,F,1983,Molly,12
WY,F,1983,Natasha,12
WY,F,1983,Ashlee,11
WY,F,1983,Brooke,11
WY,F,1983,Margaret,11
WY,F,1983,Samantha,11
WY,F,1983,Shawna,11
WY,F,1983,Wendy,11
WY,F,1983,Autumn,10
WY,F,1983,Brandy,10
WY,F,1983,Candace,10
WY,F,1983,Erika,10
WY,F,1983,Jacqueline,10
WY,F,1983,Katrina,10
WY,F,1983,Kelsey,10
WY,F,1983,Meghan,10
WY,F,1983,Misty,10
WY,F,1983,Abby,9
WY,F,1983,Abigail,9
WY,F,1983,Bethany,9
WY,F,1983,Casey,9
WY,F,1983,Cassie,9
WY,F,1983,Catherine,9
WY,F,1983,Diana,9
WY,F,1983,Janelle,9
WY,F,1983,Krystal,9
WY,F,1983,Mandy,9
WY,F,1983,Maria,9
WY,F,1983,Stacey,9
WY,F,1983,Stefanie,9
WY,F,1983,Trisha,9
WY,F,1983,Victoria,9
WY,F,1983,Dana,8
WY,F,1983,Dawn,8
WY,F,1983,Kendra,8
WY,F,1983,Kristi,8
WY,F,1983,Lacy,8
WY,F,1983,Michele,8
WY,F,1983,Patricia,8
WY,F,1983,Robin,8
WY,F,1983,Tina,8
WY,F,1983,Adrienne,7
WY,F,1983,Aimee,7
WY,F,1983,Alisha,7
WY,F,1983,Chelsey,7
WY,F,1983,Christine,7
WY,F,1983,Denise,7
WY,F,1983,Jenny,7
WY,F,1983,Leah,7
WY,F,1983,Leslie,7
WY,F,1983,Marie,7
WY,F,1983,Morgan,7
WY,F,1983,Serena,7
WY,F,1983,Sheena,7
WY,F,1983,Teresa,7
WY,F,1983,Tessa,7
WY,F,1983,Valerie,7
WY,F,1983,Whitney,7
WY,F,1983,Alison,6
WY,F,1983,Beth,6
WY,F,1983,Carmen,6
WY,F,1983,Carrie,6
WY,F,1983,Christy,6
WY,F,1983,Haley,6
WY,F,1983,Jill,6
WY,F,1983,Jolene,6
WY,F,1983,Kira,6
WY,F,1983,Natalie,6
WY,F,1983,Nichole,6
WY,F,1983,Sabrina,6
WY,F,1983,Sandra,6
WY,F,1983,Summer,6
WY,F,1983,Tamara,6
WY,F,1983,Tanya,6
WY,F,1983,Theresa,6
WY,F,1983,Tonya,6
WY,F,1983,Trista,6
WY,F,1983,Vanessa,6
WY,F,1983,Vicki,6
WY,F,1983,Alexis,5
WY,F,1983,Anne,5
WY,F,1983,Audrey,5
WY,F,1983,Barbara,5
WY,F,1983,Brenda,5
WY,F,1983,Briana,5
WY,F,1983,Brittney,5
WY,F,1983,Candice,5
WY,F,1983,Carol,5
WY,F,1983,Chelsie,5
WY,F,1983,Codi,5
WY,F,1983,Gina,5
WY,F,1983,Helen,5
WY,F,1983,Jackie,5
WY,F,1983,Jade,5
WY,F,1983,Jody,5
WY,F,1983,Karen,5
WY,F,1983,Kathleen,5
WY,F,1983,Kristy,5
WY,F,1983,Linda,5
WY,F,1983,Melanie,5
WY,F,1983,Melinda,5
WY,F,1983,Mindy,5
WY,F,1983,Pamela,5
WY,F,1983,Randi,5
WY,F,1983,Robyn,5
WY,F,1983,Shelby,5
WY,F,1983,Susan,5
WY,F,1983,Tracy,5
WY,F,1983,Veronica,5
WY,F,1984,Jennifer,128
WY,F,1984,Jessica,117
WY,F,1984,Amanda,111
WY,F,1984,Ashley,95
WY,F,1984,Sarah,80
WY,F,1984,Heather,65
WY,F,1984,Stephanie,58
WY,F,1984,Nicole,57
WY,F,1984,Amber,54
WY,F,1984,Megan,54
WY,F,1984,Danielle,51
WY,F,1984,Andrea,46
WY,F,1984,Melissa,46
WY,F,1984,Tiffany,45
WY,F,1984,Amy,41
WY,F,1984,Erin,39
WY,F,1984,Rachel,37
WY,F,1984,Brittany,36
WY,F,1984,Crystal,35
WY,F,1984,Michelle,35
WY,F,1984,Angela,34
WY,F,1984,Rebecca,34
WY,F,1984,Katherine,33
WY,F,1984,Kristin,32
WY,F,1984,Elizabeth,31
WY,F,1984,Emily,31
WY,F,1984,Christina,29
WY,F,1984,Jamie,28
WY,F,1984,Shannon,27
WY,F,1984,Kayla,26
WY,F,1984,Kimberly,26
WY,F,1984,Lindsey,26
WY,F,1984,Lisa,26
WY,F,1984,April,24
WY,F,1984,Laura,24
WY,F,1984,Sara,24
WY,F,1984,Samantha,23
WY,F,1984,Chelsea,22
WY,F,1984,Katie,22
WY,F,1984,Alicia,21
WY,F,1984,Lindsay,21
WY,F,1984,Heidi,19
WY,F,1984,Tara,19
WY,F,1984,Jenna,18
WY,F,1984,Kristen,18
WY,F,1984,Anna,17
WY,F,1984,Holly,17
WY,F,1984,Kelly,17
WY,F,1984,Lacey,17
WY,F,1984,Mary,17
WY,F,1984,Misty,17
WY,F,1984,Lauren,16
WY,F,1984,Courtney,15
WY,F,1984,Krystal,15
WY,F,1984,Nichole,15
WY,F,1984,Brandi,14
WY,F,1984,Kathryn,14
WY,F,1984,Kelsey,14
WY,F,1984,Natasha,14
WY,F,1984,Stacy,14
WY,F,1984,Vanessa,14
WY,F,1984,Brooke,13
WY,F,1984,Julie,13
WY,F,1984,Tabitha,13
WY,F,1984,Cassandra,12
WY,F,1984,Erica,12
WY,F,1984,Margaret,12
WY,F,1984,Tonya,12
WY,F,1984,Carrie,11
WY,F,1984,Desiree,11
WY,F,1984,Katrina,11
WY,F,1984,Krista,11
WY,F,1984,Miranda,11
WY,F,1984,Tanya,11
WY,F,1984,Bethany,10
WY,F,1984,Brittney,10
WY,F,1984,Candice,10
WY,F,1984,Christine,10
WY,F,1984,Dana,10
WY,F,1984,Kathleen,10
WY,F,1984,Kristina,10
WY,F,1984,Meghan,10
WY,F,1984,Melanie,10
WY,F,1984,Trista,10
WY,F,1984,Ashlee,9
WY,F,1984,Audrey,9
WY,F,1984,Autumn,9
WY,F,1984,Jenny,9
WY,F,1984,Kendra,9
WY,F,1984,Sandra,9
WY,F,1984,Breanna,8
WY,F,1984,Brenda,8
WY,F,1984,Chelsey,8
WY,F,1984,Dawn,8
WY,F,1984,Kara,8
WY,F,1984,Kari,8
WY,F,1984,Kristy,8
WY,F,1984,Mandy,8
WY,F,1984,Maria,8
WY,F,1984,Mindy,8
WY,F,1984,Shanna,8
WY,F,1984,Sheena,8
WY,F,1984,Shelby,8
WY,F,1984,Stacey,8
WY,F,1984,Tasha,8
WY,F,1984,Teresa,8
WY,F,1984,Victoria,8
WY,F,1984,Whitney,8
WY,F,1984,Abby,7
WY,F,1984,Allison,7
WY,F,1984,Brandy,7
WY,F,1984,Candace,7
WY,F,1984,Catherine,7
WY,F,1984,Chelsie,7
WY,F,1984,Erika,7
WY,F,1984,Gina,7
WY,F,1984,Hannah,7
WY,F,1984,Jillian,7
WY,F,1984,Karen,7
WY,F,1984,Lacy,7
WY,F,1984,Leah,7
WY,F,1984,Leslie,7
WY,F,1984,Monica,7
WY,F,1984,Tamara,7
WY,F,1984,Theresa,7
WY,F,1984,Tina,7
WY,F,1984,Trisha,7
WY,F,1984,Veronica,7
WY,F,1984,Alexandra,6
WY,F,1984,Alexis,6
WY,F,1984,Alisha,6
WY,F,1984,Anne,6
WY,F,1984,Brianna,6
WY,F,1984,Christie,6
WY,F,1984,Cody,6
WY,F,1984,Elisabeth,6
WY,F,1984,Jami,6
WY,F,1984,Joanna,6
WY,F,1984,Julia,6
WY,F,1984,Kellie,6
WY,F,1984,Patricia,6
WY,F,1984,Rebekah,6
WY,F,1984,Shawna,6
WY,F,1984,Toni,6
WY,F,1984,Valerie,6
WY,F,1984,Alyssa,5
WY,F,1984,Carly,5
WY,F,1984,Cassidy,5
WY,F,1984,Cassie,5
WY,F,1984,Deborah,5
WY,F,1984,Diana,5
WY,F,1984,Jaime,5
WY,F,1984,Jolene,5
WY,F,1984,Kaylee,5
WY,F,1984,Kelli,5
WY,F,1984,Kristi,5
WY,F,1984,Marissa,5
WY,F,1984,Melinda,5
WY,F,1984,Michaela,5
WY,F,1984,Natalie,5
WY,F,1984,Randi,5
WY,F,1984,Renee,5
WY,F,1984,Rikki,5
WY,F,1984,Ruth,5
WY,F,1984,Shelly,5
WY,F,1984,Stacie,5
WY,F,1984,Traci,5
WY,F,1985,Jessica,128
WY,F,1985,Amanda,109
WY,F,1985,Ashley,102
WY,F,1985,Jennifer,93
WY,F,1985,Heather,72
WY,F,1985,Sarah,70
WY,F,1985,Megan,68
WY,F,1985,Nicole,60
WY,F,1985,Amber,51
WY,F,1985,Danielle,43
WY,F,1985,Stephanie,42
WY,F,1985,Brittany,40
WY,F,1985,Laura,39
WY,F,1985,Sara,39
WY,F,1985,Michelle,38
WY,F,1985,Jamie,37
WY,F,1985,Amy,36
WY,F,1985,Erin,36
WY,F,1985,Kimberly,34
WY,F,1985,Melissa,34
WY,F,1985,Tiffany,34
WY,F,1985,Andrea,32
WY,F,1985,Christina,32
WY,F,1985,Rachel,32
WY,F,1985,Lindsey,31
WY,F,1985,Elizabeth,29
WY,F,1985,Alicia,27
WY,F,1985,Crystal,27
WY,F,1985,Rebecca,27
WY,F,1985,Samantha,27
WY,F,1985,Katie,25
WY,F,1985,Katherine,23
WY,F,1985,Kayla,23
WY,F,1985,Chelsea,22
WY,F,1985,Jenna,20
WY,F,1985,Kelsey,20
WY,F,1985,Cassandra,18
WY,F,1985,Kelly,18
WY,F,1985,Anna,17
WY,F,1985,Emily,17
WY,F,1985,Kristen,17
WY,F,1985,Molly,17
WY,F,1985,Tara,17
WY,F,1985,Holly,16
WY,F,1985,Lacey,16
WY,F,1985,Lisa,16
WY,F,1985,Shannon,16
WY,F,1985,Angela,15
WY,F,1985,Brooke,15
WY,F,1985,Misty,15
WY,F,1985,Nichole,15
WY,F,1985,Sheena,15
WY,F,1985,Christine,14
WY,F,1985,Courtney,14
WY,F,1985,Kathryn,14
WY,F,1985,Kristina,14
WY,F,1985,Lindsay,14
WY,F,1985,Mary,14
WY,F,1985,Allison,13
WY,F,1985,Alyssa,13
WY,F,1985,Heidi,13
WY,F,1985,Brandy,12
WY,F,1985,Catherine,12
WY,F,1985,Hannah,12
WY,F,1985,Katrina,12
WY,F,1985,Trista,12
WY,F,1985,April,11
WY,F,1985,Ashlee,11
WY,F,1985,Brandi,11
WY,F,1985,Savannah,11
WY,F,1985,Alison,10
WY,F,1985,Brittney,10
WY,F,1985,Carrie,10
WY,F,1985,Julie,10
WY,F,1985,Kristi,10
WY,F,1985,Patricia,10
WY,F,1985,Vanessa,10
WY,F,1985,Whitney,10
WY,F,1985,Abby,9
WY,F,1985,Alisha,9
WY,F,1985,Brenda,9
WY,F,1985,Erica,9
WY,F,1985,Kara,9
WY,F,1985,Karen,9
WY,F,1985,Kathleen,9
WY,F,1985,Kristin,9
WY,F,1985,Lauren,9
WY,F,1985,Leslie,9
WY,F,1985,Alexis,8
WY,F,1985,Anne,8
WY,F,1985,Bethany,8
WY,F,1985,Briana,8
WY,F,1985,Chelsie,8
WY,F,1985,Dana,8
WY,F,1985,Jessie,8
WY,F,1985,Krista,8
WY,F,1985,Lacy,8
WY,F,1985,Margaret,8
WY,F,1985,Meghan,8
WY,F,1985,Melanie,8
WY,F,1985,Natalie,8
WY,F,1985,Rachael,8
WY,F,1985,Tabitha,8
WY,F,1985,Tasha,8
WY,F,1985,Cassie,7
WY,F,1985,Desirae,7
WY,F,1985,Desiree,7
WY,F,1985,Jenny,7
WY,F,1985,Kari,7
WY,F,1985,Kendra,7
WY,F,1985,Kristy,7
WY,F,1985,Krystal,7
WY,F,1985,Leah,7
WY,F,1985,Mindy,7
WY,F,1985,Rebekah,7
WY,F,1985,Stacy,7
WY,F,1985,Traci,7
WY,F,1985,Valerie,7
WY,F,1985,Ann,6
WY,F,1985,Annie,6
WY,F,1985,Autumn,6
WY,F,1985,Brianna,6
WY,F,1985,Britney,6
WY,F,1985,Diane,6
WY,F,1985,Hilary,6
WY,F,1985,Janelle,6
WY,F,1985,Janet,6
WY,F,1985,Jasmine,6
WY,F,1985,Jena,6
WY,F,1985,Jill,6
WY,F,1985,Jodi,6
WY,F,1985,Justine,6
WY,F,1985,Lori,6
WY,F,1985,Meagan,6
WY,F,1985,Miranda,6
WY,F,1985,Natasha,6
WY,F,1985,Susan,6
WY,F,1985,Tamara,6
WY,F,1985,Terra,6
WY,F,1985,Toni,6
WY,F,1985,Victoria,6
WY,F,1985,Alexandra,5
WY,F,1985,Ashlie,5
WY,F,1985,Audrey,5
WY,F,1985,Casey,5
WY,F,1985,Cassidy,5
WY,F,1985,Cheryl,5
WY,F,1985,Christy,5
WY,F,1985,Donna,5
WY,F,1985,Haley,5
WY,F,1985,Jayme,5
WY,F,1985,Jolene,5
WY,F,1985,Kate,5
WY,F,1985,Linda,5
WY,F,1985,Morgan,5
WY,F,1985,Naomi,5
WY,F,1985,Olivia,5
WY,F,1985,Paula,5
WY,F,1985,Renee,5
WY,F,1985,Shana,5
WY,F,1985,Shelby,5
WY,F,1985,Tanya,5
WY,F,1985,Teresa,5
WY,F,1985,Theresa,5
WY,F,1985,Tonya,5
WY,F,1985,Tracy,5
WY,F,1985,Veronica,5
WY,F,1985,Wendy,5
WY,F,1986,Jessica,98
WY,F,1986,Ashley,88
WY,F,1986,Amanda,83
WY,F,1986,Jennifer,80
WY,F,1986,Sarah,78
WY,F,1986,Megan,62
WY,F,1986,Stephanie,54
WY,F,1986,Amber,51
WY,F,1986,Brittany,49
WY,F,1986,Heather,48
WY,F,1986,Nicole,42
WY,F,1986,Amy,38
WY,F,1986,Whitney,38
WY,F,1986,Sara,33
WY,F,1986,Elizabeth,32
WY,F,1986,Melissa,32
WY,F,1986,Laura,30
WY,F,1986,Andrea,29
WY,F,1986,Christina,29
WY,F,1986,Crystal,29
WY,F,1986,Danielle,29
WY,F,1986,Rebecca,29
WY,F,1986,Samantha,29
WY,F,1986,Michelle,28
WY,F,1986,Emily,27
WY,F,1986,Kimberly,25
WY,F,1986,Rachel,25
WY,F,1986,Kayla,24
WY,F,1986,Tiffany,24
WY,F,1986,Jamie,23
WY,F,1986,Angela,22
WY,F,1986,Courtney,21
WY,F,1986,Erin,21
WY,F,1986,Kelsey,21
WY,F,1986,Lindsey,21
WY,F,1986,Katie,19
WY,F,1986,Mary,18
WY,F,1986,Alicia,17
WY,F,1986,Allison,17
WY,F,1986,Chelsea,17
WY,F,1986,Katherine,17
WY,F,1986,Kristen,15
WY,F,1986,Lauren,15
WY,F,1986,Brianna,14
WY,F,1986,Lisa,14
WY,F,1986,Anna,13
WY,F,1986,April,13
WY,F,1986,Brittney,13
WY,F,1986,Christine,13
WY,F,1986,Erica,13
WY,F,1986,Heidi,13
WY,F,1986,Holly,13
WY,F,1986,Jenna,13
WY,F,1986,Julie,13
WY,F,1986,Lacey,13
WY,F,1986,Kelly,12
WY,F,1986,Kristina,12
WY,F,1986,Lindsay,12
WY,F,1986,Misty,12
WY,F,1986,Tara,12
WY,F,1986,Krista,11
WY,F,1986,Shannon,11
WY,F,1986,Valerie,11
WY,F,1986,Vanessa,11
WY,F,1986,Alyssa,10
WY,F,1986,Brandi,10
WY,F,1986,Cassandra,10
WY,F,1986,Kathryn,10
WY,F,1986,Kristin,10
WY,F,1986,Natasha,10
WY,F,1986,Randi,10
WY,F,1986,Bethany,9
WY,F,1986,Brandy,9
WY,F,1986,Hannah,9
WY,F,1986,Karen,9
WY,F,1986,Katrina,9
WY,F,1986,Margaret,9
WY,F,1986,Maria,9
WY,F,1986,Natalie,9
WY,F,1986,Victoria,9
WY,F,1986,Casey,8
WY,F,1986,Desiree,8
WY,F,1986,Hailey,8
WY,F,1986,Jessie,8
WY,F,1986,Jordan,8
WY,F,1986,Kari,8
WY,F,1986,Leah,8
WY,F,1986,Leslie,8
WY,F,1986,Monica,8
WY,F,1986,Morgan,8
WY,F,1986,Teresa,8
WY,F,1986,Trista,8
WY,F,1986,Brooke,7
WY,F,1986,Cassie,7
WY,F,1986,Catherine,7
WY,F,1986,Chelsie,7
WY,F,1986,Christy,7
WY,F,1986,Jill,7
WY,F,1986,Kendra,7
WY,F,1986,Krystal,7
WY,F,1986,Mallory,7
WY,F,1986,Melanie,7
WY,F,1986,Nichole,7
WY,F,1986,Patricia,7
WY,F,1986,Savannah,7
WY,F,1986,Stacy,7
WY,F,1986,Susan,7
WY,F,1986,Ashlee,6
WY,F,1986,Ashli,6
WY,F,1986,Bailey,6
WY,F,1986,Briana,6
WY,F,1986,Cara,6
WY,F,1986,Chelsey,6
WY,F,1986,Cody,6
WY,F,1986,Erika,6
WY,F,1986,Jenny,6
WY,F,1986,Jillian,6
WY,F,1986,Kathleen,6
WY,F,1986,Lacy,6
WY,F,1986,Meagan,6
WY,F,1986,Pamela,6
WY,F,1986,Rebekah,6
WY,F,1986,Sheena,6
WY,F,1986,Stacey,6
WY,F,1986,Tanya,6
WY,F,1986,Tasha,6
WY,F,1986,Terra,6
WY,F,1986,Theresa,6
WY,F,1986,Alison,5
WY,F,1986,Alissa,5
WY,F,1986,Allyson,5
WY,F,1986,Ana,5
WY,F,1986,Autumn,5
WY,F,1986,Breanna,5
WY,F,1986,Breanne,5
WY,F,1986,Caitlin,5
WY,F,1986,Cynthia,5
WY,F,1986,Dawn,5
WY,F,1986,Elise,5
WY,F,1986,Jackie,5
WY,F,1986,Jami,5
WY,F,1986,Kellie,5
WY,F,1986,Mandy,5
WY,F,1986,Mariah,5
WY,F,1986,Molly,5
WY,F,1986,Rachael,5
WY,F,1986,Robin,5
WY,F,1986,Sasha,5
WY,F,1986,Savanna,5
WY,F,1986,Shawna,5
WY,F,1986,Tabitha,5
WY,F,1986,Tamara,5
WY,F,1987,Ashley,101
WY,F,1987,Jessica,99
WY,F,1987,Amanda,81
WY,F,1987,Jennifer,67
WY,F,1987,Sarah,60
WY,F,1987,Samantha,53
WY,F,1987,Nicole,47
WY,F,1987,Heather,44
WY,F,1987,Brittany,42
WY,F,1987,Megan,41
WY,F,1987,Amber,40
WY,F,1987,Stephanie,39
WY,F,1987,Danielle,38
WY,F,1987,Kayla,35
WY,F,1987,Amy,31
WY,F,1987,Michelle,29
WY,F,1987,Erin,28
WY,F,1987,Rachel,28
WY,F,1987,Whitney,28
WY,F,1987,Elizabeth,27
WY,F,1987,Jamie,24
WY,F,1987,Kimberly,23
WY,F,1987,Laura,23
WY,F,1987,Katherine,22
WY,F,1987,Kelsey,22
WY,F,1987,Melissa,22
WY,F,1987,Emily,21
WY,F,1987,Lacey,21
WY,F,1987,Katie,20
WY,F,1987,Sara,20
WY,F,1987,Tara,20
WY,F,1987,Rebecca,19
WY,F,1987,Chelsea,18
WY,F,1987,Crystal,18
WY,F,1987,Tiffany,18
WY,F,1987,Erica,16
WY,F,1987,Alicia,14
WY,F,1987,Cassandra,14
WY,F,1987,Alyssa,13
WY,F,1987,April,13
WY,F,1987,Ashlee,13
WY,F,1987,Kelly,13
WY,F,1987,Kristen,13
WY,F,1987,Mary,13
WY,F,1987,Brittney,12
WY,F,1987,Christina,12
WY,F,1987,Courtney,12
WY,F,1987,Holly,12
WY,F,1987,Krista,12
WY,F,1987,Allison,11
WY,F,1987,Angela,11
WY,F,1987,Jenna,11
WY,F,1987,Lauren,11
WY,F,1987,Hannah,10
WY,F,1987,Jacqueline,10
WY,F,1987,Rachael,10
WY,F,1987,Andrea,9
WY,F,1987,Anna,9
WY,F,1987,Bethany,9
WY,F,1987,Carrie,9
WY,F,1987,Kara,9
WY,F,1987,Kathryn,9
WY,F,1987,Kristin,9
WY,F,1987,Lindsey,9
WY,F,1987,Lisa,9
WY,F,1987,Natalie,9
WY,F,1987,Natasha,9
WY,F,1987,Paige,9
WY,F,1987,Vanessa,9
WY,F,1987,Alexandra,8
WY,F,1987,Brandi,8
WY,F,1987,Brandy,8
WY,F,1987,Briana,8
WY,F,1987,Brooke,8
WY,F,1987,Caitlin,8
WY,F,1987,Chelsey,8
WY,F,1987,Felicia,8
WY,F,1987,Kendra,8
WY,F,1987,Krystal,8
WY,F,1987,Leslie,8
WY,F,1987,Lindsay,8
WY,F,1987,Casey,7
WY,F,1987,Catherine,7
WY,F,1987,Christine,7
WY,F,1987,Jenny,7
WY,F,1987,Julie,7
WY,F,1987,Mallory,7
WY,F,1987,Nichole,7
WY,F,1987,Teresa,7
WY,F,1987,Abby,6
WY,F,1987,Breanna,6
WY,F,1987,Brenna,6
WY,F,1987,Brianna,6
WY,F,1987,Erika,6
WY,F,1987,Haley,6
WY,F,1987,Kathleen,6
WY,F,1987,Katrina,6
WY,F,1987,Kaylee,6
WY,F,1987,Kelli,6
WY,F,1987,Molly,6
WY,F,1987,Morgan,6
WY,F,1987,Nikita,6
WY,F,1987,Nikki,6
WY,F,1987,Savannah,6
WY,F,1987,Tanya,6
WY,F,1987,Alisha,5
WY,F,1987,Barbara,5
WY,F,1987,Brianne,5
WY,F,1987,Chelsie,5
WY,F,1987,Cortney,5
WY,F,1987,Diana,5
WY,F,1987,Heidi,5
WY,F,1987,Hillary,5
WY,F,1987,Jessie,5
WY,F,1987,Julia,5
WY,F,1987,Karen,5
WY,F,1987,Kristy,5
WY,F,1987,Leah,5
WY,F,1987,Lori,5
WY,F,1987,Lyndsey,5
WY,F,1987,Monica,5
WY,F,1987,Olivia,5
WY,F,1987,Robin,5
WY,F,1987,Robyn,5
WY,F,1987,Shannon,5
WY,F,1987,Stacey,5
WY,F,1987,Sylvia,5
WY,F,1987,Tabitha,5
WY,F,1987,Victoria,5
WY,F,1988,Jessica,96
WY,F,1988,Ashley,88
WY,F,1988,Amanda,65
WY,F,1988,Sarah,58
WY,F,1988,Samantha,50
WY,F,1988,Jennifer,49
WY,F,1988,Amber,43
WY,F,1988,Kayla,42
WY,F,1988,Brittany,41
WY,F,1988,Heather,38
WY,F,1988,Megan,32
WY,F,1988,Nicole,31
WY,F,1988,Amy,30
WY,F,1988,Stephanie,28
WY,F,1988,Elizabeth,25
WY,F,1988,Danielle,24
WY,F,1988,Emily,24
WY,F,1988,Melissa,24
WY,F,1988,Whitney,24
WY,F,1988,Courtney,22
WY,F,1988,Jamie,22
WY,F,1988,Kimberly,22
WY,F,1988,Tiffany,22
WY,F,1988,Rachel,21
WY,F,1988,Anna,20
WY,F,1988,Chelsea,19
WY,F,1988,Katie,19
WY,F,1988,Michelle,19
WY,F,1988,Christina,18
WY,F,1988,Erin,18
WY,F,1988,Kelsey,18
WY,F,1988,Alyssa,17
WY,F,1988,Crystal,17
WY,F,1988,Laura,17
WY,F,1988,Lindsey,17
WY,F,1988,Sara,16
WY,F,1988,Katherine,15
WY,F,1988,Lauren,15
WY,F,1988,Lisa,15
WY,F,1988,Rebecca,15
WY,F,1988,Shannon,14
WY,F,1988,Allison,13
WY,F,1988,Andrea,13
WY,F,1988,Brittney,13
WY,F,1988,Angela,12
WY,F,1988,Holly,12
WY,F,1988,Kelly,12
WY,F,1988,Alisha,11
WY,F,1988,Cassandra,11
WY,F,1988,Erica,11
WY,F,1988,Misty,11
WY,F,1988,Molly,11
WY,F,1988,Natasha,11
WY,F,1988,April,10
WY,F,1988,Brianna,10
WY,F,1988,Jenna,10
WY,F,1988,Kristin,10
WY,F,1988,Alexandra,9
WY,F,1988,Hannah,9
WY,F,1988,Kathryn,9
WY,F,1988,Kristen,9
WY,F,1988,Kristina,9
WY,F,1988,Mary,9
WY,F,1988,Tara,9
WY,F,1988,Vanessa,9
WY,F,1988,Alicia,8
WY,F,1988,Brandi,8
WY,F,1988,Caitlin,8
WY,F,1988,Chelsey,8
WY,F,1988,Desiree,8
WY,F,1988,Haley,8
WY,F,1988,Jessie,8
WY,F,1988,Kaitlyn,8
WY,F,1988,Kendra,8
WY,F,1988,Krystal,8
WY,F,1988,Kylie,8
WY,F,1988,Lindsay,8
WY,F,1988,Marissa,8
WY,F,1988,Melanie,8
WY,F,1988,Nichole,8
WY,F,1988,Sierra,8
WY,F,1988,Abby,7
WY,F,1988,Ashlee,7
WY,F,1988,Cassie,7
WY,F,1988,Chelsie,7
WY,F,1988,Christine,7
WY,F,1988,Cortney,7
WY,F,1988,Dawn,7
WY,F,1988,Kara,7
WY,F,1988,Kelley,7
WY,F,1988,Miranda,7
WY,F,1988,Morgan,7
WY,F,1988,Natalie,7
WY,F,1988,Aimee,6
WY,F,1988,Ann,6
WY,F,1988,Bailey,6
WY,F,1988,Brooke,6
WY,F,1988,Candace,6
WY,F,1988,Hilary,6
WY,F,1988,Jordan,6
WY,F,1988,Katrina,6
WY,F,1988,Krista,6
WY,F,1988,Lacy,6
WY,F,1988,Leah,6
WY,F,1988,Meagan,6
WY,F,1988,Michaela,6
WY,F,1988,Trisha,6
WY,F,1988,Caroline,5
WY,F,1988,Casey,5
WY,F,1988,Gabrielle,5
WY,F,1988,Jacqueline,5
WY,F,1988,Jaime,5
WY,F,1988,Jami,5
WY,F,1988,Jillian,5
WY,F,1988,Kari,5
WY,F,1988,Kelli,5
WY,F,1988,Lara,5
WY,F,1988,Maria,5
WY,F,1988,Paige,5
WY,F,1988,Patricia,5
WY,F,1988,Shawna,5
WY,F,1988,Stacy,5
WY,F,1988,Sydney,5
WY,F,1988,Tessa,5
WY,F,1988,Valerie,5
WY,F,1989,Jessica,79
WY,F,1989,Ashley,68
WY,F,1989,Sarah,55
WY,F,1989,Amanda,52
WY,F,1989,Brittany,50
WY,F,1989,Jennifer,40
WY,F,1989,Samantha,40
WY,F,1989,Elizabeth,36
WY,F,1989,Danielle,35
WY,F,1989,Kayla,34
WY,F,1989,Kelsey,32
WY,F,1989,Megan,32
WY,F,1989,Amber,31
WY,F,1989,Heather,28
WY,F,1989,Emily,27
WY,F,1989,Nicole,24
WY,F,1989,Stephanie,24
WY,F,1989,Tiffany,22
WY,F,1989,Whitney,21
WY,F,1989,Chelsea,20
WY,F,1989,Rebecca,20
WY,F,1989,Crystal,19
WY,F,1989,Sara,19
WY,F,1989,Michelle,18
WY,F,1989,Brittney,17
WY,F,1989,Cassandra,17
WY,F,1989,Katherine,17
WY,F,1989,Kimberly,17
WY,F,1989,Lauren,17
WY,F,1989,Amy,16
WY,F,1989,Christina,16
WY,F,1989,Katie,16
WY,F,1989,Laura,16
WY,F,1989,Melissa,16
WY,F,1989,Rachel,16
WY,F,1989,Anna,15
WY,F,1989,Brianna,15
WY,F,1989,Erin,15
WY,F,1989,Hannah,15
WY,F,1989,Jamie,15
WY,F,1989,Allison,14
WY,F,1989,Caitlin,14
WY,F,1989,Holly,14
WY,F,1989,Lindsey,14
WY,F,1989,Andrea,13
WY,F,1989,Courtney,13
WY,F,1989,Jordan,13
WY,F,1989,Mary,13
WY,F,1989,Alicia,12
WY,F,1989,Alyssa,11
WY,F,1989,April,11
WY,F,1989,Christine,11
WY,F,1989,Erica,11
WY,F,1989,Kathryn,11
WY,F,1989,Kylie,11
WY,F,1989,Lacey,11
WY,F,1989,Shannon,11
WY,F,1989,Brandi,10
WY,F,1989,Julie,10
WY,F,1989,Kara,10
WY,F,1989,Kristen,10
WY,F,1989,Tara,10
WY,F,1989,Autumn,9
WY,F,1989,Casey,9
WY,F,1989,Catherine,9
WY,F,1989,Erika,9
WY,F,1989,Kaitlyn,9
WY,F,1989,Morgan,9
WY,F,1989,Taylor,9
WY,F,1989,Alexandra,8
WY,F,1989,Angela,8
WY,F,1989,Chelsie,8
WY,F,1989,Katelyn,8
WY,F,1989,Kelli,8
WY,F,1989,Kelly,8
WY,F,1989,Nichole,8
WY,F,1989,Abigail,7
WY,F,1989,Ashlee,7
WY,F,1989,Bethany,7
WY,F,1989,Brooke,7
WY,F,1989,Chelsey,7
WY,F,1989,Desiree,7
WY,F,1989,Heidi,7
WY,F,1989,Jenna,7
WY,F,1989,Kaitlin,7
WY,F,1989,Kaycee,7
WY,F,1989,Kaylee,7
WY,F,1989,Kendra,7
WY,F,1989,Lindsay,7
WY,F,1989,Lisa,7
WY,F,1989,Marissa,7
WY,F,1989,Natalie,7
WY,F,1989,Rachael,7
WY,F,1989,Sierra,7
WY,F,1989,Trisha,7
WY,F,1989,Veronica,7
WY,F,1989,Alisha,6
WY,F,1989,Bailey,6
WY,F,1989,Breanna,6
WY,F,1989,Carrie,6
WY,F,1989,Cynthia,6
WY,F,1989,Jade,6
WY,F,1989,Josie,6
WY,F,1989,Kathleen,6
WY,F,1989,Kristin,6
WY,F,1989,Kylee,6
WY,F,1989,Maria,6
WY,F,1989,Meghan,6
WY,F,1989,Molly,6
WY,F,1989,Naomi,6
WY,F,1989,Sasha,6
WY,F,1989,Savannah,6
WY,F,1989,Shelby,6
WY,F,1989,Tessa,6
WY,F,1989,Alexandria,5
WY,F,1989,Alexis,5
WY,F,1989,Anastasia,5
WY,F,1989,Aubrey,5
WY,F,1989,Brandy,5
WY,F,1989,Britney,5
WY,F,1989,Caitlyn,5
WY,F,1989,Devin,5
WY,F,1989,Kali,5
WY,F,1989,Kari,5
WY,F,1989,Karissa,5
WY,F,1989,Kellie,5
WY,F,1989,Krista,5
WY,F,1989,Kyla,5
WY,F,1989,Paige,5
WY,F,1989,Sabrina,5
WY,F,1989,Tamara,5
WY,F,1989,Trista,5
WY,F,1989,Valerie,5
WY,F,1989,Victoria,5
WY,F,1990,Ashley,73
WY,F,1990,Jessica,66
WY,F,1990,Amanda,46
WY,F,1990,Brittany,38
WY,F,1990,Samantha,37
WY,F,1990,Sarah,37
WY,F,1990,Kayla,36
WY,F,1990,Stephanie,36
WY,F,1990,Elizabeth,32
WY,F,1990,Jennifer,32
WY,F,1990,Amber,27
WY,F,1990,Danielle,27
WY,F,1990,Emily,27
WY,F,1990,Heather,27
WY,F,1990,Kelsey,27
WY,F,1990,Megan,27
WY,F,1990,Courtney,25
WY,F,1990,Chelsea,24
WY,F,1990,Rachel,24
WY,F,1990,Jamie,22
WY,F,1990,Hannah,21
WY,F,1990,Jordan,21
WY,F,1990,Lauren,21
WY,F,1990,Melissa,21
WY,F,1990,Alyssa,20
WY,F,1990,Katherine,20
WY,F,1990,Whitney,20
WY,F,1990,Nicole,19
WY,F,1990,Sara,19
WY,F,1990,Taylor,18
WY,F,1990,Brittney,17
WY,F,1990,Michelle,17
WY,F,1990,Laura,16
WY,F,1990,Christina,15
WY,F,1990,Amy,14
WY,F,1990,Morgan,14
WY,F,1990,Tiffany,14
WY,F,1990,Angela,13
WY,F,1990,Erin,13
WY,F,1990,Katie,13
WY,F,1990,Kristen,13
WY,F,1990,Lindsay,13
WY,F,1990,Tara,13
WY,F,1990,Anna,12
WY,F,1990,Brianna,12
WY,F,1990,Brooke,12
WY,F,1990,Erica,12
WY,F,1990,Kimberly,12
WY,F,1990,Lindsey,12
WY,F,1990,Mary,12
WY,F,1990,Nichole,12
WY,F,1990,Alexis,11
WY,F,1990,Alicia,11
WY,F,1990,Cassandra,11
WY,F,1990,Kelly,11
WY,F,1990,Shelby,11
WY,F,1990,Caitlin,10
WY,F,1990,Katelyn,10
WY,F,1990,Kendra,10
WY,F,1990,Rebecca,10
WY,F,1990,Shannon,10
WY,F,1990,Chelsey,9
WY,F,1990,Kathryn,9
WY,F,1990,Miranda,9
WY,F,1990,Rachael,9
WY,F,1990,Andrea,8
WY,F,1990,Brandi,8
WY,F,1990,Chelsie,8
WY,F,1990,Jenna,8
WY,F,1990,Kathleen,8
WY,F,1990,Kylee,8
WY,F,1990,Kylie,8
WY,F,1990,Lacey,8
WY,F,1990,Lisa,8
WY,F,1990,Allison,7
WY,F,1990,Ariel,7
WY,F,1990,Ashlee,7
WY,F,1990,Bethany,7
WY,F,1990,Briana,7
WY,F,1990,Britney,7
WY,F,1990,Erika,7
WY,F,1990,Mercedes,7
WY,F,1990,Olivia,7
WY,F,1990,Sierra,7
WY,F,1990,Abigail,6
WY,F,1990,Alissa,6
WY,F,1990,Ashleigh,6
WY,F,1990,Breanna,6
WY,F,1990,Breanne,6
WY,F,1990,Cassie,6
WY,F,1990,Catherine,6
WY,F,1990,Christine,6
WY,F,1990,Haley,6
WY,F,1990,Holly,6
WY,F,1990,Kaitlin,6
WY,F,1990,Katrina,6
WY,F,1990,Kristina,6
WY,F,1990,Krystal,6
WY,F,1990,Lacy,6
WY,F,1990,Leslie,6
WY,F,1990,Molly,6
WY,F,1990,Paige,6
WY,F,1990,Vanessa,6
WY,F,1990,Victoria,6
WY,F,1990,Wendy,6
WY,F,1990,Alexa,5
WY,F,1990,Alexandra,5
WY,F,1990,April,5
WY,F,1990,Ashton,5
WY,F,1990,Audrey,5
WY,F,1990,Bailey,5
WY,F,1990,Carissa,5
WY,F,1990,Casey,5
WY,F,1990,Felicia,5
WY,F,1990,Julie,5
WY,F,1990,Kaitlyn,5
WY,F,1990,Kelli,5
WY,F,1990,Kirsten,5
WY,F,1990,Kristin,5
WY,F,1990,Maria,5
WY,F,1990,Meagan,5
WY,F,1990,Natasha,5
WY,F,1990,Patricia,5
WY,F,1990,Rachelle,5
WY,F,1990,Renee,5
WY,F,1990,Tonya,5
WY,F,1991,Jessica,64
WY,F,1991,Ashley,61
WY,F,1991,Amanda,56
WY,F,1991,Sarah,47
WY,F,1991,Brittany,43
WY,F,1991,Shelby,41
WY,F,1991,Kayla,34
WY,F,1991,Samantha,32
WY,F,1991,Kelsey,30
WY,F,1991,Emily,29
WY,F,1991,Heather,29
WY,F,1991,Megan,29
WY,F,1991,Elizabeth,27
WY,F,1991,Jennifer,27
WY,F,1991,Stephanie,27
WY,F,1991,Nicole,26
WY,F,1991,Chelsea,23
WY,F,1991,Lauren,23
WY,F,1991,Danielle,22
WY,F,1991,Alyssa,20
WY,F,1991,Amber,20
WY,F,1991,Jordan,19
WY,F,1991,Katie,19
WY,F,1991,Melissa,19
WY,F,1991,Hannah,18
WY,F,1991,Mariah,18
WY,F,1991,Brianna,17
WY,F,1991,Kimberly,17
WY,F,1991,Miranda,16
WY,F,1991,Rachel,16
WY,F,1991,Amy,15
WY,F,1991,Christina,15
WY,F,1991,Courtney,15
WY,F,1991,Katherine,15
WY,F,1991,Michelle,15
WY,F,1991,Victoria,15
WY,F,1991,Anna,14
WY,F,1991,Jamie,14
WY,F,1991,Taylor,14
WY,F,1991,Tiffany,14
WY,F,1991,Brooke,13
WY,F,1991,Cassandra,13
WY,F,1991,Mary,13
WY,F,1991,Allison,12
WY,F,1991,Erica,12
WY,F,1991,Jenna,12
WY,F,1991,Laura,12
WY,F,1991,Lindsay,12
WY,F,1991,Alexandria,11
WY,F,1991,Ariel,11
WY,F,1991,Brittney,11
WY,F,1991,Kaylee,11
WY,F,1991,Kristen,11
WY,F,1991,Lindsey,11
WY,F,1991,Sara,11
WY,F,1991,Whitney,11
WY,F,1991,Ashlee,10
WY,F,1991,Morgan,10
WY,F,1991,Summer,10
WY,F,1991,Alexandra,9
WY,F,1991,Alicia,9
WY,F,1991,Catherine,9
WY,F,1991,Cheyenne,9
WY,F,1991,Jasmine,9
WY,F,1991,Katelyn,9
WY,F,1991,Kelly,9
WY,F,1991,Marissa,9
WY,F,1991,Natalie,9
WY,F,1991,Rebecca,9
WY,F,1991,Veronica,9
WY,F,1991,Abigail,8
WY,F,1991,Andrea,8
WY,F,1991,Angela,8
WY,F,1991,Chelsey,8
WY,F,1991,Crystal,8
WY,F,1991,Erin,8
WY,F,1991,Krystal,8
WY,F,1991,Kylie,8
WY,F,1991,Lacey,8
WY,F,1991,Meghan,8
WY,F,1991,Vanessa,8
WY,F,1991,Alexa,7
WY,F,1991,Alexis,7
WY,F,1991,Britney,7
WY,F,1991,Kaitlin,7
WY,F,1991,Kara,7
WY,F,1991,Kassandra,7
WY,F,1991,Katrina,7
WY,F,1991,Kelsie,7
WY,F,1991,Melanie,7
WY,F,1991,Sierra,7
WY,F,1991,Autumn,6
WY,F,1991,Brandy,6
WY,F,1991,Breanna,6
WY,F,1991,Caitlin,6
WY,F,1991,Desiree,6
WY,F,1991,Erika,6
WY,F,1991,Grace,6
WY,F,1991,Haley,6
WY,F,1991,Jessie,6
WY,F,1991,Julia,6
WY,F,1991,Leah,6
WY,F,1991,Madison,6
WY,F,1991,Molly,6
WY,F,1991,Patricia,6
WY,F,1991,Rachael,6
WY,F,1991,Sydney,6
WY,F,1991,Tara,6
WY,F,1991,Alison,5
WY,F,1991,Bailey,5
WY,F,1991,Brandi,5
WY,F,1991,Brittani,5
WY,F,1991,Callie,5
WY,F,1991,Carissa,5
WY,F,1991,Carrie,5
WY,F,1991,Casey,5
WY,F,1991,Chelsie,5
WY,F,1991,Hanna,5
WY,F,1991,Holly,5
WY,F,1991,Jacqueline,5
WY,F,1991,Kathryn,5
WY,F,1991,Kelli,5
WY,F,1991,Monica,5
WY,F,1991,Natasha,5
WY,F,1991,Olivia,5
WY,F,1991,Paige,5
WY,F,1991,Randi,5
WY,F,1991,Raven,5
WY,F,1991,Tasha,5
WY,F,1992,Ashley,68
WY,F,1992,Jessica,58
WY,F,1992,Amanda,45
WY,F,1992,Brittany,40
WY,F,1992,Sarah,38
WY,F,1992,Kayla,36
WY,F,1992,Emily,34
WY,F,1992,Samantha,28
WY,F,1992,Taylor,27
WY,F,1992,Kelsey,26
WY,F,1992,Megan,26
WY,F,1992,Nicole,26
WY,F,1992,Danielle,25
WY,F,1992,Heather,25
WY,F,1992,Morgan,25
WY,F,1992,Elizabeth,23
WY,F,1992,Rachel,23
WY,F,1992,Shelby,23
WY,F,1992,Stephanie,23
WY,F,1992,Hannah,22
WY,F,1992,Kimberly,22
WY,F,1992,Mariah,21
WY,F,1992,Alyssa,20
WY,F,1992,Amber,19
WY,F,1992,Brianna,19
WY,F,1992,Chelsea,19
WY,F,1992,Courtney,19
WY,F,1992,Jennifer,19
WY,F,1992,Paige,19
WY,F,1992,Lauren,18
WY,F,1992,Michelle,18
WY,F,1992,Sara,17
WY,F,1992,Lindsey,16
WY,F,1992,Anna,15
WY,F,1992,Alicia,14
WY,F,1992,Breanna,14
WY,F,1992,Melissa,14
WY,F,1992,Miranda,13
WY,F,1992,Tiffany,13
WY,F,1992,Erin,12
WY,F,1992,Katherine,12
WY,F,1992,Kristen,12
WY,F,1992,Jenna,11
WY,F,1992,Kristin,11
WY,F,1992,Madison,11
WY,F,1992,Mary,11
WY,F,1992,Rebecca,11
WY,F,1992,Angela,10
WY,F,1992,Brittney,10
WY,F,1992,Laura,10
WY,F,1992,Alexis,9
WY,F,1992,Amy,9
WY,F,1992,Ashlee,9
WY,F,1992,Brooke,9
WY,F,1992,Hailey,9
WY,F,1992,Haley,9
WY,F,1992,Jasmine,9
WY,F,1992,Kathryn,9
WY,F,1992,Kaylee,9
WY,F,1992,Rachael,9
WY,F,1992,Alexandria,8
WY,F,1992,Cassandra,8
WY,F,1992,Jordan,8
WY,F,1992,Kaitlyn,8
WY,F,1992,Katelyn,8
WY,F,1992,Katrina,8
WY,F,1992,Kelly,8
WY,F,1992,Lacey,8
WY,F,1992,Whitney,8
WY,F,1992,Alexandra,7
WY,F,1992,Allison,7
WY,F,1992,Andrea,7
WY,F,1992,Carissa,7
WY,F,1992,Catherine,7
WY,F,1992,Chelsey,7
WY,F,1992,Christina,7
WY,F,1992,Erica,7
WY,F,1992,Jacqueline,7
WY,F,1992,Kara,7
WY,F,1992,Kathleen,7
WY,F,1992,Katie,7
WY,F,1992,Kendra,7
WY,F,1992,Lindsay,7
WY,F,1992,Lisa,7
WY,F,1992,Marissa,7
WY,F,1992,Randi,7
WY,F,1992,Victoria,7
WY,F,1992,Alissa,6
WY,F,1992,April,6
WY,F,1992,Autumn,6
WY,F,1992,Bailey,6
WY,F,1992,Briana,6
WY,F,1992,Caitlin,6
WY,F,1992,Crystal,6
WY,F,1992,Kaitlin,6
WY,F,1992,Kylee,6
WY,F,1992,Leslie,6
WY,F,1992,Mackenzie,6
WY,F,1992,Margaret,6
WY,F,1992,Natasha,6
WY,F,1992,Olivia,6
WY,F,1992,Alexa,5
WY,F,1992,Alison,5
WY,F,1992,Aubrey,5
WY,F,1992,Brandi,5
WY,F,1992,Bridget,5
WY,F,1992,Casey,5
WY,F,1992,Cassie,5
WY,F,1992,Cierra,5
WY,F,1992,Emma,5
WY,F,1992,Hailee,5
WY,F,1992,Hanna,5
WY,F,1992,Heidi,5
WY,F,1992,Hillary,5
WY,F,1992,Jamie,5
WY,F,1992,Jessie,5
WY,F,1992,Julia,5
WY,F,1992,Kelsie,5
WY,F,1992,Krista,5
WY,F,1992,Larissa,5
WY,F,1992,Madeline,5
WY,F,1992,Mckenzie,5
WY,F,1992,Meghan,5
WY,F,1992,Molly,5
WY,F,1992,Savannah,5
WY,F,1992,Shannon,5
WY,F,1992,Tiana,5
WY,F,1992,Vanessa,5
WY,F,1993,Ashley,56
WY,F,1993,Jessica,53
WY,F,1993,Taylor,47
WY,F,1993,Kayla,37
WY,F,1993,Megan,35
WY,F,1993,Emily,31
WY,F,1993,Amanda,27
WY,F,1993,Samantha,27
WY,F,1993,Sarah,27
WY,F,1993,Alexis,26
WY,F,1993,Brittany,26
WY,F,1993,Chelsea,26
WY,F,1993,Stephanie,24
WY,F,1993,Danielle,23
WY,F,1993,Hannah,23
WY,F,1993,Rebecca,23
WY,F,1993,Amber,21
WY,F,1993,Courtney,20
WY,F,1993,Jennifer,20
WY,F,1993,Katelyn,19
WY,F,1993,Lauren,19
WY,F,1993,Nicole,19
WY,F,1993,Sierra,19
WY,F,1993,Heather,18
WY,F,1993,Kelsey,18
WY,F,1993,Morgan,18
WY,F,1993,Brianna,17
WY,F,1993,Jordan,17
WY,F,1993,Mariah,17
WY,F,1993,Shelby,17
WY,F,1993,Elizabeth,16
WY,F,1993,Rachel,16
WY,F,1993,Michelle,15
WY,F,1993,Brittney,14
WY,F,1993,Kaylee,14
WY,F,1993,Alexandria,13
WY,F,1993,Christina,13
WY,F,1993,Erin,13
WY,F,1993,Victoria,13
WY,F,1993,Alyssa,12
WY,F,1993,Andrea,12
WY,F,1993,Marissa,12
WY,F,1993,Brooke,11
WY,F,1993,Jasmine,11
WY,F,1993,Kaitlyn,11
WY,F,1993,Katherine,11
WY,F,1993,Kimberly,11
WY,F,1993,Kristen,11
WY,F,1993,Abigail,10
WY,F,1993,Ashlee,10
WY,F,1993,Breanna,10
WY,F,1993,Kendra,10
WY,F,1993,Lacey,10
WY,F,1993,Alexandra,9
WY,F,1993,Amy,9
WY,F,1993,Caitlin,9
WY,F,1993,Chelsey,9
WY,F,1993,Haley,9
WY,F,1993,Kaitlin,9
WY,F,1993,Krista,9
WY,F,1993,Natalie,9
WY,F,1993,Rachael,9
WY,F,1993,Sara,9
WY,F,1993,Whitney,9
WY,F,1993,Autumn,8
WY,F,1993,Bailey,8
WY,F,1993,Christine,8
WY,F,1993,Holly,8
WY,F,1993,Jamie,8
WY,F,1993,Kylie,8
WY,F,1993,Mackenzie,8
WY,F,1993,Paige,8
WY,F,1993,Sabrina,8
WY,F,1993,Allison,7
WY,F,1993,Anna,7
WY,F,1993,Brandi,7
WY,F,1993,Cheyenne,7
WY,F,1993,Hailey,7
WY,F,1993,Lindsey,7
WY,F,1993,Madison,7
WY,F,1993,Meghan,7
WY,F,1993,Misty,7
WY,F,1993,Natasha,7
WY,F,1993,Sadie,7
WY,F,1993,Shannon,7
WY,F,1993,Tori,7
WY,F,1993,Tyler,7
WY,F,1993,Alicia,6
WY,F,1993,Anne,6
WY,F,1993,Bethany,6
WY,F,1993,Briana,6
WY,F,1993,Carly,6
WY,F,1993,Cierra,6
WY,F,1993,Erica,6
WY,F,1993,Erika,6
WY,F,1993,Jenna,6
WY,F,1993,Jessie,6
WY,F,1993,Kara,6
WY,F,1993,Kathryn,6
WY,F,1993,Kelli,6
WY,F,1993,Leslie,6
WY,F,1993,Lisa,6
WY,F,1993,Mikayla,6
WY,F,1993,Tiffany,6
WY,F,1993,Valerie,6
WY,F,1993,Vanessa,6
WY,F,1993,Veronica,6
WY,F,1993,Angela,5
WY,F,1993,Carrie,5
WY,F,1993,Cassandra,5
WY,F,1993,Cassidy,5
WY,F,1993,Chloe,5
WY,F,1993,Crystal,5
WY,F,1993,Desiree,5
WY,F,1993,Julie,5
WY,F,1993,Kari,5
WY,F,1993,Kassandra,5
WY,F,1993,Katrina,5
WY,F,1993,Kelly,5
WY,F,1993,Kelsie,5
WY,F,1993,Kylee,5
WY,F,1993,Leah,5
WY,F,1993,Lindsay,5
WY,F,1993,Melissa,5
WY,F,1993,Michaela,5
WY,F,1993,Patricia,5
WY,F,1993,Shayla,5
WY,F,1993,Tia,5
WY,F,1994,Ashley,57
WY,F,1994,Emily,38
WY,F,1994,Jessica,38
WY,F,1994,Amanda,37
WY,F,1994,Samantha,37
WY,F,1994,Taylor,36
WY,F,1994,Megan,35
WY,F,1994,Brittany,32
WY,F,1994,Kayla,31
WY,F,1994,Sarah,29
WY,F,1994,Alexis,23
WY,F,1994,Brianna,23
WY,F,1994,Jordan,23
WY,F,1994,Nicole,23
WY,F,1994,Elizabeth,22
WY,F,1994,Alyssa,21
WY,F,1994,Danielle,21
WY,F,1994,Hannah,21
WY,F,1994,Amber,19
WY,F,1994,Courtney,19
WY,F,1994,Kelsey,19
WY,F,1994,Anna,18
WY,F,1994,Rebecca,18
WY,F,1994,Brittney,16
WY,F,1994,Heather,16
WY,F,1994,Shelby,16
WY,F,1994,Hailey,15
WY,F,1994,Jamie,15
WY,F,1994,Katherine,15
WY,F,1994,Rachel,15
WY,F,1994,Sara,15
WY,F,1994,Alexandra,14
WY,F,1994,Mariah,14
WY,F,1994,Miranda,14
WY,F,1994,Paige,14
WY,F,1994,Melissa,13
WY,F,1994,Stephanie,13
WY,F,1994,Victoria,13
WY,F,1994,Erin,12
WY,F,1994,Marissa,12
WY,F,1994,Bailey,11
WY,F,1994,Jennifer,11
WY,F,1994,Morgan,11
WY,F,1994,Olivia,11
WY,F,1994,Abigail,10
WY,F,1994,Alexandria,10
WY,F,1994,Cassandra,10
WY,F,1994,Chelsea,10
WY,F,1994,Haley,10
WY,F,1994,Kaitlyn,10
WY,F,1994,Laura,10
WY,F,1994,Madison,10
WY,F,1994,Michelle,10
WY,F,1994,Allison,9
WY,F,1994,Ashlee,9
WY,F,1994,Cassidy,9
WY,F,1994,Holly,9
WY,F,1994,Jacqueline,9
WY,F,1994,Katie,9
WY,F,1994,Mckenzie,9
WY,F,1994,Natalie,9
WY,F,1994,Savannah,9
WY,F,1994,Sierra,9
WY,F,1994,Tessa,9
WY,F,1994,Tiffany,9
WY,F,1994,Abby,8
WY,F,1994,Breanna,8
WY,F,1994,Caitlin,8
WY,F,1994,Christina,8
WY,F,1994,Emma,8
WY,F,1994,Faith,8
WY,F,1994,Jessie,8
WY,F,1994,Kimberly,8
WY,F,1994,Kylie,8
WY,F,1994,Meghan,8
WY,F,1994,Nichole,8
WY,F,1994,Sydney,8
WY,F,1994,Brianne,7
WY,F,1994,Carly,7
WY,F,1994,Destiny,7
WY,F,1994,Gabrielle,7
WY,F,1994,Katelyn,7
WY,F,1994,Kristen,7
WY,F,1994,Lauren,7
WY,F,1994,Maria,7
WY,F,1994,Tori,7
WY,F,1994,Alicia,6
WY,F,1994,Amelia,6
WY,F,1994,Amy,6
WY,F,1994,Andrea,6
WY,F,1994,Aspen,6
WY,F,1994,Briana,6
WY,F,1994,Crystal,6
WY,F,1994,Erika,6
WY,F,1994,Jasmine,6
WY,F,1994,Kathryn,6
WY,F,1994,Kaylee,6
WY,F,1994,Kirsten,6
WY,F,1994,Laurel,6
WY,F,1994,Lindsey,6
WY,F,1994,Michaela,6
WY,F,1994,Randi,6
WY,F,1994,Tia,6
WY,F,1994,Autumn,5
WY,F,1994,Barbara,5
WY,F,1994,Bethany,5
WY,F,1994,Brenna,5
WY,F,1994,Brooke,5
WY,F,1994,Catherine,5
WY,F,1994,Chelsey,5
WY,F,1994,Christine,5
WY,F,1994,Justine,5
WY,F,1994,Karissa,5
WY,F,1994,Katelynn,5
WY,F,1994,Kaycee,5
WY,F,1994,Kelsie,5
WY,F,1994,Kendra,5
WY,F,1994,Lacey,5
WY,F,1994,Madeline,5
WY,F,1994,Makayla,5
WY,F,1994,Melanie,5
WY,F,1994,Mikayla,5
WY,F,1995,Jessica,36
WY,F,1995,Emily,35
WY,F,1995,Taylor,34
WY,F,1995,Hannah,32
WY,F,1995,Amanda,31
WY,F,1995,Ashley,31
WY,F,1995,Sarah,31
WY,F,1995,Megan,26
WY,F,1995,Courtney,24
WY,F,1995,Morgan,24
WY,F,1995,Shelby,23
WY,F,1995,Alexis,22
WY,F,1995,Samantha,22
WY,F,1995,Alyssa,21
WY,F,1995,Jordan,21
WY,F,1995,Elizabeth,20
WY,F,1995,Mariah,20
WY,F,1995,Brittany,19
WY,F,1995,Sara,19
WY,F,1995,Amber,18
WY,F,1995,Kaitlyn,18
WY,F,1995,Rachel,18
WY,F,1995,Alexandra,17
WY,F,1995,Danielle,17
WY,F,1995,Katherine,17
WY,F,1995,Madison,17
WY,F,1995,Brianna,16
WY,F,1995,Erin,16
WY,F,1995,Kayla,16
WY,F,1995,Abigail,15
WY,F,1995,Alexandria,15
WY,F,1995,Brooke,15
WY,F,1995,Heather,15
WY,F,1995,Kelsey,15
WY,F,1995,Nicole,15
WY,F,1995,Rebecca,15
WY,F,1995,Haley,14
WY,F,1995,Alicia,13
WY,F,1995,Cassidy,13
WY,F,1995,Chelsea,13
WY,F,1995,Paige,13
WY,F,1995,Anna,12
WY,F,1995,Bailey,12
WY,F,1995,Allison,11
WY,F,1995,Jasmine,11
WY,F,1995,Laura,11
WY,F,1995,Mackenzie,11
WY,F,1995,Sierra,11
WY,F,1995,Jamie,10
WY,F,1995,Michelle,10
WY,F,1995,Olivia,10
WY,F,1995,Rachael,10
WY,F,1995,Victoria,10
WY,F,1995,Breanna,9
WY,F,1995,Jessie,9
WY,F,1995,Julia,9
WY,F,1995,Katelyn,9
WY,F,1995,Kelly,9
WY,F,1995,Mckenna,9
WY,F,1995,Savannah,9
WY,F,1995,Stephanie,9
WY,F,1995,Cassandra,8
WY,F,1995,Jennifer,8
WY,F,1995,Kaylee,8
WY,F,1995,Kendra,8
WY,F,1995,Kylee,8
WY,F,1995,Lindsey,8
WY,F,1995,Lisa,8
WY,F,1995,Makayla,8
WY,F,1995,Melissa,8
WY,F,1995,Michaela,8
WY,F,1995,Mikayla,8
WY,F,1995,Tiffany,8
WY,F,1995,Andrea,7
WY,F,1995,April,7
WY,F,1995,Autumn,7
WY,F,1995,Caitlin,7
WY,F,1995,Caitlyn,7
WY,F,1995,Catherine,7
WY,F,1995,Emma,7
WY,F,1995,Kaitlin,7
WY,F,1995,Kassidy,7
WY,F,1995,Kristen,7
WY,F,1995,Lauren,7
WY,F,1995,Marisa,7
WY,F,1995,Marissa,7
WY,F,1995,Mckenzie,7
WY,F,1995,Natasha,7
WY,F,1995,Shannon,7
WY,F,1995,Whitney,7
WY,F,1995,Brandi,6
WY,F,1995,Briana,6
WY,F,1995,Brittney,6
WY,F,1995,Destiny,6
WY,F,1995,Faith,6
WY,F,1995,Gabrielle,6
WY,F,1995,Hanna,6
WY,F,1995,Isabella,6
WY,F,1995,Jordyn,6
WY,F,1995,Kimberly,6
WY,F,1995,Mercedes,6
WY,F,1995,Sydney,6
WY,F,1995,Abby,5
WY,F,1995,Alison,5
WY,F,1995,Bethany,5
WY,F,1995,Cheyenne,5
WY,F,1995,Christina,5
WY,F,1995,Crystal,5
WY,F,1995,Dana,5
WY,F,1995,Dominique,5
WY,F,1995,Haylee,5
WY,F,1995,Justice,5
WY,F,1995,Kara,5
WY,F,1995,Kathleen,5
WY,F,1995,Kylie,5
WY,F,1995,Mary,5
WY,F,1995,Miranda,5
WY,F,1995,Monica,5
WY,F,1995,Natalie,5
WY,F,1995,Sadie,5
WY,F,1995,Shaina,5
WY,F,1995,Shayla,5
WY,F,1995,Tabitha,5
WY,F,1995,Tara,5
WY,F,1995,Taryn,5
WY,F,1996,Taylor,44
WY,F,1996,Jessica,41
WY,F,1996,Ashley,40
WY,F,1996,Emily,38
WY,F,1996,Samantha,33
WY,F,1996,Megan,26
WY,F,1996,Morgan,26
WY,F,1996,Sarah,25
WY,F,1996,Kayla,24
WY,F,1996,Hannah,23
WY,F,1996,Madison,23
WY,F,1996,Shelby,23
WY,F,1996,Alyssa,22
WY,F,1996,Abigail,21
WY,F,1996,Rachel,21
WY,F,1996,Amanda,20
WY,F,1996,Bailey,20
WY,F,1996,Jordan,20
WY,F,1996,Courtney,19
WY,F,1996,Brittany,18
WY,F,1996,Elizabeth,18
WY,F,1996,Rebecca,18
WY,F,1996,Sierra,18
WY,F,1996,Alexis,17
WY,F,1996,Brianna,16
WY,F,1996,Cheyenne,15
WY,F,1996,Marissa,14
WY,F,1996,Alexandra,13
WY,F,1996,Jennifer,13
WY,F,1996,Melissa,13
WY,F,1996,Paige,13
WY,F,1996,Haley,12
WY,F,1996,Olivia,12
WY,F,1996,Savannah,12
WY,F,1996,Caitlin,11
WY,F,1996,Katie,11
WY,F,1996,Kelsey,11
WY,F,1996,Kylie,11
WY,F,1996,Mariah,11
WY,F,1996,Mikayla,11
WY,F,1996,Alexandria,10
WY,F,1996,Allison,10
WY,F,1996,Cassandra,10
WY,F,1996,Danielle,10
WY,F,1996,Destiny,10
WY,F,1996,Hailey,10
WY,F,1996,Heather,10
WY,F,1996,Julia,10
WY,F,1996,Katherine,10
WY,F,1996,Kimberly,10
WY,F,1996,Makayla,10
WY,F,1996,Nicole,10
WY,F,1996,Tiffany,10
WY,F,1996,Victoria,10
WY,F,1996,Amber,9
WY,F,1996,Brooke,9
WY,F,1996,Christina,9
WY,F,1996,Crystal,9
WY,F,1996,Katelyn,9
WY,F,1996,Sara,9
WY,F,1996,Ashton,8
WY,F,1996,Bethany,8
WY,F,1996,Breanna,8
WY,F,1996,Erica,8
WY,F,1996,Holly,8
WY,F,1996,Kaitlyn,8
WY,F,1996,Mary,8
WY,F,1996,Stephanie,8
WY,F,1996,Alicia,7
WY,F,1996,Brandi,7
WY,F,1996,Faith,7
WY,F,1996,Grace,7
WY,F,1996,Jade,7
WY,F,1996,Jasmine,7
WY,F,1996,Kathryn,7
WY,F,1996,Kylee,7
WY,F,1996,Lauren,7
WY,F,1996,Mackenzie,7
WY,F,1996,Mercedes,7
WY,F,1996,Sabrina,7
WY,F,1996,Sydney,7
WY,F,1996,Anna,6
WY,F,1996,Ashlee,6
WY,F,1996,Aspen,6
WY,F,1996,Brittney,6
WY,F,1996,Erika,6
WY,F,1996,Jordyn,6
WY,F,1996,Kaylee,6
WY,F,1996,Kristina,6
WY,F,1996,Kyla,6
WY,F,1996,Meagan,6
WY,F,1996,Michaela,6
WY,F,1996,Miranda,6
WY,F,1996,Nichole,6
WY,F,1996,Peyton,6
WY,F,1996,Rachael,6
WY,F,1996,Shania,6
WY,F,1996,Amelia,5
WY,F,1996,Amy,5
WY,F,1996,Andrea,5
WY,F,1996,Aubrey,5
WY,F,1996,Breanne,5
WY,F,1996,Dakota,5
WY,F,1996,Dominique,5
WY,F,1996,Emma,5
WY,F,1996,Erin,5
WY,F,1996,Hanna,5
WY,F,1996,Jamie,5
WY,F,1996,Jenna,5
WY,F,1996,Kristin,5
WY,F,1996,Maria,5
WY,F,1996,Mckenzie,5
WY,F,1996,Michelle,5
WY,F,1996,Natalie,5
WY,F,1996,Shayla,5
WY,F,1996,Trista,5
WY,F,1996,Tristan,5
WY,F,1996,Zoe,5
WY,F,1997,Emily,42
WY,F,1997,Taylor,42
WY,F,1997,Hannah,36
WY,F,1997,Samantha,34
WY,F,1997,Jessica,28
WY,F,1997,Ashley,27
WY,F,1997,Jordan,26
WY,F,1997,Megan,26
WY,F,1997,Bailey,23
WY,F,1997,Elizabeth,23
WY,F,1997,Sarah,23
WY,F,1997,Sierra,23
WY,F,1997,Morgan,22
WY,F,1997,Alexis,21
WY,F,1997,Madison,21
WY,F,1997,Courtney,20
WY,F,1997,Lauren,19
WY,F,1997,Abigail,18
WY,F,1997,Amber,17
WY,F,1997,Haley,17
WY,F,1997,Alyssa,16
WY,F,1997,Kayla,16
WY,F,1997,Rebecca,16
WY,F,1997,Shelby,16
WY,F,1997,Victoria,16
WY,F,1997,Rachel,15
WY,F,1997,Sara,15
WY,F,1997,Brooke,14
WY,F,1997,Mariah,14
WY,F,1997,Sydney,14
WY,F,1997,Kaitlyn,13
WY,F,1997,Katie,13
WY,F,1997,Alexandra,11
WY,F,1997,Aspen,11
WY,F,1997,Danielle,11
WY,F,1997,Erin,11
WY,F,1997,Mackenzie,11
WY,F,1997,Savannah,11
WY,F,1997,Amanda,10
WY,F,1997,Emma,10
WY,F,1997,Gabrielle,10
WY,F,1997,Katelyn,10
WY,F,1997,Kelsey,10
WY,F,1997,Kylee,10
WY,F,1997,Molly,10
WY,F,1997,Breanna,9
WY,F,1997,Brianna,9
WY,F,1997,Jade,9
WY,F,1997,Kaylee,9
WY,F,1997,Kendra,9
WY,F,1997,Kristen,9
WY,F,1997,Makayla,9
WY,F,1997,Marissa,9
WY,F,1997,Michaela,9
WY,F,1997,Miranda,9
WY,F,1997,Nicole,9
WY,F,1997,Ariel,8
WY,F,1997,Autumn,8
WY,F,1997,Hailey,8
WY,F,1997,Katelynn,8
WY,F,1997,Katherine,8
WY,F,1997,Laura,8
WY,F,1997,Riley,8
WY,F,1997,Stephanie,8
WY,F,1997,Bethany,7
WY,F,1997,Brittany,7
WY,F,1997,Jessie,7
WY,F,1997,Kimberly,7
WY,F,1997,Naomi,7
WY,F,1997,Natalie,7
WY,F,1997,Olivia,7
WY,F,1997,Paige,7
WY,F,1997,Vanessa,7
WY,F,1997,Veronica,7
WY,F,1997,Abby,6
WY,F,1997,Alicia,6
WY,F,1997,Amy,6
WY,F,1997,Brittney,6
WY,F,1997,Cassandra,6
WY,F,1997,Cassidy,6
WY,F,1997,Catherine,6
WY,F,1997,Chloe,6
WY,F,1997,Heather,6
WY,F,1997,Julia,6
WY,F,1997,Mary,6
WY,F,1997,Mercedes,6
WY,F,1997,Mikayla,6
WY,F,1997,Whitney,6
WY,F,1997,Adrianna,5
WY,F,1997,Alexa,5
WY,F,1997,Alexandria,5
WY,F,1997,Alissa,5
WY,F,1997,Allison,5
WY,F,1997,Anastasia,5
WY,F,1997,Andrea,5
WY,F,1997,Ashton,5
WY,F,1997,Caitlyn,5
WY,F,1997,Dakota,5
WY,F,1997,Delaney,5
WY,F,1997,Diana,5
WY,F,1997,Jasmine,5
WY,F,1997,Jenna,5
WY,F,1997,Jennifer,5
WY,F,1997,Jordyn,5
WY,F,1997,Josie,5
WY,F,1997,Justice,5
WY,F,1997,Kathryn,5
WY,F,1997,Makenzie,5
WY,F,1997,Melissa,5
WY,F,1997,Michelle,5
WY,F,1997,Natasha,5
WY,F,1997,Nichole,5
WY,F,1997,Payton,5
WY,F,1997,Rachael,5
WY,F,1997,Sabrina,5
WY,F,1997,Sage,5
WY,F,1997,Shannon,5
WY,F,1997,Shayla,5
WY,F,1997,Shayna,5
WY,F,1997,Tiffany,5
WY,F,1997,Zoe,5
WY,F,1998,Madison,34
WY,F,1998,Taylor,33
WY,F,1998,Sarah,32
WY,F,1998,Ashley,31
WY,F,1998,Emily,29
WY,F,1998,Hannah,29
WY,F,1998,Jessica,29
WY,F,1998,Alexis,28
WY,F,1998,Morgan,25
WY,F,1998,Bailey,23
WY,F,1998,Samantha,22
WY,F,1998,Alyssa,20
WY,F,1998,Haley,20
WY,F,1998,Abigail,19
WY,F,1998,Elizabeth,19
WY,F,1998,Jordan,19
WY,F,1998,Kayla,19
WY,F,1998,Sierra,19
WY,F,1998,Mariah,18
WY,F,1998,Nicole,18
WY,F,1998,Breanna,17
WY,F,1998,Megan,17
WY,F,1998,Shelby,17
WY,F,1998,Brooke,15
WY,F,1998,Jenna,15
WY,F,1998,Kaitlyn,15
WY,F,1998,Lauren,15
WY,F,1998,Savannah,15
WY,F,1998,Anna,14
WY,F,1998,Sara,14
WY,F,1998,Courtney,13
WY,F,1998,Rachel,13
WY,F,1998,Amanda,12
WY,F,1998,Mikayla,12
WY,F,1998,Rebecca,12
WY,F,1998,Victoria,12
WY,F,1998,Autumn,11
WY,F,1998,Brittany,11
WY,F,1998,Destiny,11
WY,F,1998,Gabrielle,11
WY,F,1998,Kaylee,11
WY,F,1998,Mary,11
WY,F,1998,Bethany,10
WY,F,1998,Brianna,10
WY,F,1998,Katherine,10
WY,F,1998,Katie,10
WY,F,1998,Kylie,10
WY,F,1998,Michaela,10
WY,F,1998,Olivia,10
WY,F,1998,Sydney,10
WY,F,1998,Alicia,9
WY,F,1998,Ashlee,9
WY,F,1998,Aubrey,9
WY,F,1998,Danielle,9
WY,F,1998,Jasmine,9
WY,F,1998,Makayla,9
WY,F,1998,Paige,9
WY,F,1998,Alexandria,8
WY,F,1998,Allison,8
WY,F,1998,Baylee,8
WY,F,1998,Jade,8
WY,F,1998,Kimberly,8
WY,F,1998,Kylee,8
WY,F,1998,Kyleigh,8
WY,F,1998,Miranda,8
WY,F,1998,Andrea,7
WY,F,1998,Caitlin,7
WY,F,1998,Cheyenne,7
WY,F,1998,Chloe,7
WY,F,1998,Emma,7
WY,F,1998,Hailey,7
WY,F,1998,Heather,7
WY,F,1998,Katelyn,7
WY,F,1998,Katelynn,7
WY,F,1998,Kendra,7
WY,F,1998,Kira,7
WY,F,1998,Laura,7
WY,F,1998,Mackenzie,7
WY,F,1998,Meghan,7
WY,F,1998,Shaylee,7
WY,F,1998,Stephanie,7
WY,F,1998,Alexandra,6
WY,F,1998,Amber,6
WY,F,1998,Anastasia,6
WY,F,1998,Bailee,6
WY,F,1998,Destinee,6
WY,F,1998,Jennifer,6
WY,F,1998,Lillian,6
WY,F,1998,Madeline,6
WY,F,1998,Maria,6
WY,F,1998,Mckayla,6
WY,F,1998,Mckenzie,6
WY,F,1998,Melissa,6
WY,F,1998,Michelle,6
WY,F,1998,Molly,6
WY,F,1998,Sabrina,6
WY,F,1998,Tessa,6
WY,F,1998,Amy,5
WY,F,1998,Ashlyn,5
WY,F,1998,Brittney,5
WY,F,1998,Brooklynn,5
WY,F,1998,Chelsea,5
WY,F,1998,Echo,5
WY,F,1998,Erin,5
WY,F,1998,Grace,5
WY,F,1998,Isabel,5
WY,F,1998,Julia,5
WY,F,1998,Kaitlin,5
WY,F,1998,Kara,5
WY,F,1998,Kiara,5
WY,F,1998,Kristen,5
WY,F,1998,Makenzie,5
WY,F,1998,Mckenna,5
WY,F,1998,Rachael,5
WY,F,1998,Rebekah,5
WY,F,1998,Tayler,5
WY,F,1998,Tiffany,5
WY,F,1998,Tori,5
WY,F,1998,Vanessa,5
WY,F,1998,Zoe,5
WY,F,1999,Taylor,37
WY,F,1999,Hannah,36
WY,F,1999,Madison,35
WY,F,1999,Emily,26
WY,F,1999,Samantha,26
WY,F,1999,Elizabeth,25
WY,F,1999,Sierra,23
WY,F,1999,Alexis,22
WY,F,1999,Ashley,22
WY,F,1999,Brianna,20
WY,F,1999,Emma,19
WY,F,1999,Rachel,19
WY,F,1999,Kaylee,18
WY,F,1999,Abigail,17
WY,F,1999,Jessica,17
WY,F,1999,Kayla,17
WY,F,1999,Savannah,17
WY,F,1999,Mariah,16
WY,F,1999,Megan,16
WY,F,1999,Amanda,15
WY,F,1999,Haley,15
WY,F,1999,Sydney,15
WY,F,1999,Victoria,15
WY,F,1999,Alexandra,14
WY,F,1999,Bailey,14
WY,F,1999,Courtney,14
WY,F,1999,Jordan,14
WY,F,1999,Sarah,14
WY,F,1999,Amber,13
WY,F,1999,Anna,13
WY,F,1999,Grace,13
WY,F,1999,Morgan,13
WY,F,1999,Nicole,13
WY,F,1999,Alyssa,12
WY,F,1999,Breanna,12
WY,F,1999,Hailey,12
WY,F,1999,Kaitlyn,12
WY,F,1999,Mackenzie,12
WY,F,1999,Rebecca,12
WY,F,1999,Sara,12
WY,F,1999,Ashlyn,11
WY,F,1999,Brittany,11
WY,F,1999,Brooke,11
WY,F,1999,Cassidy,11
WY,F,1999,Destiny,11
WY,F,1999,Claire,10
WY,F,1999,Faith,10
WY,F,1999,Katie,10
WY,F,1999,Natalie,10
WY,F,1999,Shelby,10
WY,F,1999,Brittney,9
WY,F,1999,Dakota,9
WY,F,1999,Kylie,9
WY,F,1999,Olivia,9
WY,F,1999,Alexa,8
WY,F,1999,Alicia,8
WY,F,1999,Chloe,8
WY,F,1999,Isabella,8
WY,F,1999,Makayla,8
WY,F,1999,Maria,8
WY,F,1999,Paige,8
WY,F,1999,Riley,8
WY,F,1999,Aspen,7
WY,F,1999,Christina,7
WY,F,1999,Danielle,7
WY,F,1999,Gabrielle,7
WY,F,1999,Hanna,7
WY,F,1999,Hope,7
WY,F,1999,Kendra,7
WY,F,1999,Leah,7
WY,F,1999,Mckenna,7
WY,F,1999,Molly,7
WY,F,1999,Stephanie,7
WY,F,1999,Whitney,7
WY,F,1999,Zoe,7
WY,F,1999,Allison,6
WY,F,1999,Jamie,6
WY,F,1999,Jenna,6
WY,F,1999,Julia,6
WY,F,1999,Katherine,6
WY,F,1999,Kelsey,6
WY,F,1999,Kyla,6
WY,F,1999,Laura,6
WY,F,1999,Michelle,6
WY,F,1999,Miranda,6
WY,F,1999,Baylee,5
WY,F,1999,Caitlin,5
WY,F,1999,Catherine,5
WY,F,1999,Cheyenne,5
WY,F,1999,Erin,5
WY,F,1999,Gabriella,5
WY,F,1999,Heather,5
WY,F,1999,Hunter,5
WY,F,1999,Jade,5
WY,F,1999,Katelynn,5
WY,F,1999,Kimberly,5
WY,F,1999,Lacey,5
WY,F,1999,Lauren,5
WY,F,1999,Lindsey,5
WY,F,1999,Marissa,5
WY,F,1999,Mary,5
WY,F,1999,Melissa,5
WY,F,1999,Mikayla,5
WY,F,1999,Natasha,5
WY,F,1999,Rylee,5
WY,F,1999,Sabrina,5
WY,F,1999,Selena,5
WY,F,1999,Shayla,5
WY,F,1999,Sophia,5
WY,F,1999,Summer,5
WY,F,1999,Tessa,5
WY,F,1999,Tori,5
WY,F,2000,Madison,45
WY,F,2000,Taylor,39
WY,F,2000,Emily,37
WY,F,2000,Alexis,35
WY,F,2000,Hannah,32
WY,F,2000,Sarah,22
WY,F,2000,Abigail,21
WY,F,2000,Grace,21
WY,F,2000,Jessica,21
WY,F,2000,Ashley,19
WY,F,2000,Emma,19
WY,F,2000,Megan,19
WY,F,2000,Kayla,18
WY,F,2000,Lauren,18
WY,F,2000,Morgan,18
WY,F,2000,Olivia,18
WY,F,2000,Samantha,18
WY,F,2000,Sierra,18
WY,F,2000,Bailey,17
WY,F,2000,Hailey,17
WY,F,2000,Kaitlyn,16
WY,F,2000,Rachel,16
WY,F,2000,Shelby,15
WY,F,2000,Elizabeth,14
WY,F,2000,Alyssa,13
WY,F,2000,Mariah,13
WY,F,2000,Amber,12
WY,F,2000,Brianna,12
WY,F,2000,Brooke,12
WY,F,2000,Mary,12
WY,F,2000,Mckenzie,12
WY,F,2000,Nicole,12
WY,F,2000,Aspen,11
WY,F,2000,Autumn,11
WY,F,2000,Cassidy,11
WY,F,2000,Haley,11
WY,F,2000,Jasmine,11
WY,F,2000,Jenna,11
WY,F,2000,Jordan,11
WY,F,2000,Kaylee,11
WY,F,2000,Paige,11
WY,F,2000,Rebecca,11
WY,F,2000,Sydney,11
WY,F,2000,Allison,10
WY,F,2000,Amanda,10
WY,F,2000,Chloe,10
WY,F,2000,Courtney,10
WY,F,2000,Danielle,10
WY,F,2000,Katelyn,10
WY,F,2000,Kylie,10
WY,F,2000,Makayla,10
WY,F,2000,Isabelle,9
WY,F,2000,Jennifer,9
WY,F,2000,Katie,9
WY,F,2000,Kylee,9
WY,F,2000,Natalie,9
WY,F,2000,Sara,9
WY,F,2000,Savannah,9
WY,F,2000,Victoria,9
WY,F,2000,Alexandra,8
WY,F,2000,Alicia,8
WY,F,2000,Gracie,8
WY,F,2000,Heather,8
WY,F,2000,Jade,8
WY,F,2000,Kelsey,8
WY,F,2000,Payton,8
WY,F,2000,Anna,7
WY,F,2000,Ariana,7
WY,F,2000,Ashlyn,7
WY,F,2000,Marissa,7
WY,F,2000,Rylee,7
WY,F,2000,Sadie,7
WY,F,2000,Stephanie,7
WY,F,2000,Trinity,7
WY,F,2000,Whitney,7
WY,F,2000,Adriana,6
WY,F,2000,Alexia,6
WY,F,2000,Angel,6
WY,F,2000,Avery,6
WY,F,2000,Breanna,6
WY,F,2000,Brittany,6
WY,F,2000,Caitlyn,6
WY,F,2000,Catherine,6
WY,F,2000,Erin,6
WY,F,2000,Faith,6
WY,F,2000,Holly,6
WY,F,2000,Isabella,6
WY,F,2000,Julia,6
WY,F,2000,Kailey,6
WY,F,2000,Katherine,6
WY,F,2000,Kristen,6
WY,F,2000,Mckenna,6
WY,F,2000,Peyton,6
WY,F,2000,Riley,6
WY,F,2000,Selena,6
WY,F,2000,Vanessa,6
WY,F,2000,Abby,5
WY,F,2000,Alexandria,5
WY,F,2000,Andrea,5
WY,F,2000,Angela,5
WY,F,2000,Ashlynn,5
WY,F,2000,Caitlin,5
WY,F,2000,Dakota,5
WY,F,2000,Delaney,5
WY,F,2000,Destiny,5
WY,F,2000,Gabrielle,5
WY,F,2000,Hayley,5
WY,F,2000,Josephine,5
WY,F,2000,Kendra,5
WY,F,2000,Kyra,5
WY,F,2000,Laura,5
WY,F,2000,Maddison,5
WY,F,2000,Maria,5
WY,F,2000,Melissa,5
WY,F,2000,Mercedes,5
WY,F,2000,Miranda,5
WY,F,2000,Sabrina,5
WY,F,2000,Skylar,5
WY,F,2000,Tiffany,5
WY,F,2001,Madison,37
WY,F,2001,Taylor,35
WY,F,2001,Alexis,29
WY,F,2001,Emily,23
WY,F,2001,Megan,23
WY,F,2001,Mackenzie,22
WY,F,2001,Hannah,21
WY,F,2001,Jessica,20
WY,F,2001,Morgan,20
WY,F,2001,Grace,19
WY,F,2001,Paige,19
WY,F,2001,Samantha,19
WY,F,2001,Sarah,19
WY,F,2001,Olivia,18
WY,F,2001,Sydney,18
WY,F,2001,Abigail,17
WY,F,2001,Sierra,17
WY,F,2001,Destiny,16
WY,F,2001,Elizabeth,16
WY,F,2001,Alyssa,15
WY,F,2001,Katelyn,15
WY,F,2001,Hailey,14
WY,F,2001,Jordan,14
WY,F,2001,Emma,13
WY,F,2001,Haley,13
WY,F,2001,Kaylee,13
WY,F,2001,Rebecca,13
WY,F,2001,Savannah,13
WY,F,2001,Lauren,12
WY,F,2001,Mariah,12
WY,F,2001,Nicole,12
WY,F,2001,Victoria,12
WY,F,2001,Anna,11
WY,F,2001,Ashley,11
WY,F,2001,Faith,11
WY,F,2001,Jasmine,11
WY,F,2001,Kelsey,11
WY,F,2001,Makayla,11
WY,F,2001,Mckenzie,11
WY,F,2001,Natalie,11
WY,F,2001,Julia,10
WY,F,2001,Katherine,10
WY,F,2001,Kylee,10
WY,F,2001,Marissa,10
WY,F,2001,Alexandra,9
WY,F,2001,Brianna,9
WY,F,2001,Chloe,9
WY,F,2001,Isabel,9
WY,F,2001,Isabella,9
WY,F,2001,Isabelle,9
WY,F,2001,Trinity,9
WY,F,2001,Aspen,8
WY,F,2001,Audrey,8
WY,F,2001,Brooklyn,8
WY,F,2001,Caitlin,8
WY,F,2001,Gabrielle,8
WY,F,2001,Jenna,8
WY,F,2001,Jennifer,8
WY,F,2001,Kaitlyn,8
WY,F,2001,Rachel,8
WY,F,2001,Zoe,8
WY,F,2001,Alexandria,7
WY,F,2001,Amanda,7
WY,F,2001,Amber,7
WY,F,2001,Danielle,7
WY,F,2001,Jade,7
WY,F,2001,Katie,7
WY,F,2001,Riley,7
WY,F,2001,Shelby,7
WY,F,2001,Allison,6
WY,F,2001,Andrea,6
WY,F,2001,Brooke,6
WY,F,2001,Katelynn,6
WY,F,2001,Kendra,6
WY,F,2001,Kirsten,6
WY,F,2001,Mikayla,6
WY,F,2001,Molly,6
WY,F,2001,Payton,6
WY,F,2001,Abigayle,5
WY,F,2001,Alexa,5
WY,F,2001,Angelina,5
WY,F,2001,Ashlyn,5
WY,F,2001,Avery,5
WY,F,2001,Bailey,5
WY,F,2001,Breanna,5
WY,F,2001,Claire,5
WY,F,2001,Dakota,5
WY,F,2001,Emilee,5
WY,F,2001,Erin,5
WY,F,2001,Hayley,5
WY,F,2001,Heather,5
WY,F,2001,Kathryn,5
WY,F,2001,Kayla,5
WY,F,2001,Kelly,5
WY,F,2001,Kimberly,5
WY,F,2001,Kira,5
WY,F,2001,Kristina,5
WY,F,2001,Lily,5
WY,F,2001,Makenna,5
WY,F,2001,Mary,5
WY,F,2001,Melanie,5
WY,F,2001,Michelle,5
WY,F,2001,Mikaela,5
WY,F,2001,Piper,5
WY,F,2001,Sara,5
WY,F,2002,Madison,35
WY,F,2002,Hannah,27
WY,F,2002,Elizabeth,25
WY,F,2002,Taylor,25
WY,F,2002,Emily,24
WY,F,2002,Alexis,22
WY,F,2002,Alyssa,20
WY,F,2002,Samantha,20
WY,F,2002,Emma,19
WY,F,2002,Abigail,18
WY,F,2002,Kylie,18
WY,F,2002,Grace,17
WY,F,2002,Destiny,16
WY,F,2002,Jessica,16
WY,F,2002,Sarah,16
WY,F,2002,Sydney,16
WY,F,2002,Ashley,15
WY,F,2002,Makayla,15
WY,F,2002,Aspen,14
WY,F,2002,Kaitlyn,14
WY,F,2002,Kaylee,14
WY,F,2002,Brooke,13
WY,F,2002,Hailey,13
WY,F,2002,Morgan,13
WY,F,2002,Rebecca,13
WY,F,2002,Bailey,12
WY,F,2002,Chloe,12
WY,F,2002,Haley,12
WY,F,2002,Jordan,12
WY,F,2002,Olivia,12
WY,F,2002,Trinity,12
WY,F,2002,Anna,11
WY,F,2002,Brianna,11
WY,F,2002,Jade,11
WY,F,2002,Megan,11
WY,F,2002,Shelby,11
WY,F,2002,Alexandra,10
WY,F,2002,Breanna,10
WY,F,2002,Heather,10
WY,F,2002,Mackenzie,10
WY,F,2002,Natalie,10
WY,F,2002,Savannah,10
WY,F,2002,Sierra,10
WY,F,2002,Alexandria,9
WY,F,2002,Audrey,9
WY,F,2002,Autumn,9
WY,F,2002,Isabella,9
WY,F,2002,Jennifer,9
WY,F,2002,Kayla,9
WY,F,2002,Lauren,9
WY,F,2002,Madeline,9
WY,F,2002,Mary,9
WY,F,2002,Zoe,9
WY,F,2002,Allison,8
WY,F,2002,Brooklyn,8
WY,F,2002,Christina,8
WY,F,2002,Hope,8
WY,F,2002,Kathryn,8
WY,F,2002,Kelsey,8
WY,F,2002,Maria,8
WY,F,2002,Mariah,8
WY,F,2002,Marissa,8
WY,F,2002,Mckenna,8
WY,F,2002,Rachel,8
WY,F,2002,Victoria,8
WY,F,2002,Amber,7
WY,F,2002,Avery,7
WY,F,2002,Bailee,7
WY,F,2002,Cassidy,7
WY,F,2002,Cora,7
WY,F,2002,Faith,7
WY,F,2002,Hailee,7
WY,F,2002,Jenna,7
WY,F,2002,Katelynn,7
WY,F,2002,Leah,7
WY,F,2002,Maya,7
WY,F,2002,Nevaeh,7
WY,F,2002,Paige,7
WY,F,2002,Payton,7
WY,F,2002,Riley,7
WY,F,2002,Sage,7
WY,F,2002,Sophia,7
WY,F,2002,Abby,6
WY,F,2002,Amy,6
WY,F,2002,Angel,6
WY,F,2002,Caitlyn,6
WY,F,2002,Danielle,6
WY,F,2002,Erica,6
WY,F,2002,Gabrielle,6
WY,F,2002,Haylee,6
WY,F,2002,Hayley,6
WY,F,2002,Jaden,6
WY,F,2002,Jasmine,6
WY,F,2002,Jayden,6
WY,F,2002,Josie,6
WY,F,2002,Julia,6
WY,F,2002,Katelyn,6
WY,F,2002,Nicole,6
WY,F,2002,Sadie,6
WY,F,2002,Teagan,6
WY,F,2002,Addison,5
WY,F,2002,Adriana,5
WY,F,2002,Alexia,5
WY,F,2002,Alexus,5
WY,F,2002,Andrea,5
WY,F,2002,Ashlee,5
WY,F,2002,Ashlyn,5
WY,F,2002,Ashtyn,5
WY,F,2002,Aubrey,5
WY,F,2002,Baylee,5
WY,F,2002,Bethany,5
WY,F,2002,Brittney,5
WY,F,2002,Brook,5
WY,F,2002,Callie,5
WY,F,2002,Ellie,5
WY,F,2002,Gabriella,5
WY,F,2002,Isabelle,5
WY,F,2002,Jada,5
WY,F,2002,Kailee,5
WY,F,2002,Kassidy,5
WY,F,2002,Kendra,5
WY,F,2002,Kimberly,5
WY,F,2002,Lily,5
WY,F,2002,Maddison,5
WY,F,2002,Madyson,5
WY,F,2002,Mckenzie,5
WY,F,2002,Mia,5
WY,F,2002,Michaela,5
WY,F,2002,Peyton,5
WY,F,2002,Rylee,5
WY,F,2002,Sara,5
WY,F,2002,Stephanie,5
WY,F,2002,Vanessa,5
WY,F,2002,Willow,5
WY,F,2003,Emma,38
WY,F,2003,Madison,38
WY,F,2003,Hannah,36
WY,F,2003,Alexis,27
WY,F,2003,Emily,27
WY,F,2003,Taylor,26
WY,F,2003,Abigail,23
WY,F,2003,Elizabeth,21
WY,F,2003,Hailey,21
WY,F,2003,Grace,20
WY,F,2003,Morgan,20
WY,F,2003,Samantha,19
WY,F,2003,Aspen,18
WY,F,2003,Kaitlyn,18
WY,F,2003,Sarah,18
WY,F,2003,Ashley,17
WY,F,2003,Alyssa,16
WY,F,2003,Olivia,16
WY,F,2003,Paige,16
WY,F,2003,Sydney,16
WY,F,2003,Kylie,15
WY,F,2003,Isabella,14
WY,F,2003,Victoria,14
WY,F,2003,Chloe,13
WY,F,2003,Bailey,12
WY,F,2003,Jessica,12
WY,F,2003,Katelyn,12
WY,F,2003,Kayla,12
WY,F,2003,Lauren,12
WY,F,2003,Rachel,12
WY,F,2003,Kaylee,11
WY,F,2003,Mackenzie,11
WY,F,2003,Marissa,11
WY,F,2003,Savannah,11
WY,F,2003,Ashlyn,10
WY,F,2003,Autumn,10
WY,F,2003,Gracie,10
WY,F,2003,Haley,10
WY,F,2003,Makayla,10
WY,F,2003,Mariah,10
WY,F,2003,Sierra,10
WY,F,2003,Trinity,10
WY,F,2003,Alexia,9
WY,F,2003,Anna,9
WY,F,2003,Brooklyn,9
WY,F,2003,Cheyenne,9
WY,F,2003,Faith,9
WY,F,2003,Jayden,9
WY,F,2003,Mckenzie,9
WY,F,2003,Megan,9
WY,F,2003,Alicia,8
WY,F,2003,Brianna,8
WY,F,2003,Brooke,8
WY,F,2003,Isabel,8
WY,F,2003,Jordan,8
WY,F,2003,Riley,8
WY,F,2003,Shelby,8
WY,F,2003,Amanda,7
WY,F,2003,Amber,7
WY,F,2003,Andrea,7
WY,F,2003,Aubrey,7
WY,F,2003,Ava,7
WY,F,2003,Bailee,7
WY,F,2003,Danielle,7
WY,F,2003,Destiny,7
WY,F,2003,Hope,7
WY,F,2003,Jenna,7
WY,F,2003,Molly,7
WY,F,2003,Mya,7
WY,F,2003,Nicole,7
WY,F,2003,Sara,7
WY,F,2003,Vanessa,7
WY,F,2003,Zoe,7
WY,F,2003,Alexandra,6
WY,F,2003,Allison,6
WY,F,2003,Amaya,6
WY,F,2003,Arianna,6
WY,F,2003,Ashlee,6
WY,F,2003,Audrey,6
WY,F,2003,Brynn,6
WY,F,2003,Jennifer,6
WY,F,2003,Jocelyn,6
WY,F,2003,Katelynn,6
WY,F,2003,Kelsey,6
WY,F,2003,Madisyn,6
WY,F,2003,Maya,6
WY,F,2003,Mia,6
WY,F,2003,Natalie,6
WY,F,2003,Rylee,6
WY,F,2003,Abigale,5
WY,F,2003,Alexandria,5
WY,F,2003,Avery,5
WY,F,2003,Baylee,5
WY,F,2003,Breanna,5
WY,F,2003,Caitlin,5
WY,F,2003,Ivy,5
WY,F,2003,Jaden,5
WY,F,2003,Jordyn,5
WY,F,2003,Julia,5
WY,F,2003,Katherine,5
WY,F,2003,Kennedy,5
WY,F,2003,Laura,5
WY,F,2003,Lillian,5
WY,F,2003,Madeline,5
WY,F,2003,Makenzie,5
WY,F,2003,Mckenna,5
WY,F,2003,Melanie,5
WY,F,2003,Melissa,5
WY,F,2003,Michelle,5
WY,F,2003,Nevaeh,5
WY,F,2003,Rebecca,5
WY,F,2003,Rebekah,5
WY,F,2003,Ruby,5
WY,F,2003,Sadie,5
WY,F,2003,Sophia,5
WY,F,2003,Tatum,5
WY,F,2004,Madison,40
WY,F,2004,Emma,37
WY,F,2004,Alexis,31
WY,F,2004,Elizabeth,31
WY,F,2004,Hannah,28
WY,F,2004,Abigail,27
WY,F,2004,Emily,27
WY,F,2004,Taylor,23
WY,F,2004,Grace,22
WY,F,2004,Ashley,21
WY,F,2004,Hailey,21
WY,F,2004,Isabella,21
WY,F,2004,Morgan,21
WY,F,2004,Olivia,21
WY,F,2004,Bailey,19
WY,F,2004,Sarah,19
WY,F,2004,Natalie,18
WY,F,2004,Sierra,16
WY,F,2004,Ella,15
WY,F,2004,Lillian,15
WY,F,2004,Alyssa,14
WY,F,2004,Brooklyn,14
WY,F,2004,Kaitlyn,14
WY,F,2004,Riley,14
WY,F,2004,Samantha,13
WY,F,2004,Sydney,13
WY,F,2004,Ashlynn,12
WY,F,2004,Lily,12
WY,F,2004,Mackenzie,12
WY,F,2004,Makayla,12
WY,F,2004,Paige,12
WY,F,2004,Sophia,12
WY,F,2004,Chloe,11
WY,F,2004,Jenna,11
WY,F,2004,Jordan,11
WY,F,2004,Katie,11
WY,F,2004,Kayla,11
WY,F,2004,Lauren,11
WY,F,2004,Rebecca,11
WY,F,2004,Shelby,11
WY,F,2004,Anna,10
WY,F,2004,Ava,10
WY,F,2004,Isabelle,10
WY,F,2004,Kaylee,10
WY,F,2004,Kylie,10
WY,F,2004,Trinity,10
WY,F,2004,Kylee,9
WY,F,2004,Nevaeh,9
WY,F,2004,Nicole,9
WY,F,2004,Rylee,9
WY,F,2004,Sadie,9
WY,F,2004,Tessa,9
WY,F,2004,Allison,8
WY,F,2004,Andrea,8
WY,F,2004,Gracie,8
WY,F,2004,Jessica,8
WY,F,2004,Julia,8
WY,F,2004,Kadence,8
WY,F,2004,Mariah,8
WY,F,2004,Savannah,8
WY,F,2004,Alana,7
WY,F,2004,Alexandria,7
WY,F,2004,Aspen,7
WY,F,2004,Aurora,7
WY,F,2004,Avery,7
WY,F,2004,Breanna,7
WY,F,2004,Cadence,7
WY,F,2004,Destiny,7
WY,F,2004,Jaden,7
WY,F,2004,Jayden,7
WY,F,2004,Katelynn,7
WY,F,2004,Kaydence,7
WY,F,2004,Kennedy,7
WY,F,2004,Marissa,7
WY,F,2004,Sara,7
WY,F,2004,Zoey,7
WY,F,2004,Abby,6
WY,F,2004,Amelia,6
WY,F,2004,Ashlyn,6
WY,F,2004,Aubrey,6
WY,F,2004,Autumn,6
WY,F,2004,Brianna,6
WY,F,2004,Brittany,6
WY,F,2004,Brooke,6
WY,F,2004,Caroline,6
WY,F,2004,Catherine,6
WY,F,2004,Ellie,6
WY,F,2004,Faith,6
WY,F,2004,Jade,6
WY,F,2004,Karlee,6
WY,F,2004,Katelyn,6
WY,F,2004,Katherine,6
WY,F,2004,Kathryn,6
WY,F,2004,Kayleigh,6
WY,F,2004,Megan,6
WY,F,2004,Mercedes,6
WY,F,2004,Mikayla,6
WY,F,2004,Peyton,6
WY,F,2004,Rachel,6
WY,F,2004,Serenity,6
WY,F,2004,Alexia,5
WY,F,2004,Aliyah,5
WY,F,2004,Angel,5
WY,F,2004,Ashlee,5
WY,F,2004,Brooklynn,5
WY,F,2004,Callie,5
WY,F,2004,Christina,5
WY,F,2004,Danielle,5
WY,F,2004,Delaney,5
WY,F,2004,Gabrielle,5
WY,F,2004,Hailee,5
WY,F,2004,Haley,5
WY,F,2004,Hallie,5
WY,F,2004,Jasmine,5
WY,F,2004,Kate,5
WY,F,2004,Kaylynn,5
WY,F,2004,Kelsey,5
WY,F,2004,Kimberly,5
WY,F,2004,Layla,5
WY,F,2004,Liberty,5
WY,F,2004,Mary,5
WY,F,2004,Sage,5
WY,F,2004,Shaylee,5
WY,F,2004,Valeria,5
WY,F,2004,Victoria,5
WY,F,2005,Madison,38
WY,F,2005,Emma,31
WY,F,2005,Hailey,29
WY,F,2005,Hannah,29
WY,F,2005,Olivia,26
WY,F,2005,Abigail,25
WY,F,2005,Sarah,23
WY,F,2005,Emily,22
WY,F,2005,Samantha,22
WY,F,2005,Mackenzie,21
WY,F,2005,Sydney,21
WY,F,2005,Ava,20
WY,F,2005,Grace,19
WY,F,2005,Savannah,18
WY,F,2005,Taylor,18
WY,F,2005,Alexis,17
WY,F,2005,Kaylee,17
WY,F,2005,Shelby,17
WY,F,2005,Elizabeth,16
WY,F,2005,Avery,15
WY,F,2005,Chloe,15
WY,F,2005,Morgan,15
WY,F,2005,Ashley,14
WY,F,2005,Aspen,14
WY,F,2005,Brooke,14
WY,F,2005,Rylee,14
WY,F,2005,Anna,13
WY,F,2005,Bailey,13
WY,F,2005,Ella,13
WY,F,2005,Kylee,13
WY,F,2005,Paige,13
WY,F,2005,Sophia,13
WY,F,2005,Zoe,13
WY,F,2005,Autumn,12
WY,F,2005,Faith,12
WY,F,2005,Kaitlyn,12
WY,F,2005,Lily,12
WY,F,2005,Maria,12
WY,F,2005,Nevaeh,12
WY,F,2005,Alyssa,11
WY,F,2005,Jasmine,11
WY,F,2005,Rachel,11
WY,F,2005,Addison,10
WY,F,2005,Alexa,10
WY,F,2005,Allison,10
WY,F,2005,Destiny,10
WY,F,2005,Kaydence,10
WY,F,2005,Makayla,10
WY,F,2005,Rebecca,10
WY,F,2005,Aubrey,9
WY,F,2005,Brianna,9
WY,F,2005,Brooklyn,9
WY,F,2005,Dakota,9
WY,F,2005,Gracie,9
WY,F,2005,Isabella,9
WY,F,2005,Lauren,9
WY,F,2005,Mckenzie,9
WY,F,2005,Megan,9
WY,F,2005,Mia,9
WY,F,2005,Angelina,8
WY,F,2005,Ashlynn,8
WY,F,2005,Gabrielle,8
WY,F,2005,Haley,8
WY,F,2005,Isabel,8
WY,F,2005,Isabelle,8
WY,F,2005,Jade,8
WY,F,2005,Kayla,8
WY,F,2005,Kylie,8
WY,F,2005,Sage,8
WY,F,2005,Summer,8
WY,F,2005,Trinity,8
WY,F,2005,Allie,7
WY,F,2005,Andrea,7
WY,F,2005,Audrey,7
WY,F,2005,Cadence,7
WY,F,2005,Kyra,7
WY,F,2005,Lillian,7
WY,F,2005,Madeline,7
WY,F,2005,Ruby,7
WY,F,2005,Victoria,7
WY,F,2005,Alana,6
WY,F,2005,Angel,6
WY,F,2005,Annabelle,6
WY,F,2005,Arianna,6
WY,F,2005,Eva,6
WY,F,2005,Gabriella,6
WY,F,2005,Hallie,6
WY,F,2005,Jasmin,6
WY,F,2005,Jayden,6
WY,F,2005,Katelyn,6
WY,F,2005,Kathryn,6
WY,F,2005,Katie,6
WY,F,2005,Kelsey,6
WY,F,2005,Lucy,6
WY,F,2005,Mariah,6
WY,F,2005,Marissa,6
WY,F,2005,Natalie,6
WY,F,2005,Sidney,6
WY,F,2005,Adriana,5
WY,F,2005,Alexandra,5
WY,F,2005,Alicia,5
WY,F,2005,Amanda,5
WY,F,2005,Amelia,5
WY,F,2005,Bella,5
WY,F,2005,Bianca,5
WY,F,2005,Breanna,5
WY,F,2005,Delaney,5
WY,F,2005,Erin,5
WY,F,2005,Evelyn,5
WY,F,2005,Haylee,5
WY,F,2005,Jacqueline,5
WY,F,2005,Jamie,5
WY,F,2005,Jessica,5
WY,F,2005,Jillian,5
WY,F,2005,Jordyn,5
WY,F,2005,Katherine,5
WY,F,2005,Kayleigh,5
WY,F,2005,Kira,5
WY,F,2005,Maddison,5
WY,F,2005,Maggie,5
WY,F,2005,Maya,5
WY,F,2005,Mikayla,5
WY,F,2005,Natalia,5
WY,F,2005,Payton,5
WY,F,2005,Peyton,5
WY,F,2005,Piper,5
WY,F,2005,Riley,5
WY,F,2005,Sadie,5
WY,F,2005,Sara,5
WY,F,2005,Sierra,5
WY,F,2005,Tori,5
WY,F,2006,Emily,39
WY,F,2006,Emma,38
WY,F,2006,Madison,29
WY,F,2006,Alexis,27
WY,F,2006,Hannah,25
WY,F,2006,Abigail,23
WY,F,2006,Hailey,23
WY,F,2006,Grace,22
WY,F,2006,Addison,21
WY,F,2006,Taylor,21
WY,F,2006,Ava,20
WY,F,2006,Elizabeth,19
WY,F,2006,Avery,18
WY,F,2006,Isabella,18
WY,F,2006,Nevaeh,18
WY,F,2006,Sarah,18
WY,F,2006,Kaylee,17
WY,F,2006,Olivia,17
WY,F,2006,Brooklyn,16
WY,F,2006,Destiny,15
WY,F,2006,Katelyn,15
WY,F,2006,Trinity,15
WY,F,2006,Alyssa,14
WY,F,2006,Brooke,14
WY,F,2006,Chloe,14
WY,F,2006,Kylie,14
WY,F,2006,Natalie,14
WY,F,2006,Samantha,14
WY,F,2006,Brianna,13
WY,F,2006,Ella,13
WY,F,2006,Faith,13
WY,F,2006,Lily,13
WY,F,2006,Anna,12
WY,F,2006,Zoe,12
WY,F,2006,Ashley,11
WY,F,2006,Aspen,11
WY,F,2006,Aubrey,11
WY,F,2006,Danielle,11
WY,F,2006,Gracie,11
WY,F,2006,Keira,11
WY,F,2006,Lillian,11
WY,F,2006,Mia,11
WY,F,2006,Payton,11
WY,F,2006,Rylee,11
WY,F,2006,Zoey,11
WY,F,2006,Angelina,10
WY,F,2006,Haley,10
WY,F,2006,Kimberly,10
WY,F,2006,Lydia,10
WY,F,2006,Mackenzie,10
WY,F,2006,Megan,10
WY,F,2006,Paige,10
WY,F,2006,Shelby,10
WY,F,2006,Sierra,10
WY,F,2006,Victoria,10
WY,F,2006,Audrey,9
WY,F,2006,Bailey,9
WY,F,2006,Jasmine,9
WY,F,2006,Jordan,9
WY,F,2006,Morgan,9
WY,F,2006,Savannah,9
WY,F,2006,Serenity,9
WY,F,2006,Sophia,9
WY,F,2006,Alexa,8
WY,F,2006,Allison,8
WY,F,2006,Brooklynn,8
WY,F,2006,Gabriella,8
WY,F,2006,Gabrielle,8
WY,F,2006,Kadence,8
WY,F,2006,Kaitlyn,8
WY,F,2006,Katherine,8
WY,F,2006,Madelyn,8
WY,F,2006,Makayla,8
WY,F,2006,Mckenzie,8
WY,F,2006,Sienna,8
WY,F,2006,Sydney,8
WY,F,2006,Arianna,7
WY,F,2006,Ashlynn,7
WY,F,2006,Brynn,7
WY,F,2006,Eliza,7
WY,F,2006,Isabelle,7
WY,F,2006,Jenna,7
WY,F,2006,Jessica,7
WY,F,2006,Kira,7
WY,F,2006,Kylee,7
WY,F,2006,Layla,7
WY,F,2006,Maggie,7
WY,F,2006,Molly,7
WY,F,2006,Mya,7
WY,F,2006,Peyton,7
WY,F,2006,Rachel,7
WY,F,2006,Sage,7
WY,F,2006,Alison,6
WY,F,2006,Amelia,6
WY,F,2006,Ashlyn,6
WY,F,2006,Autumn,6
WY,F,2006,Ayla,6
WY,F,2006,Carlee,6
WY,F,2006,Cassidy,6
WY,F,2006,Jordyn,6
WY,F,2006,Kelsey,6
WY,F,2006,Lexie,6
WY,F,2006,Makenna,6
WY,F,2006,Mckenna,6
WY,F,2006,Naomi,6
WY,F,2006,Reagan,6
WY,F,2006,Rebecca,6
WY,F,2006,Sara,6
WY,F,2006,Allie,5
WY,F,2006,Brenna,5
WY,F,2006,Cheyenne,5
WY,F,2006,Jaden,5
WY,F,2006,Jamie,5
WY,F,2006,Jazmine,5
WY,F,2006,Kamryn,5
WY,F,2006,Lauren,5
WY,F,2006,Leah,5
WY,F,2006,Lola,5
WY,F,2006,Madeline,5
WY,F,2006,Mariah,5
WY,F,2006,Maya,5
WY,F,2006,Nicole,5
WY,F,2006,Riley,5
WY,F,2006,Sadie,5
WY,F,2006,Sophie,5
WY,F,2006,Stephanie,5
WY,F,2007,Madison,36
WY,F,2007,Emma,33
WY,F,2007,Abigail,29
WY,F,2007,Taylor,27
WY,F,2007,Alexis,26
WY,F,2007,Hannah,26
WY,F,2007,Addison,25
WY,F,2007,Elizabeth,24
WY,F,2007,Brooklyn,22
WY,F,2007,Lily,22
WY,F,2007,Emily,21
WY,F,2007,Grace,21
WY,F,2007,Ava,20
WY,F,2007,Hailey,20
WY,F,2007,Samantha,20
WY,F,2007,Nevaeh,19
WY,F,2007,Sophia,18
WY,F,2007,Alyssa,17
WY,F,2007,Olivia,17
WY,F,2007,Isabella,16
WY,F,2007,Trinity,16
WY,F,2007,Anna,15
WY,F,2007,Natalie,15
WY,F,2007,Chloe,14
WY,F,2007,Ella,14
WY,F,2007,Kaitlyn,14
WY,F,2007,Savannah,14
WY,F,2007,Bailey,13
WY,F,2007,Brooke,13
WY,F,2007,Haylee,13
WY,F,2007,Ariana,12
WY,F,2007,Isabelle,12
WY,F,2007,Makayla,12
WY,F,2007,Maria,12
WY,F,2007,Megan,12
WY,F,2007,Riley,12
WY,F,2007,Rylee,12
WY,F,2007,Ashley,11
WY,F,2007,Isabel,11
WY,F,2007,Jasmine,11
WY,F,2007,Jordan,11
WY,F,2007,Katelyn,11
WY,F,2007,Kaylee,11
WY,F,2007,Kylee,11
WY,F,2007,Kylie,11
WY,F,2007,Rachel,11
WY,F,2007,Sydney,11
WY,F,2007,Zoe,11
WY,F,2007,Amelia,10
WY,F,2007,Brianna,10
WY,F,2007,Gabriella,10
WY,F,2007,Katherine,10
WY,F,2007,Lillian,10
WY,F,2007,Ruby,10
WY,F,2007,Sadie,10
WY,F,2007,Audrey,9
WY,F,2007,Autumn,9
WY,F,2007,Avery,9
WY,F,2007,Bethany,9
WY,F,2007,Claire,9
WY,F,2007,Faith,9
WY,F,2007,Hayden,9
WY,F,2007,Lilly,9
WY,F,2007,Mia,9
WY,F,2007,Morgan,9
WY,F,2007,Evelyn,8
WY,F,2007,Gracie,8
WY,F,2007,Jade,8
WY,F,2007,Kaydence,8
WY,F,2007,Mackenzie,8
WY,F,2007,Paige,8
WY,F,2007,Payton,8
WY,F,2007,Sarah,8
WY,F,2007,Serenity,8
WY,F,2007,Shelby,8
WY,F,2007,Victoria,8
WY,F,2007,Alexandria,7
WY,F,2007,Allison,7
WY,F,2007,Ashlyn,7
WY,F,2007,Aubrey,7
WY,F,2007,Brooklynn,7
WY,F,2007,Destiny,7
WY,F,2007,Haley,7
WY,F,2007,Izabella,7
WY,F,2007,Katelynn,7
WY,F,2007,Kayla,7
WY,F,2007,Kimberly,7
WY,F,2007,Kyra,7
WY,F,2007,Mary,7
WY,F,2007,Molly,7
WY,F,2007,Peyton,7
WY,F,2007,Piper,7
WY,F,2007,Sierra,7
WY,F,2007,Alexa,6
WY,F,2007,Charlotte,6
WY,F,2007,Cheyenne,6
WY,F,2007,Ciara,6
WY,F,2007,Danika,6
WY,F,2007,Eva,6
WY,F,2007,Halle,6
WY,F,2007,Jocelyn,6
WY,F,2007,Jordyn,6
WY,F,2007,Josie,6
WY,F,2007,Julia,6
WY,F,2007,Keira,6
WY,F,2007,Lilian,6
WY,F,2007,Madeline,6
WY,F,2007,Natalia,6
WY,F,2007,Patience,6
WY,F,2007,Presley,6
WY,F,2007,Rebecca,6
WY,F,2007,Rebekah,6
WY,F,2007,Sara,6
WY,F,2007,Willow,6
WY,F,2007,Adriana,5
WY,F,2007,Amaya,5
WY,F,2007,Andrea,5
WY,F,2007,Aspen,5
WY,F,2007,Aurora,5
WY,F,2007,Ayla,5
WY,F,2007,Breanna,5
WY,F,2007,Brynn,5
WY,F,2007,Cassidy,5
WY,F,2007,Clara,5
WY,F,2007,Cora,5
WY,F,2007,Daisy,5
WY,F,2007,Delaney,5
WY,F,2007,Eliza,5
WY,F,2007,Gabrielle,5
WY,F,2007,Heidi,5
WY,F,2007,Ivy,5
WY,F,2007,Jayden,5
WY,F,2007,Jessica,5
WY,F,2007,Julianna,5
WY,F,2007,Karsyn,5
WY,F,2007,Kendra,5
WY,F,2007,Kiara,5
WY,F,2007,Laila,5
WY,F,2007,Lauren,5
WY,F,2007,Leah,5
WY,F,2007,Maddison,5
WY,F,2007,Maggie,5
WY,F,2007,Maya,5
WY,F,2007,Miranda,5
WY,F,2007,Mylee,5
WY,F,2007,Nicole,5
WY,F,2007,Nora,5
WY,F,2007,Regan,5
WY,F,2007,Rylie,5
WY,F,2007,Sienna,5
WY,F,2007,Sophie,5
WY,F,2007,Tatum,5
WY,F,2007,Tessa,5
WY,F,2008,Madison,35
WY,F,2008,Emma,34
WY,F,2008,Taylor,28
WY,F,2008,Abigail,27
WY,F,2008,Emily,25
WY,F,2008,Ava,24
WY,F,2008,Ella,23
WY,F,2008,Alexis,22
WY,F,2008,Addison,21
WY,F,2008,Natalie,20
WY,F,2008,Elizabeth,19
WY,F,2008,Hannah,19
WY,F,2008,Olivia,19
WY,F,2008,Alyssa,16
WY,F,2008,Chloe,16
WY,F,2008,Isabella,16
WY,F,2008,Payton,16
WY,F,2008,Brooklyn,15
WY,F,2008,Gracie,15
WY,F,2008,Hailey,15
WY,F,2008,Lily,15
WY,F,2008,Makayla,15
WY,F,2008,Sophia,15
WY,F,2008,Savannah,14
WY,F,2008,Victoria,14
WY,F,2008,Ashlyn,13
WY,F,2008,Aubrey,13
WY,F,2008,Grace,13
WY,F,2008,Kylee,13
WY,F,2008,Nevaeh,13
WY,F,2008,Sadie,13
WY,F,2008,Sydney,13
WY,F,2008,Allison,12
WY,F,2008,Aspen,12
WY,F,2008,Avery,12
WY,F,2008,Bailey,12
WY,F,2008,Mia,12
WY,F,2008,Anna,11
WY,F,2008,Gabriella,11
WY,F,2008,Sarah,11
WY,F,2008,Trinity,11
WY,F,2008,Audrey,10
WY,F,2008,Haley,10
WY,F,2008,Hayden,10
WY,F,2008,Jenna,10
WY,F,2008,Kylie,10
WY,F,2008,Lillian,10
WY,F,2008,Paige,10
WY,F,2008,Peyton,10
WY,F,2008,Samantha,10
WY,F,2008,Amelia,9
WY,F,2008,Brianna,9
WY,F,2008,Jasmine,9
WY,F,2008,Kaitlyn,9
WY,F,2008,Mariah,9
WY,F,2008,Morgan,9
WY,F,2008,Vanessa,9
WY,F,2008,Zoey,9
WY,F,2008,Ashley,8
WY,F,2008,Ashlynn,8
WY,F,2008,Danika,8
WY,F,2008,Ellie,8
WY,F,2008,Jamie,8
WY,F,2008,Jocelyn,8
WY,F,2008,Kadence,8
WY,F,2008,Katelyn,8
WY,F,2008,Keira,8
WY,F,2008,Lauren,8
WY,F,2008,Leah,8
WY,F,2008,Mikayla,8
WY,F,2008,Nicole,8
WY,F,2008,Rachel,8
WY,F,2008,Rylee,8
WY,F,2008,Sara,8
WY,F,2008,Sofia,8
WY,F,2008,Teagan,8
WY,F,2008,Tessa,8
WY,F,2008,Zoe,8
WY,F,2008,Alivia,7
WY,F,2008,Amy,7
WY,F,2008,Brooklynn,7
WY,F,2008,Evelyn,7
WY,F,2008,Isabel,7
WY,F,2008,Jessica,7
WY,F,2008,Julia,7
WY,F,2008,Katelynn,7
WY,F,2008,Kaylee,7
WY,F,2008,Lilly,7
WY,F,2008,Megan,7
WY,F,2008,Molly,7
WY,F,2008,Rebecca,7
WY,F,2008,Riley,7
WY,F,2008,Serenity,7
WY,F,2008,Sierra,7
WY,F,2008,Alicia,6
WY,F,2008,Allie,6
WY,F,2008,Angela,6
WY,F,2008,Annabelle,6
WY,F,2008,Arianna,6
WY,F,2008,Autumn,6
WY,F,2008,Bella,6
WY,F,2008,Brooke,6
WY,F,2008,Cheyenne,6
WY,F,2008,Danielle,6
WY,F,2008,Delaney,6
WY,F,2008,Elaina,6
WY,F,2008,Eva,6
WY,F,2008,Faith,6
WY,F,2008,Gabrielle,6
WY,F,2008,Isabelle,6
WY,F,2008,Katie,6
WY,F,2008,Kiera,6
WY,F,2008,Kira,6
WY,F,2008,Mackenzie,6
WY,F,2008,Macy,6
WY,F,2008,Madelyn,6
WY,F,2008,Marlee,6
WY,F,2008,Mary,6
WY,F,2008,Maya,6
WY,F,2008,Mya,6
WY,F,2008,Adriana,5
WY,F,2008,Afton,5
WY,F,2008,Brinley,5
WY,F,2008,Brylee,5
WY,F,2008,Cadence,5
WY,F,2008,Callie,5
WY,F,2008,Charlotte,5
WY,F,2008,Dakota,5
WY,F,2008,Destiny,5
WY,F,2008,Eliana,5
WY,F,2008,Izabella,5
WY,F,2008,Jayden,5
WY,F,2008,Jordan,5
WY,F,2008,Josephine,5
WY,F,2008,Julie,5
WY,F,2008,Kinley,5
WY,F,2008,Layla,5
WY,F,2008,Lucy,5
WY,F,2008,Margaret,5
WY,F,2008,Marley,5
WY,F,2008,Mckenzie,5
WY,F,2008,Melanie,5
WY,F,2008,Naomi,5
WY,F,2008,Natalia,5
WY,F,2008,Reagan,5
WY,F,2008,Shayla,5
WY,F,2008,Shelby,5
WY,F,2009,Isabella,36
WY,F,2009,Madison,35
WY,F,2009,Ava,31
WY,F,2009,Emma,30
WY,F,2009,Alexis,28
WY,F,2009,Elizabeth,27
WY,F,2009,Addison,26
WY,F,2009,Abigail,25
WY,F,2009,Olivia,25
WY,F,2009,Taylor,22
WY,F,2009,Emily,20
WY,F,2009,Ella,19
WY,F,2009,Sophia,19
WY,F,2009,Grace,17
WY,F,2009,Hailey,17
WY,F,2009,Aspen,16
WY,F,2009,Chloe,16
WY,F,2009,Hannah,16
WY,F,2009,Natalie,16
WY,F,2009,Brooklyn,15
WY,F,2009,Nevaeh,15
WY,F,2009,Kaylee,14
WY,F,2009,Lillian,14
WY,F,2009,Mia,14
WY,F,2009,Zoey,14
WY,F,2009,Lily,13
WY,F,2009,Autumn,12
WY,F,2009,Avery,12
WY,F,2009,Brooke,12
WY,F,2009,Claire,12
WY,F,2009,Eva,12
WY,F,2009,Morgan,12
WY,F,2009,Payton,12
WY,F,2009,Sarah,12
WY,F,2009,Jayden,11
WY,F,2009,Kaydence,11
WY,F,2009,Paige,11
WY,F,2009,Rylee,11
WY,F,2009,Sydney,11
WY,F,2009,Allison,10
WY,F,2009,Alyssa,10
WY,F,2009,Arianna,10
WY,F,2009,Brianna,10
WY,F,2009,Gabriella,10
WY,F,2009,Lilly,10
WY,F,2009,Ashlyn,9
WY,F,2009,Aurora,9
WY,F,2009,Hayden,9
WY,F,2009,Jasmine,9
WY,F,2009,Katie,9
WY,F,2009,Marley,9
WY,F,2009,Bailey,8
WY,F,2009,Bella,8
WY,F,2009,Destiny,8
WY,F,2009,Ellie,8
WY,F,2009,Layla,8
WY,F,2009,Leah,8
WY,F,2009,Mckenzie,8
WY,F,2009,Samantha,8
WY,F,2009,Valeria,8
WY,F,2009,Audrey,7
WY,F,2009,Baylee,7
WY,F,2009,Brooklynn,7
WY,F,2009,Evelyn,7
WY,F,2009,Faith,7
WY,F,2009,Hailee,7
WY,F,2009,Lillie,7
WY,F,2009,Madeline,7
WY,F,2009,Maggie,7
WY,F,2009,Makayla,7
WY,F,2009,Mary,7
WY,F,2009,Megan,7
WY,F,2009,Peyton,7
WY,F,2009,Piper,7
WY,F,2009,Sadie,7
WY,F,2009,Serenity,7
WY,F,2009,Sophie,7
WY,F,2009,Trinity,7
WY,F,2009,Victoria,7
WY,F,2009,Adalyn,6
WY,F,2009,Amelia,6
WY,F,2009,Anna,6
WY,F,2009,Ariana,6
WY,F,2009,Ashley,6
WY,F,2009,Aubrey,6
WY,F,2009,Callie,6
WY,F,2009,Eliza,6
WY,F,2009,Jocelyn,6
WY,F,2009,Kaitlyn,6
WY,F,2009,Kayla,6
WY,F,2009,Kylie,6
WY,F,2009,Kynlee,6
WY,F,2009,Rachel,6
WY,F,2009,Reagan,6
WY,F,2009,Sage,6
WY,F,2009,Savannah,6
WY,F,2009,Sierra,6
WY,F,2009,Summer,6
WY,F,2009,Zoe,6
WY,F,2009,Alexa,5
WY,F,2009,Aliyah,5
WY,F,2009,Allyson,5
WY,F,2009,Annabelle,5
WY,F,2009,Bianca,5
WY,F,2009,Brynn,5
WY,F,2009,Cadence,5
WY,F,2009,Charlotte,5
WY,F,2009,Dylan,5
WY,F,2009,Emery,5
WY,F,2009,Hadley,5
WY,F,2009,Harper,5
WY,F,2009,Haylee,5
WY,F,2009,Hope,5
WY,F,2009,Isabell,5
WY,F,2009,Ivy,5
WY,F,2009,Jade,5
WY,F,2009,Jenna,5
WY,F,2009,Jordyn,5
WY,F,2009,Kara,5
WY,F,2009,Khloe,5
WY,F,2009,Kylee,5
WY,F,2009,Kyra,5
WY,F,2009,Lauren,5
WY,F,2009,Lyla,5
WY,F,2009,Maria,5
WY,F,2009,Maya,5
WY,F,2009,Mckenna,5
WY,F,2009,Presley,5
WY,F,2009,Ruby,5
WY,F,2009,Sara,5
WY,F,2009,Shelby,5
WY,F,2009,Sienna,5
WY,F,2009,Whitney,5
WY,F,2010,Isabella,44
WY,F,2010,Sophia,36
WY,F,2010,Madison,35
WY,F,2010,Addison,27
WY,F,2010,Chloe,24
WY,F,2010,Emma,23
WY,F,2010,Lillian,23
WY,F,2010,Abigail,22
WY,F,2010,Brooklyn,22
WY,F,2010,Alexis,21
WY,F,2010,Olivia,21
WY,F,2010,Elizabeth,20
WY,F,2010,Ava,19
WY,F,2010,Bailey,19
WY,F,2010,Nevaeh,19
WY,F,2010,Taylor,17
WY,F,2010,Lily,16
WY,F,2010,Ella,15
WY,F,2010,Hannah,15
WY,F,2010,Samantha,15
WY,F,2010,Kaylee,14
WY,F,2010,Alyssa,13
WY,F,2010,Anna,13
WY,F,2010,Emily,13
WY,F,2010,Grace,13
WY,F,2010,Allison,12
WY,F,2010,Avery,12
WY,F,2010,Natalie,12
WY,F,2010,Peyton,12
WY,F,2010,Hailey,11
WY,F,2010,Harper,11
WY,F,2010,Payton,11
WY,F,2010,Aubrey,10
WY,F,2010,Brooklynn,10
WY,F,2010,Ellie,10
WY,F,2010,Evelyn,10
WY,F,2010,Kylie,10
WY,F,2010,Teagan,10
WY,F,2010,Aspen,9
WY,F,2010,Bella,9
WY,F,2010,Riley,9
WY,F,2010,Rylee,9
WY,F,2010,Tessa,9
WY,F,2010,Zoey,9
WY,F,2010,Alivia,8
WY,F,2010,Amelia,8
WY,F,2010,Audrey,8
WY,F,2010,Claire,8
WY,F,2010,Hadley,8
WY,F,2010,Kennedy,8
WY,F,2010,Khloe,8
WY,F,2010,Lydia,8
WY,F,2010,Madeline,8
WY,F,2010,Makayla,8
WY,F,2010,Mary,8
WY,F,2010,Megan,8
WY,F,2010,Mia,8
WY,F,2010,Paisley,8
WY,F,2010,Sophie,8
WY,F,2010,Trinity,8
WY,F,2010,Aaliyah,7
WY,F,2010,Alexa,7
WY,F,2010,Alexandra,7
WY,F,2010,Brylee,7
WY,F,2010,Charlie,7
WY,F,2010,Eva,7
WY,F,2010,Gabriella,7
WY,F,2010,Kaitlyn,7
WY,F,2010,Ruby,7
WY,F,2010,Savannah,7
WY,F,2010,Sydney,7
WY,F,2010,Tatum,7
WY,F,2010,Willow,7
WY,F,2010,Adalyn,6
WY,F,2010,Amy,6
WY,F,2010,Ashley,6
WY,F,2010,Ashlynn,6
WY,F,2010,Aurora,6
WY,F,2010,Brooke,6
WY,F,2010,Dakota,6
WY,F,2010,Faith,6
WY,F,2010,Gracie,6
WY,F,2010,Hazel,6
WY,F,2010,Izabella,6
WY,F,2010,Jasmine,6
WY,F,2010,Jayden,6
WY,F,2010,Julia,6
WY,F,2010,Karlee,6
WY,F,2010,Kimber,6
WY,F,2010,Kylee,6
WY,F,2010,Lauren,6
WY,F,2010,Layla,6
WY,F,2010,Leah,6
WY,F,2010,Maci,6
WY,F,2010,Mackenzie,6
WY,F,2010,Miranda,6
WY,F,2010,Naomi,6
WY,F,2010,Paige,6
WY,F,2010,Piper,6
WY,F,2010,Sawyer,6
WY,F,2010,Violet,6
WY,F,2010,Ali,5
WY,F,2010,Alice,5
WY,F,2010,Allie,5
WY,F,2010,Ariana,5
WY,F,2010,Arianna,5
WY,F,2010,Aubree,5
WY,F,2010,Cadence,5
WY,F,2010,Clara,5
WY,F,2010,Delaney,5
WY,F,2010,Eden,5
WY,F,2010,Eliana,5
WY,F,2010,Gabrielle,5
WY,F,2010,Hayden,5
WY,F,2010,Haylee,5
WY,F,2010,Jayla,5
WY,F,2010,Josie,5
WY,F,2010,Katelyn,5
WY,F,2010,Kaydence,5
WY,F,2010,Kayla,5
WY,F,2010,Kimberly,5
WY,F,2010,Kinley,5
WY,F,2010,Kyra,5
WY,F,2010,Laila,5
WY,F,2010,Leila,5
WY,F,2010,Leslie,5
WY,F,2010,London,5
WY,F,2010,Lucy,5
WY,F,2010,Macy,5
WY,F,2010,Madelyn,5
WY,F,2010,Reagan,5
WY,F,2010,Shelby,5
WY,F,2010,Stella,5
WY,F,2010,Taya,5
WY,F,2010,Zoe,5
WY,F,2011,Emma,43
WY,F,2011,Olivia,30
WY,F,2011,Addison,27
WY,F,2011,Sophia,26
WY,F,2011,Isabella,22
WY,F,2011,Madison,22
WY,F,2011,Elizabeth,21
WY,F,2011,Abigail,20
WY,F,2011,Zoey,19
WY,F,2011,Emily,16
WY,F,2011,Avery,15
WY,F,2011,Hailey,15
WY,F,2011,Ava,14
WY,F,2011,Claire,14
WY,F,2011,Chloe,13
WY,F,2011,Gabriella,13
WY,F,2011,Harper,13
WY,F,2011,Kaylee,13
WY,F,2011,Peyton,13
WY,F,2011,Serenity,13
WY,F,2011,Ella,12
WY,F,2011,Hannah,12
WY,F,2011,Riley,12
WY,F,2011,Samantha,12
WY,F,2011,Sophie,12
WY,F,2011,Aaliyah,11
WY,F,2011,Amelia,11
WY,F,2011,Bailey,11
WY,F,2011,Brielle,11
WY,F,2011,Evelyn,11
WY,F,2011,Leah,11
WY,F,2011,Mia,11
WY,F,2011,Natalie,11
WY,F,2011,Shelby,11
WY,F,2011,Sofia,11
WY,F,2011,Sydney,11
WY,F,2011,Taylor,11
WY,F,2011,Alexis,10
WY,F,2011,Ashlyn,10
WY,F,2011,Aspen,10
WY,F,2011,Lillian,10
WY,F,2011,Morgan,10
WY,F,2011,Nevaeh,10
WY,F,2011,Paige,10
WY,F,2011,Piper,10
WY,F,2011,Alyssa,9
WY,F,2011,Ashlynn,9
WY,F,2011,Autumn,9
WY,F,2011,Brooklyn,9
WY,F,2011,Lydia,9
WY,F,2011,Mckenna,9
WY,F,2011,Rachel,9
WY,F,2011,Addyson,8
WY,F,2011,Aubrey,8
WY,F,2011,Ellie,8
WY,F,2011,Hadley,8
WY,F,2011,Layla,8
WY,F,2011,Lily,8
WY,F,2011,Rylee,8
WY,F,2011,Scarlett,8
WY,F,2011,Trinity,8
WY,F,2011,Anna,7
WY,F,2011,Annabelle,7
WY,F,2011,Ashley,7
WY,F,2011,Aurora,7
WY,F,2011,Bella,7
WY,F,2011,Brianna,7
WY,F,2011,Brooklynn,7
WY,F,2011,Grace,7
WY,F,2011,Jasmine,7
WY,F,2011,Kylee,7
WY,F,2011,Kylie,7
WY,F,2011,Lauren,7
WY,F,2011,Maci,7
WY,F,2011,Maggie,7
WY,F,2011,Makayla,7
WY,F,2011,Nora,7
WY,F,2011,Paisley,7
WY,F,2011,Ryleigh,7
WY,F,2011,Victoria,7
WY,F,2011,Arianna,6
WY,F,2011,Audrey,6
WY,F,2011,Charlotte,6
WY,F,2011,Destiny,6
WY,F,2011,Eva,6
WY,F,2011,Gracie,6
WY,F,2011,Kaydence,6
WY,F,2011,Kayla,6
WY,F,2011,Kendra,6
WY,F,2011,Khloe,6
WY,F,2011,Kyla,6
WY,F,2011,Mya,6
WY,F,2011,Sara,6
WY,F,2011,Savannah,6
WY,F,2011,Zoe,6
WY,F,2011,Alexa,5
WY,F,2011,Allison,5
WY,F,2011,Arabella,5
WY,F,2011,Brooke,5
WY,F,2011,Brylee,5
WY,F,2011,Callie,5
WY,F,2011,Cora,5
WY,F,2011,Emery,5
WY,F,2011,Faith,5
WY,F,2011,Genevieve,5
WY,F,2011,Hayden,5
WY,F,2011,Izabella,5
WY,F,2011,Jayden,5
WY,F,2011,Jordan,5
WY,F,2011,Josephine,5
WY,F,2011,Julia,5
WY,F,2011,Katherine,5
WY,F,2011,Kinley,5
WY,F,2011,Lilly,5
WY,F,2011,Madeline,5
WY,F,2011,Madelyn,5
WY,F,2011,Payton,5
WY,F,2011,Phoebe,5
WY,F,2011,Reagan,5
WY,F,2011,Rebecca,5
WY,F,2011,Stella,5
WY,F,2011,Violet,5
WY,F,2012,Emma,40
WY,F,2012,Sophia,32
WY,F,2012,Madison,29
WY,F,2012,Elizabeth,26
WY,F,2012,Olivia,24
WY,F,2012,Ava,22
WY,F,2012,Chloe,22
WY,F,2012,Addison,21
WY,F,2012,Ella,21
WY,F,2012,Grace,19
WY,F,2012,Hannah,19
WY,F,2012,Lillian,19
WY,F,2012,Abigail,18
WY,F,2012,Avery,18
WY,F,2012,Isabella,18
WY,F,2012,Paisley,18
WY,F,2012,Harper,17
WY,F,2012,Mia,17
WY,F,2012,Lily,16
WY,F,2012,Brooklyn,15
WY,F,2012,Hailey,15
WY,F,2012,Payton,15
WY,F,2012,Emily,14
WY,F,2012,Audrey,13
WY,F,2012,Brooklynn,13
WY,F,2012,Zoey,13
WY,F,2012,Natalie,12
WY,F,2012,Riley,12
WY,F,2012,Peyton,11
WY,F,2012,Amelia,10
WY,F,2012,Ashlynn,10
WY,F,2012,Autumn,10
WY,F,2012,Charlotte,10
WY,F,2012,Clara,10
WY,F,2012,Molly,10
WY,F,2012,Piper,10
WY,F,2012,Rylee,10
WY,F,2012,Sarah,10
WY,F,2012,Alexis,9
WY,F,2012,Alice,9
WY,F,2012,Aurora,9
WY,F,2012,Bailey,9
WY,F,2012,Claire,9
WY,F,2012,Cora,9
WY,F,2012,Khloe,9
WY,F,2012,Kylie,9
WY,F,2012,Leah,9
WY,F,2012,Nevaeh,9
WY,F,2012,Allison,8
WY,F,2012,Arianna,8
WY,F,2012,Aubrey,8
WY,F,2012,Ellie,8
WY,F,2012,Evelyn,8
WY,F,2012,Ivy,8
WY,F,2012,Raegan,8
WY,F,2012,Samantha,8
WY,F,2012,Taylor,8
WY,F,2012,Trinity,8
WY,F,2012,Annabelle,7
WY,F,2012,Gabriella,7
WY,F,2012,Josie,7
WY,F,2012,Kaylee,7
WY,F,2012,Kinley,7
WY,F,2012,Layla,7
WY,F,2012,Mckenna,7
WY,F,2012,Nora,7
WY,F,2012,Paige,7
WY,F,2012,Quinn,7
WY,F,2012,Zoe,7
WY,F,2012,Alexa,6
WY,F,2012,Alexandra,6
WY,F,2012,Anna,6
WY,F,2012,Ashley,6
WY,F,2012,Averie,6
WY,F,2012,Bristol,6
WY,F,2012,Brynlee,6
WY,F,2012,Callie,6
WY,F,2012,Delilah,6
WY,F,2012,Finley,6
WY,F,2012,Gracie,6
WY,F,2012,Jasmine,6
WY,F,2012,Kaydence,6
WY,F,2012,Lilly,6
WY,F,2012,Lydia,6
WY,F,2012,Morgan,6
WY,F,2012,Mya,6
WY,F,2012,Penelope,6
WY,F,2012,Reagan,6
WY,F,2012,Sadie,6
WY,F,2012,Sierra,6
WY,F,2012,Sydney,6
WY,F,2012,Aaliyah,5
WY,F,2012,Adelyn,5
WY,F,2012,Aria,5
WY,F,2012,Aspen,5
WY,F,2012,Bella,5
WY,F,2012,Brooke,5
WY,F,2012,Brylee,5
WY,F,2012,Elsie,5
WY,F,2012,Emery,5
WY,F,2012,Hayden,5
WY,F,2012,Heidi,5
WY,F,2012,Iris,5
WY,F,2012,Julia,5
WY,F,2012,Kennedy,5
WY,F,2012,Laura,5
WY,F,2012,Lexi,5
WY,F,2012,Mackenzie,5
WY,F,2012,Madelyn,5
WY,F,2012,Madilyn,5
WY,F,2012,Makayla,5
WY,F,2012,Maria,5
WY,F,2012,Rebecca,5
WY,F,2012,Ruby,5
WY,F,2012,Savannah,5
WY,F,2012,Scarlet,5
WY,F,2012,Victoria,5
WY,F,2013,Sophia,42
WY,F,2013,Emma,30
WY,F,2013,Harper,25
WY,F,2013,Olivia,25
WY,F,2013,Paisley,24
WY,F,2013,Emily,21
WY,F,2013,Ava,18
WY,F,2013,Ella,18
WY,F,2013,Evelyn,18
WY,F,2013,Lillian,18
WY,F,2013,Elizabeth,17
WY,F,2013,Isabella,17
WY,F,2013,Sadie,17
WY,F,2013,Brooklyn,16
WY,F,2013,Alexis,15
WY,F,2013,Amelia,15
WY,F,2013,Chloe,15
WY,F,2013,Zoey,15
WY,F,2013,Abigail,14
WY,F,2013,Addison,14
WY,F,2013,Aspen,13
WY,F,2013,Kaylee,13
WY,F,2013,Natalie,13
WY,F,2013,Ashlynn,12
WY,F,2013,Ellie,12
WY,F,2013,Madison,12
WY,F,2013,Aria,11
WY,F,2013,Hannah,11
WY,F,2013,Lily,11
WY,F,2013,Lydia,11
WY,F,2013,Avery,10
WY,F,2013,Grace,10
WY,F,2013,Hadley,10
WY,F,2013,Hailey,10
WY,F,2013,Nora,10
WY,F,2013,Reese,10
WY,F,2013,Rylee,10
WY,F,2013,Anna,9
WY,F,2013,Bella,9
WY,F,2013,Brynlee,9
WY,F,2013,Charlotte,9
WY,F,2013,Isla,9
WY,F,2013,Kaydence,9
WY,F,2013,Mia,9
WY,F,2013,Molly,9
WY,F,2013,Peyton,9
WY,F,2013,Piper,9
WY,F,2013,Riley,9
WY,F,2013,Serenity,9
WY,F,2013,Allison,8
WY,F,2013,Aubrey,8
WY,F,2013,Brielle,8
WY,F,2013,Kylie,8
WY,F,2013,Lilly,8
WY,F,2013,Mila,8
WY,F,2013,Naomi,8
WY,F,2013,Samantha,8
WY,F,2013,Scarlett,8
WY,F,2013,Shelby,8
WY,F,2013,Willow,8
WY,F,2013,Zoe,8
WY,F,2013,Alexandria,7
WY,F,2013,Alice,7
WY,F,2013,Caroline,7
WY,F,2013,Claire,7
WY,F,2013,Cora,7
WY,F,2013,Gracie,7
WY,F,2013,Jocelyn,7
WY,F,2013,Katie,7
WY,F,2013,Kennedy,7
WY,F,2013,Kinley,7
WY,F,2013,Layla,7
WY,F,2013,Melanie,7
WY,F,2013,Morgan,7
WY,F,2013,Raelynn,7
WY,F,2013,Sawyer,7
WY,F,2013,Sophie,7
WY,F,2013,Stella,7
WY,F,2013,Adalynn,6
WY,F,2013,Alexandra,6
WY,F,2013,Angelina,6
WY,F,2013,Annabelle,6
WY,F,2013,Ariana,6
WY,F,2013,Ashley,6
WY,F,2013,Aubree,6
WY,F,2013,Autumn,6
WY,F,2013,Brooklynn,6
WY,F,2013,Ember,6
WY,F,2013,Emerson,6
WY,F,2013,Isabelle,6
WY,F,2013,Jade,6
WY,F,2013,Laney,6
WY,F,2013,Luna,6
WY,F,2013,Maggie,6
WY,F,2013,Mckenna,6
WY,F,2013,Nevaeh,6
WY,F,2013,Paige,6
WY,F,2013,Penelope,6
WY,F,2013,Sofia,6
WY,F,2013,Sydney,6
WY,F,2013,Taylor,6
WY,F,2013,Trinity,6
WY,F,2013,Victoria,6
WY,F,2013,Aaliyah,5
WY,F,2013,Arianna,5
WY,F,2013,Ashlyn,5
WY,F,2013,Brynn,5
WY,F,2013,Elaina,5
WY,F,2013,Elena,5
WY,F,2013,Elise,5
WY,F,2013,Emery,5
WY,F,2013,Eva,5
WY,F,2013,Faith,5
WY,F,2013,Hadlee,5
WY,F,2013,Haven,5
WY,F,2013,Hayden,5
WY,F,2013,Hope,5
WY,F,2013,Jordyn,5
WY,F,2013,Josephine,5
WY,F,2013,Josie,5
WY,F,2013,Keira,5
WY,F,2013,Khloe,5
WY,F,2013,Kimber,5
WY,F,2013,Lexi,5
WY,F,2013,Lucy,5
WY,F,2013,Maci,5
WY,F,2013,Madalynn,5
WY,F,2013,Maya,5
WY,F,2013,Melody,5
WY,F,2013,Rachel,5
WY,F,2013,Raegan,5
WY,F,2013,Reagan,5
WY,F,2013,Ruby,5
WY,F,2013,Sarah,5
WY,F,2013,Savannah,5
WY,F,2013,Sienna,5
WY,F,2013,Teagan,5
WY,F,2013,Temperance,5
WY,F,2013,Vivian,5
WY,F,2014,Olivia,40
WY,F,2014,Emma,33
WY,F,2014,Brooklyn,32
WY,F,2014,Abigail,27
WY,F,2014,Elizabeth,25
WY,F,2014,Harper,25
WY,F,2014,Sophia,22
WY,F,2014,Avery,18
WY,F,2014,Evelyn,18
WY,F,2014,Amelia,17
WY,F,2014,Ava,17
WY,F,2014,Charlotte,16
WY,F,2014,Zoey,16
WY,F,2014,Aubrey,15
WY,F,2014,Chloe,14
WY,F,2014,Isabella,14
WY,F,2014,Mia,14
WY,F,2014,Oakley,14
WY,F,2014,Paisley,14
WY,F,2014,Grace,13
WY,F,2014,Hannah,13
WY,F,2014,Lily,13
WY,F,2014,Madison,13
WY,F,2014,Adalynn,12
WY,F,2014,Claire,12
WY,F,2014,Lillian,12
WY,F,2014,Natalie,12
WY,F,2014,Nora,12
WY,F,2014,Zoe,12
WY,F,2014,Layla,11
WY,F,2014,Piper,11
WY,F,2014,Alexis,10
WY,F,2014,Arianna,10
WY,F,2014,Brooke,10
WY,F,2014,Cora,10
WY,F,2014,Isabelle,10
WY,F,2014,Riley,10
WY,F,2014,Sydney,10
WY,F,2014,Willow,10
WY,F,2014,Aaliyah,9
WY,F,2014,Addison,9
WY,F,2014,Ashley,9
WY,F,2014,Aurora,9
WY,F,2014,Brynlee,9
WY,F,2014,Ellie,9
WY,F,2014,Gracie,9
WY,F,2014,Kennedy,9
WY,F,2014,Lucy,9
WY,F,2014,Rylee,9
WY,F,2014,Sadie,9
WY,F,2014,Victoria,9
WY,F,2014,Annabelle,8
WY,F,2014,Aria,8
WY,F,2014,Audrey,8
WY,F,2014,Eleanor,8
WY,F,2014,Ella,8
WY,F,2014,Hadley,8
WY,F,2014,Hailey,8
WY,F,2014,Josephine,8
WY,F,2014,Kinley,8
WY,F,2014,Mila,8
WY,F,2014,Scarlett,8
WY,F,2014,Vivian,8
WY,F,2014,Alyssa,7
WY,F,2014,Ashlynn,7
WY,F,2014,Aspen,7
WY,F,2014,Ayla,7
WY,F,2014,Bella,7
WY,F,2014,Braelynn,7
WY,F,2014,Brooklynn,7
WY,F,2014,Ember,7
WY,F,2014,Emily,7
WY,F,2014,Gabriella,7
WY,F,2014,Lilly,7
WY,F,2014,Margaret,7
WY,F,2014,Molly,7
WY,F,2014,Samantha,7
WY,F,2014,Sawyer,7
WY,F,2014,Taylor,7
WY,F,2014,Ariana,6
WY,F,2014,Aubree,6
WY,F,2014,Clara,6
WY,F,2014,Finley,6
WY,F,2014,Hazel,6
WY,F,2014,Ivy,6
WY,F,2014,Kaydence,6
WY,F,2014,Lexi,6
WY,F,2014,Luna,6
WY,F,2014,Mackenzie,6
WY,F,2014,Makayla,6
WY,F,2014,Naomi,6
WY,F,2014,Nevaeh,6
WY,F,2014,Penelope,6
WY,F,2014,Remington,6
WY,F,2014,Ruby,6
WY,F,2014,Savannah,6
WY,F,2014,Serenity,6
WY,F,2014,Sophie,6
WY,F,2014,Trinity,6
WY,F,2014,Violet,6
WY,F,2014,Addyson,5
WY,F,2014,Adelyn,5
WY,F,2014,Ainsley,5
WY,F,2014,Alayna,5
WY,F,2014,Alice,5
WY,F,2014,Allison,5
WY,F,2014,Brinley,5
WY,F,2014,Cadence,5
WY,F,2014,Cecilia,5
WY,F,2014,Delilah,5
WY,F,2014,Elena,5
WY,F,2014,Eliza,5
WY,F,2014,Eva,5
WY,F,2014,Haven,5
WY,F,2014,Isabel,5
WY,F,2014,Isla,5
WY,F,2014,Karlee,5
WY,F,2014,Kate,5
WY,F,2014,Kenzie,5
WY,F,2014,Kinsley,5
WY,F,2014,Laney,5
WY,F,2014,Lila,5
WY,F,2014,Lyla,5
WY,F,2014,Mariah,5
WY,F,2014,Mary,5
WY,F,2014,Mckinley,5
WY,F,2014,Miriam,5
WY,F,2014,Peyton,5
WY,F,2014,Raegan,5
WY,F,2014,Reese,5
WY,F,2014,River,5
WY,F,2014,Ryleigh,5
WY,F,2014,Sofia,5
WY,F,2014,Tatum,5
WY,F,2015,Emma,39
WY,F,2015,Harper,35
WY,F,2015,Olivia,31
WY,F,2015,Amelia,23
WY,F,2015,Ava,23
WY,F,2015,Evelyn,23
WY,F,2015,Aria,20
WY,F,2015,Charlotte,20
WY,F,2015,Natalie,20
WY,F,2015,Zoey,20
WY,F,2015,Emily,19
WY,F,2015,Abigail,17
WY,F,2015,Brooklyn,17
WY,F,2015,Elizabeth,17
WY,F,2015,Aspen,16
WY,F,2015,Ella,16
WY,F,2015,Madison,16
WY,F,2015,Chloe,15
WY,F,2015,Addison,14
WY,F,2015,Brynlee,14
WY,F,2015,Scarlett,14
WY,F,2015,Audrey,13
WY,F,2015,Avery,13
WY,F,2015,Eleanor,13
WY,F,2015,Mia,13
WY,F,2015,Paisley,13
WY,F,2015,Sophia,13
WY,F,2015,Eva,12
WY,F,2015,Lillian,12
WY,F,2015,Penelope,12
WY,F,2015,Sadie,12
WY,F,2015,Hailey,11
WY,F,2015,Hazel,11
WY,F,2015,Ivy,11
WY,F,2015,Josephine,11
WY,F,2015,Lucy,11
WY,F,2015,Piper,11
WY,F,2015,Samantha,11
WY,F,2015,Savannah,11
WY,F,2015,Leah,10
WY,F,2015,Lilly,10
WY,F,2015,Nevaeh,10
WY,F,2015,Nora,10
WY,F,2015,Norah,10
WY,F,2015,Quinn,10
WY,F,2015,Anna,9
WY,F,2015,Annabelle,9
WY,F,2015,Emery,9
WY,F,2015,Gabriella,9
WY,F,2015,Hadley,9
WY,F,2015,Isabella,9
WY,F,2015,Kennedy,9
WY,F,2015,Lauren,9
WY,F,2015,Lily,9
WY,F,2015,Lydia,9
WY,F,2015,Madelyn,9
WY,F,2015,Alexa,8
WY,F,2015,Aurora,8
WY,F,2015,Autumn,8
WY,F,2015,Cora,8
WY,F,2015,Hannah,8
WY,F,2015,Katherine,8
WY,F,2015,Morgan,8
WY,F,2015,Payton,8
WY,F,2015,Riley,8
WY,F,2015,Sophie,8
WY,F,2015,Taylor,8
WY,F,2015,Violet,8
WY,F,2015,Alice,7
WY,F,2015,Athena,7
WY,F,2015,Claire,7
WY,F,2015,Hayden,7
WY,F,2015,Iris,7
WY,F,2015,Jasmine,7
WY,F,2015,Kaylee,7
WY,F,2015,Kylie,7
WY,F,2015,Maddison,7
WY,F,2015,Sawyer,7
WY,F,2015,Sofia,7
WY,F,2015,Stella,7
WY,F,2015,Adalynn,6
WY,F,2015,Bailey,6
WY,F,2015,Brooke,6
WY,F,2015,Caroline,6
WY,F,2015,Gracelynn,6
WY,F,2015,Hadlee,6
WY,F,2015,Harley,6
WY,F,2015,Katie,6
WY,F,2015,Kinsley,6
WY,F,2015,Layla,6
WY,F,2015,Liliana,6
WY,F,2015,Marley,6
WY,F,2015,Myla,6
WY,F,2015,Presley,6
WY,F,2015,Reagan,6
WY,F,2015,Serenity,6
WY,F,2015,Taya,6
WY,F,2015,Trinity,6
WY,F,2015,Aaliyah,5
WY,F,2015,Alaina,5
WY,F,2015,Alayna,5
WY,F,2015,Alexis,5
WY,F,2015,Ariana,5
WY,F,2015,Arianna,5
WY,F,2015,Cassidy,5
WY,F,2015,Eliana,5
WY,F,2015,Ellie,5
WY,F,2015,Ember,5
WY,F,2015,Evelynn,5
WY,F,2015,Finley,5
WY,F,2015,Grace,5
WY,F,2015,Isabel,5
WY,F,2015,Isla,5
WY,F,2015,Jordyn,5
WY,F,2015,Kassidy,5
WY,F,2015,Kate,5
WY,F,2015,Khloe,5
WY,F,2015,Kira,5
WY,F,2015,Luna,5
WY,F,2015,Macie,5
WY,F,2015,Maggie,5
WY,F,2015,Makenna,5
WY,F,2015,Mila,5
WY,F,2015,Paige,5
WY,F,2015,Rylee,5
WY,F,2015,Sage,5
WY,F,2015,Sarah,5
WY,F,2015,Skylar,5
WY,F,2015,Summer,5
WY,F,2015,Teagan,5
WY,F,2015,Vivian,5
WY,F,2015,Willow,5
WY,F,2015,Zoe,5
WY,F,2016,Emma,36
WY,F,2016,Olivia,29
WY,F,2016,Harper,26
WY,F,2016,Ava,24
WY,F,2016,Elizabeth,24
WY,F,2016,Emily,21
WY,F,2016,Avery,18
WY,F,2016,Evelyn,18
WY,F,2016,Piper,18
WY,F,2016,Amelia,17
WY,F,2016,Sophia,17
WY,F,2016,Charlotte,16
WY,F,2016,Hailey,16
WY,F,2016,Nora,16
WY,F,2016,Zoey,16
WY,F,2016,Isabella,15
WY,F,2016,Scarlett,15
WY,F,2016,Lily,14
WY,F,2016,Aspen,13
WY,F,2016,Aurora,13
WY,F,2016,Eleanor,13
WY,F,2016,Ella,13
WY,F,2016,Ruby,13
WY,F,2016,Willow,13
WY,F,2016,Abigail,12
WY,F,2016,Brooklyn,12
WY,F,2016,Grace,12
WY,F,2016,Kennedy,12
WY,F,2016,Lillian,12
WY,F,2016,Paisley,12
WY,F,2016,Annabelle,11
WY,F,2016,Ellie,11
WY,F,2016,Mia,11
WY,F,2016,Natalie,11
WY,F,2016,Oakley,11
WY,F,2016,Riley,11
WY,F,2016,Anna,10
WY,F,2016,Aria,10
WY,F,2016,Hadley,10
WY,F,2016,Hazel,10
WY,F,2016,Lydia,10
WY,F,2016,Penelope,10
WY,F,2016,Zoe,10
WY,F,2016,Cora,9
WY,F,2016,Hannah,9
WY,F,2016,Lucy,9
WY,F,2016,Sawyer,9
WY,F,2016,Alexa,8
WY,F,2016,Alice,8
WY,F,2016,Audrey,8
WY,F,2016,Brynlee,8
WY,F,2016,Eva,8
WY,F,2016,Peyton,8
WY,F,2016,Reagan,8
WY,F,2016,Rylee,8
WY,F,2016,Sadie,8
WY,F,2016,Stella,8
WY,F,2016,Addison,7
WY,F,2016,Arianna,7
WY,F,2016,Athena,7
WY,F,2016,Autumn,7
WY,F,2016,Caroline,7
WY,F,2016,Daisy,7
WY,F,2016,Everly,7
WY,F,2016,Felicity,7
WY,F,2016,Josie,7
WY,F,2016,Kaylee,7
WY,F,2016,Kimber,7
WY,F,2016,Kinley,7
WY,F,2016,Kylie,7
WY,F,2016,Mackenzie,7
WY,F,2016,Madison,7
WY,F,2016,Norah,7
WY,F,2016,Samantha,7
WY,F,2016,Sofia,7
WY,F,2016,Aaliyah,6
WY,F,2016,Alexis,6
WY,F,2016,Arya,6
WY,F,2016,Charlie,6
WY,F,2016,Claire,6
WY,F,2016,Eliza,6
WY,F,2016,Emmy,6
WY,F,2016,Faith,6
WY,F,2016,Gracie,6
WY,F,2016,Isabelle,6
WY,F,2016,Kinsley,6
WY,F,2016,Madeline,6
WY,F,2016,Madelyn,6
WY,F,2016,Madilynn,6
WY,F,2016,Melody,6
WY,F,2016,Nova,6
WY,F,2016,Taylor,6
WY,F,2016,Violet,6
WY,F,2016,Adalynn,5
WY,F,2016,Adeline,5
WY,F,2016,Alaina,5
WY,F,2016,Andrea,5
WY,F,2016,Brinley,5
WY,F,2016,Brylee,5
WY,F,2016,Brynn,5
WY,F,2016,Camila,5
WY,F,2016,Delilah,5
WY,F,2016,Ember,5
WY,F,2016,Everleigh,5
WY,F,2016,Freya,5
WY,F,2016,Genevieve,5
WY,F,2016,Izabella,5
WY,F,2016,Jasmine,5
WY,F,2016,Lauren,5
WY,F,2016,Mila,5
WY,F,2016,Molly,5
WY,F,2016,Morgan,5
WY,F,2016,Mya,5
WY,F,2016,Naomi,5
WY,F,2016,Paige,5
WY,F,2016,Parker,5
WY,F,2016,Raelynn,5
WY,F,2016,Rebecca,5
WY,F,2016,River,5
WY,F,2016,Sarah,5
WY,F,2016,Savannah,5
WY,F,2016,Sylvia,5
WY,F,2016,Trinity,5
WY,F,2016,Ximena,5
WY,F,2017,Emma,35
WY,F,2017,Harper,24
WY,F,2017,Ava,23
WY,F,2017,Avery,21
WY,F,2017,Charlotte,21
WY,F,2017,Olivia,21
WY,F,2017,Sophia,21
WY,F,2017,Amelia,19
WY,F,2017,Evelyn,19
WY,F,2017,Elizabeth,17
WY,F,2017,Isabella,17
WY,F,2017,Abigail,16
WY,F,2017,Kinsley,16
WY,F,2017,Aurora,15
WY,F,2017,Ella,15
WY,F,2017,Grace,15
WY,F,2017,Adeline,14
WY,F,2017,Reagan,14
WY,F,2017,Hailey,13
WY,F,2017,Madison,13
WY,F,2017,Paisley,13
WY,F,2017,Aria,12
WY,F,2017,Victoria,12
WY,F,2017,Ellie,11
WY,F,2017,Lillian,11
WY,F,2017,Natalie,11
WY,F,2017,Scarlett,11
WY,F,2017,Teagan,11
WY,F,2017,Chloe,10
WY,F,2017,Emily,10
WY,F,2017,Hadley,10
WY,F,2017,Hannah,10
WY,F,2017,Hazel,10
WY,F,2017,Kimber,10
WY,F,2017,Lily,10
WY,F,2017,Mia,10
WY,F,2017,Riley,10
WY,F,2017,Sawyer,10
WY,F,2017,Addison,9
WY,F,2017,Alice,9
WY,F,2017,Emery,9
WY,F,2017,Nora,9
WY,F,2017,Penelope,9
WY,F,2017,Peyton,9
WY,F,2017,Sophie,9
WY,F,2017,Zoey,9
WY,F,2017,Brooklyn,8
WY,F,2017,Charlie,8
WY,F,2017,Clara,8
WY,F,2017,Eleanor,8
WY,F,2017,Elena,8
WY,F,2017,Eliza,8
WY,F,2017,Finley,8
WY,F,2017,Josephine,8
WY,F,2017,Layla,8
WY,F,2017,Nova,8
WY,F,2017,Piper,8
WY,F,2017,Serenity,8
WY,F,2017,Willow,8
WY,F,2017,Alexis,7
WY,F,2017,Anna,7
WY,F,2017,Audrey,7
WY,F,2017,Cora,7
WY,F,2017,Delilah,7
WY,F,2017,Eliana,7
WY,F,2017,Eva,7
WY,F,2017,Everly,7
WY,F,2017,Gabriella,7
WY,F,2017,Isla,7
WY,F,2017,Ivy,7
WY,F,2017,Kennedy,7
WY,F,2017,Ruby,7
WY,F,2017,Rylee,7
WY,F,2017,Sierra,7
WY,F,2017,Stella,7
WY,F,2017,Aliyah,6
WY,F,2017,Aubrey,6
WY,F,2017,Bailey,6
WY,F,2017,Caroline,6
WY,F,2017,Claire,6
WY,F,2017,Elise,6
WY,F,2017,Emersyn,6
WY,F,2017,Faith,6
WY,F,2017,Harley,6
WY,F,2017,Hope,6
WY,F,2017,Isabelle,6
WY,F,2017,Luna,6
WY,F,2017,Madeline,6
WY,F,2017,Madelyn,6
WY,F,2017,Maggie,6
WY,F,2017,Quinn,6
WY,F,2017,Reese,6
WY,F,2017,Violet,6
WY,F,2017,Adaline,5
WY,F,2017,Adalyn,5
WY,F,2017,Adalynn,5
WY,F,2017,Anastasia,5
WY,F,2017,Blakely,5
WY,F,2017,Charleigh,5
WY,F,2017,Ember,5
WY,F,2017,Emerson,5
WY,F,2017,Iris,5
WY,F,2017,Julia,5
WY,F,2017,Juniper,5
WY,F,2017,Lilly,5
WY,F,2017,Lucy,5
WY,F,2017,Presley,5
WY,F,2017,Raelynn,5
WY,F,2017,Savannah,5
WY,F,2017,Shelby,5
WY,F,2017,Taylor,5
WY,F,2017,Vivienne,5
WY,F,2017,Winter,5
WY,F,2018,Amelia,26
WY,F,2018,Emma,26
WY,F,2018,Elizabeth,24
WY,F,2018,Harper,23
WY,F,2018,Olivia,22
WY,F,2018,Evelyn,21
WY,F,2018,Ava,17
WY,F,2018,Cora,17
WY,F,2018,Ellie,17
WY,F,2018,Charlotte,16
WY,F,2018,Claire,15
WY,F,2018,Emersyn,15
WY,F,2018,Abigail,14
WY,F,2018,Hazel,14
WY,F,2018,Mia,14
WY,F,2018,Sophia,14
WY,F,2018,Riley,13
WY,F,2018,Brooklyn,12
WY,F,2018,Lillian,12
WY,F,2018,Piper,12
WY,F,2018,Aspen,11
WY,F,2018,Aubrey,11
WY,F,2018,Aurora,11
WY,F,2018,Chloe,11
WY,F,2018,Isabella,11
WY,F,2018,Madison,11
WY,F,2018,Natalie,11
WY,F,2018,Nora,11
WY,F,2018,Paisley,11
WY,F,2018,Adeline,10
WY,F,2018,Ember,10
WY,F,2018,Emily,10
WY,F,2018,Hadley,10
WY,F,2018,Penelope,10
WY,F,2018,Scarlett,10
WY,F,2018,Stella,10
WY,F,2018,Willow,10
WY,F,2018,Catherine,9
WY,F,2018,Eleanor,9
WY,F,2018,Ella,9
WY,F,2018,Emery,9
WY,F,2018,Grace,9
WY,F,2018,Isla,9
WY,F,2018,Kennedy,9
WY,F,2018,Oakley,9
WY,F,2018,Peyton,9
WY,F,2018,Quinn,9
WY,F,2018,Audrey,8
WY,F,2018,Blake,8
WY,F,2018,Blakely,8
WY,F,2018,Gabriella,8
WY,F,2018,Josephine,8
WY,F,2018,Lucy,8
WY,F,2018,Mila,8
WY,F,2018,Molly,8
WY,F,2018,Reagan,8
WY,F,2018,Victoria,8
WY,F,2018,Addison,7
WY,F,2018,Bailey,7
WY,F,2018,Bella,7
WY,F,2018,Clara,7
WY,F,2018,Eva,7
WY,F,2018,Hailey,7
WY,F,2018,Nova,7
WY,F,2018,Paige,7
WY,F,2018,Aaliyah,6
WY,F,2018,Adalyn,6
WY,F,2018,Alice,6
WY,F,2018,Aria,6
WY,F,2018,Brooke,6
WY,F,2018,Callie,6
WY,F,2018,Delilah,6
WY,F,2018,Elsie,6
WY,F,2018,Everly,6
WY,F,2018,Freya,6
WY,F,2018,Luna,6
WY,F,2018,Maya,6
WY,F,2018,Raelynn,6
WY,F,2018,Remi,6
WY,F,2018,Rose,6
WY,F,2018,Ryleigh,6
WY,F,2018,Sadie,6
WY,F,2018,Skylar,6
WY,F,2018,Thea,6
WY,F,2018,Violet,6
WY,F,2018,Vivian,6
WY,F,2018,Allison,5
WY,F,2018,Amara,5
WY,F,2018,Arianna,5
WY,F,2018,Autumn,5
WY,F,2018,Braylee,5
WY,F,2018,Charlie,5
WY,F,2018,Eve,5
WY,F,2018,Faith,5
WY,F,2018,Genevieve,5
WY,F,2018,Ivy,5
WY,F,2018,Lily,5
WY,F,2018,Madeline,5
WY,F,2018,Madelyn,5
WY,F,2018,Maggie,5
WY,F,2018,Margaret,5
WY,F,2018,Marley,5
WY,F,2018,Naomi,5
WY,F,2018,Payton,5
WY,F,2018,Remington,5
WY,F,2018,Rylee,5
WY,F,2018,Rylie,5
WY,F,2018,Sawyer,5
WY,F,2019,Charlotte,28
WY,F,2019,Olivia,28
WY,F,2019,Harper,24
WY,F,2019,Emma,22
WY,F,2019,Willow,22
WY,F,2019,Amelia,20
WY,F,2019,Isabella,20
WY,F,2019,Evelyn,18
WY,F,2019,Ella,16
WY,F,2019,Sophia,16
WY,F,2019,Ava,15
WY,F,2019,Hazel,15
WY,F,2019,Avery,14
WY,F,2019,Brooklyn,14
WY,F,2019,Luna,14
WY,F,2019,Mia,14
WY,F,2019,Aria,13
WY,F,2019,Ellie,13
WY,F,2019,Emily,13
WY,F,2019,Nova,13
WY,F,2019,Piper,12
WY,F,2019,Aurora,11
WY,F,2019,Layla,11
WY,F,2019,Sadie,11
WY,F,2019,Violet,11
WY,F,2019,Abigail,10
WY,F,2019,Hannah,10
WY,F,2019,Addison,9
WY,F,2019,Aspen,9
WY,F,2019,Brynlee,9
WY,F,2019,Kennedy,9
WY,F,2019,Quinn,9
WY,F,2019,Vivian,9
WY,F,2019,Aubrey,8
WY,F,2019,Audrey,8
WY,F,2019,Claire,8
WY,F,2019,Clara,8
WY,F,2019,Elliana,8
WY,F,2019,Ember,8
WY,F,2019,Freya,8
WY,F,2019,Grace,8
WY,F,2019,Josephine,8
WY,F,2019,Lydia,8
WY,F,2019,Nora,8
WY,F,2019,Norah,8
WY,F,2019,Paisley,8
WY,F,2019,Stella,8
WY,F,2019,Athena,7
WY,F,2019,Ayla,7
WY,F,2019,Camila,7
WY,F,2019,Cecilia,7
WY,F,2019,Cora,7
WY,F,2019,Eva,7
WY,F,2019,Everleigh,7
WY,F,2019,Everly,7
WY,F,2019,Hadley,7
WY,F,2019,Juniper,7
WY,F,2019,Lillian,7
WY,F,2019,Lily,7
WY,F,2019,Mary,7
WY,F,2019,Remi,7
WY,F,2019,Riley,7
WY,F,2019,Sawyer,7
WY,F,2019,Scarlett,7
WY,F,2019,Adalynn,6
WY,F,2019,Anna,6
WY,F,2019,Blakely,6
WY,F,2019,Chloe,6
WY,F,2019,Eleanor,6
WY,F,2019,Eliana,6
WY,F,2019,Eliza,6
WY,F,2019,Elizabeth,6
WY,F,2019,Emery,6
WY,F,2019,Everlee,6
WY,F,2019,Isabel,6
WY,F,2019,Isabelle,6
WY,F,2019,Khloe,6
WY,F,2019,Leah,6
WY,F,2019,Lilly,6
WY,F,2019,Lucy,6
WY,F,2019,Madison,6
WY,F,2019,Maya,6
WY,F,2019,Penelope,6
WY,F,2019,Reagan,6
WY,F,2019,Adelyn,5
WY,F,2019,Adelynn,5
WY,F,2019,Annabelle,5
WY,F,2019,Ariel,5
WY,F,2019,Bailey,5
WY,F,2019,Camille,5
WY,F,2019,Charlie,5
WY,F,2019,Daisy,5
WY,F,2019,Elaina,5
WY,F,2019,Emberly,5
WY,F,2019,Evelynn,5
WY,F,2019,Finley,5
WY,F,2019,Gracelynn,5
WY,F,2019,Hattie,5
WY,F,2019,Isla,5
WY,F,2019,Ivy,5
WY,F,2019,Kate,5
WY,F,2019,Kinsley,5
WY,F,2019,Kynlee,5
WY,F,2019,Liliana,5
WY,F,2019,Madilynn,5
WY,F,2019,Margaret,5
WY,F,2019,Mckenzie,5
WY,F,2019,Natalie,5
WY,F,2019,Peyton,5
WY,F,2019,Presley,5
WY,F,2019,Reese,5
WY,F,2019,Remington,5
WY,F,2019,Rosalie,5
WY,F,2019,Rose,5
WY,F,2019,Sloane,5
WY,F,2019,Sofia,5
WY,F,2020,Olivia,30
WY,F,2020,Amelia,27
WY,F,2020,Harper,24
WY,F,2020,Charlotte,17
WY,F,2020,Evelyn,17
WY,F,2020,Paisley,17
WY,F,2020,Abigail,16
WY,F,2020,Emma,16
WY,F,2020,Mia,16
WY,F,2020,Ella,15
WY,F,2020,Sophia,15
WY,F,2020,Addison,13
WY,F,2020,Ember,13
WY,F,2020,Isla,13
WY,F,2020,Ruby,13
WY,F,2020,Nora,12
WY,F,2020,Oakley,12
WY,F,2020,Ava,11
WY,F,2020,Emily,11
WY,F,2020,Hazel,11
WY,F,2020,Lily,11
WY,F,2020,Avery,10
WY,F,2020,Claire,10
WY,F,2020,Clara,10
WY,F,2020,Elizabeth,10
WY,F,2020,Everleigh,10
WY,F,2020,Millie,10
WY,F,2020,Stella,10
WY,F,2020,Zoey,10
WY,F,2020,Aspen,9
WY,F,2020,Brooklyn,9
WY,F,2020,Emery,9
WY,F,2020,Grace,9
WY,F,2020,Josephine,9
WY,F,2020,Kinsley,9
WY,F,2020,Layla,9
WY,F,2020,Maya,9
WY,F,2020,Nova,9
WY,F,2020,Presley,9
WY,F,2020,Adeline,8
WY,F,2020,Brynlee,8
WY,F,2020,Cora,8
WY,F,2020,Eleanor,8
WY,F,2020,Ellie,8
WY,F,2020,Hadley,8
WY,F,2020,Isabella,8
WY,F,2020,Lillian,8
WY,F,2020,Molly,8
WY,F,2020,Piper,8
WY,F,2020,Scarlett,8
WY,F,2020,Aria,7
WY,F,2020,Aurora,7
WY,F,2020,Chloe,7
WY,F,2020,Ivy,7
WY,F,2020,Kimber,7
WY,F,2020,Lucy,7
WY,F,2020,Luna,7
WY,F,2020,Madison,7
WY,F,2020,Naomi,7
WY,F,2020,Sadie,7
WY,F,2020,Alexandria,6
WY,F,2020,Allison,6
WY,F,2020,Aubrey,6
WY,F,2020,Blakely,6
WY,F,2020,Charlee,6
WY,F,2020,Elliana,6
WY,F,2020,Emilia,6
WY,F,2020,Finley,6
WY,F,2020,Juniper,6
WY,F,2020,Lydia,6
WY,F,2020,Lyra,6
WY,F,2020,Mila,6
WY,F,2020,Natalia,6
WY,F,2020,Oaklynn,6
WY,F,2020,Payton,6
WY,F,2020,Raelynn,6
WY,F,2020,Rylee,6
WY,F,2020,Sawyer,6
WY,F,2020,Adaline,5
WY,F,2020,Adelaide,5
WY,F,2020,Adelina,5
WY,F,2020,Autumn,5
WY,F,2020,Briar,5
WY,F,2020,Charli,5
WY,F,2020,Elaina,5
WY,F,2020,Hannah,5
WY,F,2020,Kinley,5
WY,F,2020,Logan,5
WY,F,2020,Margaret,5
WY,F,2020,Mary,5
WY,F,2020,Mazikeen,5
WY,F,2020,Nevaeh,5
WY,F,2020,Peyton,5
WY,F,2020,Remi,5
WY,F,2020,Sarah,5
WY,F,2020,Sienna,5
WY,F,2020,Willa,5
WY,F,2021,Olivia,27
WY,F,2021,Amelia,22
WY,F,2021,Charlotte,22
WY,F,2021,Emma,20
WY,F,2021,Evelyn,20
WY,F,2021,Harper,20
WY,F,2021,Sophia,15
WY,F,2021,Ava,13
WY,F,2021,Elizabeth,13
WY,F,2021,Lucy,13
WY,F,2021,Madison,13
WY,F,2021,Emery,12
WY,F,2021,Everly,11
WY,F,2021,Juniper,11
WY,F,2021,Scarlett,11
WY,F,2021,Violet,11
WY,F,2021,Aurora,10
WY,F,2021,Claire,10
WY,F,2021,Lillian,10
WY,F,2021,Stella,10
WY,F,2021,Wren,10
WY,F,2021,Allison,9
WY,F,2021,Aspen,9
WY,F,2021,Ember,9
WY,F,2021,Emily,9
WY,F,2021,Lily,9
WY,F,2021,Willow,9
WY,F,2021,Aria,8
WY,F,2021,Autumn,8
WY,F,2021,Blakely,8
WY,F,2021,Charlie,8
WY,F,2021,Eleanor,8
WY,F,2021,Emersyn,8
WY,F,2021,Hadley,8
WY,F,2021,Isabella,8
WY,F,2021,Kennedy,8
WY,F,2021,Lydia,8
WY,F,2021,Mia,8
WY,F,2021,Nova,8
WY,F,2021,Paisley,8
WY,F,2021,Remi,8
WY,F,2021,Ruby,8
WY,F,2021,Vivian,8
WY,F,2021,Zoey,8
WY,F,2021,Abigail,7
WY,F,2021,Audrey,7
WY,F,2021,Avery,7
WY,F,2021,Brooklyn,7
WY,F,2021,Cora,7
WY,F,2021,Delilah,7
WY,F,2021,Ella,7
WY,F,2021,Ellie,7
WY,F,2021,Finley,7
WY,F,2021,Josephine,7
WY,F,2021,Lainey,7
WY,F,2021,Layla,7
WY,F,2021,Luna,7
WY,F,2021,Naomi,7
WY,F,2021,Natalie,7
WY,F,2021,Oakley,7
WY,F,2021,Sage,7
WY,F,2021,Aaliyah,6
WY,F,2021,Adaline,6
WY,F,2021,Addison,6
WY,F,2021,Ayla,6
WY,F,2021,Eloise,6
WY,F,2021,Everleigh,6
WY,F,2021,Hannah,6
WY,F,2021,Hattie,6
WY,F,2021,Hazel,6
WY,F,2021,Isabel,6
WY,F,2021,Josie,6
WY,F,2021,Magnolia,6
WY,F,2021,Millie,6
WY,F,2021,Nora,6
WY,F,2021,Oaklynn,6
WY,F,2021,Penelope,6
WY,F,2021,Riley,6
WY,F,2021,River,6
WY,F,2021,Sofia,6
WY,F,2021,Sophie,6
WY,F,2021,Wrenley,6
WY,F,2021,Zoe,6
WY,F,2021,Ada,5
WY,F,2021,Adalynn,5
WY,F,2021,Astrid,5
WY,F,2021,Bentley,5
WY,F,2021,Bristol,5
WY,F,2021,Brynlee,5
WY,F,2021,Chloe,5
WY,F,2021,Clara,5
WY,F,2021,Elaina,5
WY,F,2021,Emberly,5
WY,F,2021,Evelynn,5
WY,F,2021,Everlee,5
WY,F,2021,Gracelynn,5
WY,F,2021,Hadlee,5
WY,F,2021,Isla,5
WY,F,2021,Kendall,5
WY,F,2021,Madilyn,5
WY,F,2021,Maggie,5
WY,F,2021,Maren,5
WY,F,2021,Margaret,5
WY,F,2021,Melody,5
WY,F,2021,Olive,5
WY,F,2021,Paislee,5
WY,F,2021,Parker,5
WY,F,2021,Quinn,5
WY,F,2021,Reagan,5
WY,F,2021,Remington,5
WY,F,2021,Rylee,5
WY,F,2021,Ryleigh,5
WY,F,2021,Skylar,5
WY,F,2022,Charlotte,27
WY,F,2022,Olivia,21
WY,F,2022,Emma,20
WY,F,2022,Hazel,20
WY,F,2022,Evelyn,18
WY,F,2022,Harper,17
WY,F,2022,Amelia,16
WY,F,2022,Isabella,15
WY,F,2022,Nova,14
WY,F,2022,Sophia,14
WY,F,2022,Paisley,13
WY,F,2022,Aubrey,12
WY,F,2022,Aurora,12
WY,F,2022,Avery,12
WY,F,2022,Ruby,12
WY,F,2022,Scarlett,12
WY,F,2022,Zoey,12
WY,F,2022,Eleanor,11
WY,F,2022,Lillian,11
WY,F,2022,Chloe,10
WY,F,2022,Elizabeth,10
WY,F,2022,Ellie,10
WY,F,2022,Josephine,10
WY,F,2022,Juniper,10
WY,F,2022,Mia,10
WY,F,2022,Parker,10
WY,F,2022,Athena,9
WY,F,2022,Freya,9
WY,F,2022,Kinsley,9
WY,F,2022,Layla,9
WY,F,2022,Penelope,9
WY,F,2022,Violet,9
WY,F,2022,Aria,8
WY,F,2022,Audrey,8
WY,F,2022,Everly,8
WY,F,2022,Lily,8
WY,F,2022,Luna,8
WY,F,2022,Nora,8
WY,F,2022,Sadie,8
WY,F,2022,Sage,8
WY,F,2022,Abigail,7
WY,F,2022,Ava,7
WY,F,2022,Elena,7
WY,F,2022,Eliza,7
WY,F,2022,Emersyn,7
WY,F,2022,Emilia,7
WY,F,2022,Emily,7
WY,F,2022,Everlee,7
WY,F,2022,Genevieve,7
WY,F,2022,Isla,7
WY,F,2022,Lainey,7
WY,F,2022,Lydia,7
WY,F,2022,Madison,7
WY,F,2022,Nevaeh,7
WY,F,2022,Octavia,7
WY,F,2022,Olive,7
WY,F,2022,Piper,7
WY,F,2022,Sofia,7
WY,F,2022,Blakely,6
WY,F,2022,Charlie,6
WY,F,2022,Eliana,6
WY,F,2022,Ella,6
WY,F,2022,Ember,6
WY,F,2022,Everleigh,6
WY,F,2022,Grace,6
WY,F,2022,Hadlee,6
WY,F,2022,Ivy,6
WY,F,2022,Naomi,6
WY,F,2022,Oaklynn,6
WY,F,2022,Opal,6
WY,F,2022,Remi,6
WY,F,2022,River,6
WY,F,2022,Sawyer,6
WY,F,2022,Sloane,6
WY,F,2022,Adelaide,5
WY,F,2022,Aspen,5
WY,F,2022,Avianna,5
WY,F,2022,Blake,5
WY,F,2022,Brooklyn,5
WY,F,2022,Camila,5
WY,F,2022,Cora,5
WY,F,2022,Delilah,5
WY,F,2022,Dorothy,5
WY,F,2022,Faith,5
WY,F,2022,Hadley,5
WY,F,2022,Haisley,5
WY,F,2022,Haven,5
WY,F,2022,Jade,5
WY,F,2022,Josie,5
WY,F,2022,Kimber,5
WY,F,2022,Lennon,5
WY,F,2022,Madelyn,5
WY,F,2022,Mila,5
WY,F,2022,Molly,5
WY,F,2022,Oakley,5
WY,F,2022,Ophelia,5
WY,F,2022,Stella,5
WY,F,2022,Stevie,5
WY,F,2022,Vivian,5
WY,F,2022,Wren,5
WY,F,2022,Wrenley,5
WY,F,2022,Zoe,5
WY,M,1910,James,20
WY,M,1910,John,16
WY,M,1910,Robert,13
WY,M,1910,George,12
WY,M,1910,William,12
WY,M,1910,Charles,8
WY,M,1910,Raymond,6
WY,M,1910,Thomas,6
WY,M,1910,Clarence,5
WY,M,1910,Donald,5
WY,M,1910,Henry,5
WY,M,1910,Joseph,5
WY,M,1910,Lawrence,5
WY,M,1910,Roy,5
WY,M,1911,John,17
WY,M,1911,William,15
WY,M,1911,Robert,14
WY,M,1911,George,12
WY,M,1911,James,12
WY,M,1911,Charles,9
WY,M,1911,Louis,9
WY,M,1911,Harold,8
WY,M,1911,Kenneth,8
WY,M,1911,Thomas,7
WY,M,1911,Joseph,6
WY,M,1911,Albert,5
WY,M,1911,Frank,5
WY,M,1911,Harry,5
WY,M,1911,Richard,5
WY,M,1912,John,33
WY,M,1912,James,25
WY,M,1912,George,23
WY,M,1912,William,20
WY,M,1912,Charles,19
WY,M,1912,Edward,15
WY,M,1912,Robert,14
WY,M,1912,Howard,12
WY,M,1912,Frank,10
WY,M,1912,Henry,10
WY,M,1912,Richard,9
WY,M,1912,Thomas,9
WY,M,1912,Albert,8
WY,M,1912,Ernest,8
WY,M,1912,Eugene,8
WY,M,1912,Fred,8
WY,M,1912,Gordon,8
WY,M,1912,Jack,8
WY,M,1912,Kenneth,8
WY,M,1912,Donald,7
WY,M,1912,Carl,6
WY,M,1912,Harold,6
WY,M,1912,Joe,6
WY,M,1912,Joseph,6
WY,M,1912,Ralph,6
WY,M,1912,Clarence,5
WY,M,1912,Clyde,5
WY,M,1912,Elmer,5
WY,M,1912,Francis,5
WY,M,1912,Harry,5
WY,M,1912,Louis,5
WY,M,1912,Roy,5
WY,M,1913,John,47
WY,M,1913,William,34
WY,M,1913,James,28
WY,M,1913,Robert,27
WY,M,1913,George,22
WY,M,1913,Frank,18
WY,M,1913,Charles,17
WY,M,1913,Donald,15
WY,M,1913,Carl,13
WY,M,1913,Walter,13
WY,M,1913,Clarence,12
WY,M,1913,Thomas,12
WY,M,1913,Paul,11
WY,M,1913,Albert,10
WY,M,1913,Richard,10
WY,M,1913,Arthur,9
WY,M,1913,Harry,9
WY,M,1913,Chester,8
WY,M,1913,Joseph,8
WY,M,1913,Louis,8
WY,M,1913,Edward,7
WY,M,1913,Fred,7
WY,M,1913,Jack,7
WY,M,1913,Lester,7
WY,M,1913,Roy,7
WY,M,1913,Elmer,6
WY,M,1913,Gerald,6
WY,M,1913,Harold,6
WY,M,1913,Henry,6
WY,M,1913,Joe,6
WY,M,1913,Ralph,6
WY,M,1913,David,5
WY,M,1913,Ernest,5
WY,M,1913,Howard,5
WY,M,1913,Lewis,5
WY,M,1913,Rudolph,5
WY,M,1914,John,53
WY,M,1914,George,41
WY,M,1914,William,40
WY,M,1914,James,30
WY,M,1914,Robert,30
WY,M,1914,Charles,28
WY,M,1914,Frank,27
WY,M,1914,Arthur,19
WY,M,1914,Joseph,16
WY,M,1914,Harold,15
WY,M,1914,Carl,14
WY,M,1914,Edward,14
WY,M,1914,Ralph,14
WY,M,1914,Raymond,13
WY,M,1914,Albert,12
WY,M,1914,Ernest,12
WY,M,1914,Roy,12
WY,M,1914,David,11
WY,M,1914,Fred,10
WY,M,1914,Thomas,10
WY,M,1914,Harry,9
WY,M,1914,Leslie,9
WY,M,1914,Louis,9
WY,M,1914,Donald,8
WY,M,1914,Earl,7
WY,M,1914,Glenn,7
WY,M,1914,Howard,7
WY,M,1914,Joe,7
WY,M,1914,Lawrence,7
WY,M,1914,Richard,7
WY,M,1914,Walter,7
WY,M,1914,Jay,6
WY,M,1914,Leonard,6
WY,M,1914,Paul,6
WY,M,1914,Clyde,5
WY,M,1914,Elmer,5
WY,M,1914,Eugene,5
WY,M,1914,Everett,5
WY,M,1914,Henry,5
WY,M,1914,Jack,5
WY,M,1914,Lewis,5
WY,M,1915,William,84
WY,M,1915,John,74
WY,M,1915,James,58
WY,M,1915,Robert,52
WY,M,1915,Charles,51
WY,M,1915,George,36
WY,M,1915,Joseph,33
WY,M,1915,Frank,24
WY,M,1915,Harold,20
WY,M,1915,Donald,19
WY,M,1915,Jack,19
WY,M,1915,Edward,15
WY,M,1915,Fred,15
WY,M,1915,Kenneth,15
WY,M,1915,Ralph,15
WY,M,1915,Raymond,15
WY,M,1915,Arthur,14
WY,M,1915,Clarence,14
WY,M,1915,Walter,14
WY,M,1915,Albert,13
WY,M,1915,Harry,13
WY,M,1915,Joe,13
WY,M,1915,David,12
WY,M,1915,Melvin,12
WY,M,1915,Thomas,11
WY,M,1915,Andrew,10
WY,M,1915,Chester,10
WY,M,1915,Earl,10
WY,M,1915,Ernest,10
WY,M,1915,Howard,10
WY,M,1915,Louis,10
WY,M,1915,Paul,10
WY,M,1915,Roy,10
WY,M,1915,Elmer,9
WY,M,1915,Gerald,9
WY,M,1915,Lawrence,9
WY,M,1915,Richard,9
WY,M,1915,Francis,8
WY,M,1915,Max,8
WY,M,1915,Alfred,7
WY,M,1915,Eugene,7
WY,M,1915,Martin,7
WY,M,1915,Wilbur,7
WY,M,1915,Arnold,6
WY,M,1915,Glen,6
WY,M,1915,Leo,6
WY,M,1915,Leslie,6
WY,M,1915,Lloyd,6
WY,M,1915,Norman,6
WY,M,1915,Wayne,6
WY,M,1915,Alvin,5
WY,M,1915,Anthony,5
WY,M,1915,Daniel,5
WY,M,1915,Everett,5
WY,M,1915,Floyd,5
WY,M,1915,Jay,5
WY,M,1915,Jesse,5
WY,M,1915,Lewis,5
WY,M,1915,Marion,5
WY,M,1915,Mike,5
WY,M,1915,Ray,5
WY,M,1915,Ted,5
WY,M,1916,John,72
WY,M,1916,William,62
WY,M,1916,Robert,58
WY,M,1916,James,53
WY,M,1916,Charles,48
WY,M,1916,George,44
WY,M,1916,Frank,34
WY,M,1916,Paul,26
WY,M,1916,Jack,25
WY,M,1916,Joseph,23
WY,M,1916,Edward,21
WY,M,1916,Richard,21
WY,M,1916,Albert,20
WY,M,1916,Arthur,19
WY,M,1916,Henry,19
WY,M,1916,Clarence,18
WY,M,1916,Harold,18
WY,M,1916,Kenneth,18
WY,M,1916,Ralph,18
WY,M,1916,Thomas,18
WY,M,1916,Donald,15
WY,M,1916,Fred,15
WY,M,1916,Walter,15
WY,M,1916,Joe,14
WY,M,1916,Raymond,14
WY,M,1916,Roy,14
WY,M,1916,David,13
WY,M,1916,Ernest,10
WY,M,1916,Howard,10
WY,M,1916,Cecil,9
WY,M,1916,Earl,9
WY,M,1916,Harry,9
WY,M,1916,Louis,9
WY,M,1916,Alfred,8
WY,M,1916,Andrew,8
WY,M,1916,Edwin,8
WY,M,1916,Elmer,8
WY,M,1916,Leonard,8
WY,M,1916,Mike,8
WY,M,1916,Stanley,8
WY,M,1916,Vernon,8
WY,M,1916,Allen,7
WY,M,1916,Eugene,7
WY,M,1916,Floyd,7
WY,M,1916,Martin,7
WY,M,1916,Victor,7
WY,M,1916,Byron,6
WY,M,1916,Chester,6
WY,M,1916,Clyde,6
WY,M,1916,Dale,6
WY,M,1916,Everett,6
WY,M,1916,Francis,6
WY,M,1916,Gerald,6
WY,M,1916,Herbert,6
WY,M,1916,Michael,6
WY,M,1916,Ben,5
WY,M,1916,Carl,5
WY,M,1916,Dean,5
WY,M,1916,Douglas,5
WY,M,1916,Glen,5
WY,M,1916,Glenn,5
WY,M,1916,Lawrence,5
WY,M,1916,Lloyd,5
WY,M,1916,Lyle,5
WY,M,1916,Marvin,5
WY,M,1916,Max,5
WY,M,1916,Morris,5
WY,M,1916,Peter,5
WY,M,1916,Wilbur,5
WY,M,1916,Willard,5
WY,M,1916,Woodrow,5
WY,M,1917,John,83
WY,M,1917,William,82
WY,M,1917,George,64
WY,M,1917,James,60
WY,M,1917,Robert,56
WY,M,1917,Charles,52
WY,M,1917,Joseph,34
WY,M,1917,Edward,33
WY,M,1917,Frank,31
WY,M,1917,Jack,27
WY,M,1917,Harold,25
WY,M,1917,Ralph,24
WY,M,1917,Albert,21
WY,M,1917,Paul,21
WY,M,1917,Earl,19
WY,M,1917,Richard,18
WY,M,1917,Thomas,18
WY,M,1917,Harry,17
WY,M,1917,Kenneth,17
WY,M,1917,Walter,16
WY,M,1917,Carl,15
WY,M,1917,Henry,15
WY,M,1917,Eugene,14
WY,M,1917,Louis,14
WY,M,1917,Lawrence,13
WY,M,1917,Raymond,13
WY,M,1917,Russell,13
WY,M,1917,Donald,12
WY,M,1917,Ernest,12
WY,M,1917,Glenn,12
WY,M,1917,Joe,12
WY,M,1917,Wayne,12
WY,M,1917,Howard,11
WY,M,1917,Arthur,10
WY,M,1917,Roy,10
WY,M,1917,Alfred,9
WY,M,1917,David,9
WY,M,1917,Fred,9
WY,M,1917,Woodrow,9
WY,M,1917,Andrew,8
WY,M,1917,Clarence,8
WY,M,1917,Daniel,8
WY,M,1917,Francis,8
WY,M,1917,Lee,8
WY,M,1917,Lloyd,8
WY,M,1917,Ray,8
WY,M,1917,Bert,7
WY,M,1917,Clifford,7
WY,M,1917,Dale,7
WY,M,1917,Elmer,7
WY,M,1917,Gerald,7
WY,M,1917,Gordon,7
WY,M,1917,Keith,7
WY,M,1917,Leland,7
WY,M,1917,Peter,7
WY,M,1917,Stanley,7
WY,M,1917,Alvin,6
WY,M,1917,Bill,6
WY,M,1917,Don,6
WY,M,1917,Jesse,6
WY,M,1917,Lynn,6
WY,M,1917,Mike,6
WY,M,1917,Norman,6
WY,M,1917,Orville,6
WY,M,1917,Samuel,6
WY,M,1917,Ted,6
WY,M,1917,Willard,6
WY,M,1917,Allen,5
WY,M,1917,Archie,5
WY,M,1917,Bruce,5
WY,M,1917,Cecil,5
WY,M,1917,Chester,5
WY,M,1917,Clyde,5
WY,M,1917,Jacob,5
WY,M,1917,Leo,5
WY,M,1917,Leslie,5
WY,M,1917,Lewis,5
WY,M,1917,Max,5
WY,M,1917,Philip,5
WY,M,1917,Vernon,5
WY,M,1917,Victor,5
WY,M,1917,Willis,5
WY,M,1918,John,114
WY,M,1918,Robert,87
WY,M,1918,William,74
WY,M,1918,James,65
WY,M,1918,Charles,62
WY,M,1918,George,48
WY,M,1918,Frank,41
WY,M,1918,Harry,30
WY,M,1918,Jack,30
WY,M,1918,Clarence,28
WY,M,1918,Richard,25
WY,M,1918,Donald,24
WY,M,1918,Edward,24
WY,M,1918,Thomas,24
WY,M,1918,Kenneth,23
WY,M,1918,Harold,22
WY,M,1918,Arthur,21
WY,M,1918,Fred,21
WY,M,1918,Roy,21
WY,M,1918,Joseph,20
WY,M,1918,Paul,19
WY,M,1918,Henry,18
WY,M,1918,David,16
WY,M,1918,Joe,16
WY,M,1918,Ralph,16
WY,M,1918,Lawrence,15
WY,M,1918,Walter,15
WY,M,1918,Raymond,14
WY,M,1918,Carl,13
WY,M,1918,Lloyd,13
WY,M,1918,Albert,12
WY,M,1918,Alfred,12
WY,M,1918,Warren,12
WY,M,1918,Eugene,11
WY,M,1918,Francis,11
WY,M,1918,Floyd,10
WY,M,1918,Louis,10
WY,M,1918,Melvin,10
WY,M,1918,Clifford,9
WY,M,1918,Edwin,9
WY,M,1918,Elmer,9
WY,M,1918,Gerald,9
WY,M,1918,Glenn,9
WY,M,1918,Herbert,9
WY,M,1918,Howard,9
WY,M,1918,Lee,9
WY,M,1918,Daniel,8
WY,M,1918,Don,8
WY,M,1918,Ernest,8
WY,M,1918,Keith,8
WY,M,1918,Leonard,8
WY,M,1918,Norman,8
WY,M,1918,Ray,8
WY,M,1918,Benjamin,7
WY,M,1918,Cecil,7
WY,M,1918,Dale,7
WY,M,1918,Gilbert,7
WY,M,1918,Martin,7
WY,M,1918,Marvin,7
WY,M,1918,Max,7
WY,M,1918,Wayne,7
WY,M,1918,Glen,6
WY,M,1918,Harvey,6
WY,M,1918,Leo,6
WY,M,1918,Leroy,6
WY,M,1918,Lewis,6
WY,M,1918,Sam,6
WY,M,1918,Samuel,6
WY,M,1918,Stanley,6
WY,M,1918,Vernon,6
WY,M,1918,Willard,6
WY,M,1918,Alvin,5
WY,M,1918,Arnold,5
WY,M,1918,Chester,5
WY,M,1918,Claude,5
WY,M,1918,Earl,5
WY,M,1918,Jim,5
WY,M,1918,Lester,5
WY,M,1918,Lyle,5
WY,M,1918,Mike,5
WY,M,1918,Morris,5
WY,M,1918,Oliver,5
WY,M,1918,Rex,5
WY,M,1918,Victor,5
WY,M,1918,Wilbur,5
WY,M,1919,John,106
WY,M,1919,Robert,103
WY,M,1919,William,83
WY,M,1919,James,68
WY,M,1919,George,60
WY,M,1919,Charles,50
WY,M,1919,Jack,39
WY,M,1919,Edward,37
WY,M,1919,Frank,36
WY,M,1919,Donald,34
WY,M,1919,Harold,30
WY,M,1919,Richard,29
WY,M,1919,Joseph,27
WY,M,1919,Paul,26
WY,M,1919,Kenneth,24
WY,M,1919,Thomas,24
WY,M,1919,Albert,22
WY,M,1919,David,20
WY,M,1919,Walter,20
WY,M,1919,Ralph,19
WY,M,1919,Roy,19
WY,M,1919,Eugene,18
WY,M,1919,Raymond,18
WY,M,1919,Glenn,16
WY,M,1919,Harry,16
WY,M,1919,Earl,15
WY,M,1919,Arthur,14
WY,M,1919,Andrew,12
WY,M,1919,Louis,12
WY,M,1919,Carl,11
WY,M,1919,Ernest,11
WY,M,1919,Henry,11
WY,M,1919,Joe,11
WY,M,1919,Clarence,10
WY,M,1919,Francis,10
WY,M,1919,Fred,10
WY,M,1919,Lloyd,10
WY,M,1919,Russell,10
WY,M,1919,Samuel,10
WY,M,1919,Clyde,9
WY,M,1919,Elmer,9
WY,M,1919,Gilbert,9
WY,M,1919,Harvey,9
WY,M,1919,Orville,9
WY,M,1919,Bill,8
WY,M,1919,Cecil,8
WY,M,1919,Clifford,8
WY,M,1919,Glen,8
WY,M,1919,Howard,8
WY,M,1919,Lawrence,8
WY,M,1919,Leonard,8
WY,M,1919,Leroy,8
WY,M,1919,Ray,8
WY,M,1919,Anthony,7
WY,M,1919,Archie,7
WY,M,1919,Floyd,7
WY,M,1919,Herbert,7
WY,M,1919,Vernon,7
WY,M,1919,Victor,7
WY,M,1919,Allen,6
WY,M,1919,Chester,6
WY,M,1919,Dale,6
WY,M,1919,Frederick,6
WY,M,1919,Gerald,6
WY,M,1919,Lester,6
WY,M,1919,Lyle,6
WY,M,1919,Oscar,6
WY,M,1919,Rex,6
WY,M,1919,Steve,6
WY,M,1919,Alexander,5
WY,M,1919,Alfred,5
WY,M,1919,Clinton,5
WY,M,1919,Delbert,5
WY,M,1919,Edwin,5
WY,M,1919,Everett,5
WY,M,1919,Lee,5
WY,M,1919,Leo,5
WY,M,1919,Maurice,5
WY,M,1919,Michael,5
WY,M,1919,Nick,5
WY,M,1919,Norman,5
WY,M,1919,Rudolph,5
WY,M,1919,Theodore,5
WY,M,1919,Wayne,5
WY,M,1920,Robert,115
WY,M,1920,John,110
WY,M,1920,William,101
WY,M,1920,James,69
WY,M,1920,Charles,61
WY,M,1920,George,53
WY,M,1920,Frank,37
WY,M,1920,Jack,36
WY,M,1920,Donald,35
WY,M,1920,Richard,34
WY,M,1920,Harold,32
WY,M,1920,Joseph,30
WY,M,1920,Raymond,30
WY,M,1920,Edward,24
WY,M,1920,Thomas,24
WY,M,1920,Walter,24
WY,M,1920,Kenneth,23
WY,M,1920,Paul,23
WY,M,1920,Glenn,20
WY,M,1920,Ralph,20
WY,M,1920,Harry,19
WY,M,1920,Henry,19
WY,M,1920,Carl,18
WY,M,1920,Ernest,17
WY,M,1920,David,16
WY,M,1920,Francis,16
WY,M,1920,Fred,16
WY,M,1920,Warren,16
WY,M,1920,Earl,15
WY,M,1920,Elmer,15
WY,M,1920,Floyd,14
WY,M,1920,Joe,14
WY,M,1920,Albert,13
WY,M,1920,Eugene,13
WY,M,1920,Howard,13
WY,M,1920,Lee,13
WY,M,1920,Vernon,13
WY,M,1920,Arthur,12
WY,M,1920,Clarence,12
WY,M,1920,Clyde,12
WY,M,1920,Lawrence,12
WY,M,1920,Roy,12
WY,M,1920,Wayne,12
WY,M,1920,Gordon,11
WY,M,1920,Leo,11
WY,M,1920,Lloyd,11
WY,M,1920,Melvin,11
WY,M,1920,Theodore,11
WY,M,1920,Victor,11
WY,M,1920,Leslie,10
WY,M,1920,Stanley,9
WY,M,1920,Alfred,8
WY,M,1920,Alvin,8
WY,M,1920,Billy,8
WY,M,1920,Chester,8
WY,M,1920,Clifford,8
WY,M,1920,Gene,8
WY,M,1920,Hugh,8
WY,M,1920,Jesse,8
WY,M,1920,Ross,8
WY,M,1920,Andrew,7
WY,M,1920,Bernard,7
WY,M,1920,Delbert,7
WY,M,1920,Ivan,7
WY,M,1920,Leonard,7
WY,M,1920,Leroy,7
WY,M,1920,Louis,7
WY,M,1920,Virgil,7
WY,M,1920,Allen,6
WY,M,1920,Arnold,6
WY,M,1920,Bill,6
WY,M,1920,Claude,6
WY,M,1920,Dale,6
WY,M,1920,Glen,6
WY,M,1920,Jess,6
WY,M,1920,Lewis,6
WY,M,1920,Marion,6
WY,M,1920,Norman,6
WY,M,1920,Ray,6
WY,M,1920,Samuel,6
WY,M,1920,Daniel,5
WY,M,1920,Don,5
WY,M,1920,Douglas,5
WY,M,1920,Edwin,5
WY,M,1920,Eldon,5
WY,M,1920,Everett,5
WY,M,1920,Franklin,5
WY,M,1920,Frederick,5
WY,M,1920,Gerald,5
WY,M,1920,Homer,5
WY,M,1920,Jim,5
WY,M,1920,Lester,5
WY,M,1920,Marvin,5
WY,M,1920,Michael,5
WY,M,1920,Mike,5
WY,M,1920,Ronald,5
WY,M,1920,Steve,5
WY,M,1920,Tom,5
WY,M,1921,Robert,135
WY,M,1921,William,104
WY,M,1921,John,97
WY,M,1921,James,96
WY,M,1921,Charles,61
WY,M,1921,George,58
WY,M,1921,Donald,46
WY,M,1921,Frank,42
WY,M,1921,Jack,42
WY,M,1921,Harold,38
WY,M,1921,Edward,37
WY,M,1921,Richard,37
WY,M,1921,Kenneth,34
WY,M,1921,Thomas,29
WY,M,1921,Earl,26
WY,M,1921,Walter,25
WY,M,1921,Warren,25
WY,M,1921,Ralph,22
WY,M,1921,Carl,21
WY,M,1921,Joseph,21
WY,M,1921,Arthur,18
WY,M,1921,Henry,18
WY,M,1921,Raymond,18
WY,M,1921,Paul,17
WY,M,1921,Albert,16
WY,M,1921,Clarence,16
WY,M,1921,David,16
WY,M,1921,Harry,16
WY,M,1921,Floyd,15
WY,M,1921,Joe,15
WY,M,1921,Elmer,14
WY,M,1921,Eugene,14
WY,M,1921,Fred,14
WY,M,1921,Howard,14
WY,M,1921,Marvin,14
WY,M,1921,Melvin,14
WY,M,1921,Roy,14
WY,M,1921,Francis,13
WY,M,1921,Clyde,12
WY,M,1921,Ernest,12
WY,M,1921,Dale,10
WY,M,1921,Lewis,10
WY,M,1921,Louis,10
WY,M,1921,Daniel,9
WY,M,1921,Everett,9
WY,M,1921,Gene,9
WY,M,1921,Gerald,9
WY,M,1921,Lawrence,9
WY,M,1921,Philip,9
WY,M,1921,Ray,9
WY,M,1921,Wayne,9
WY,M,1921,Andrew,8
WY,M,1921,Billy,8
WY,M,1921,Chester,8
WY,M,1921,Claude,8
WY,M,1921,Don,8
WY,M,1921,Edwin,8
WY,M,1921,Glenn,8
WY,M,1921,Jesse,8
WY,M,1921,Leonard,8
WY,M,1921,Lester,8
WY,M,1921,Victor,8
WY,M,1921,Clifford,7
WY,M,1921,Glen,7
WY,M,1921,Herbert,7
WY,M,1921,Keith,7
WY,M,1921,Lloyd,7
WY,M,1921,Norman,7
WY,M,1921,Stanley,7
WY,M,1921,Vernon,7
WY,M,1921,Allen,6
WY,M,1921,Ivan,6
WY,M,1921,Lee,6
WY,M,1921,Leo,6
WY,M,1921,Mark,6
WY,M,1921,Roger,6
WY,M,1921,Tom,6
WY,M,1921,Alfred,5
WY,M,1921,Ben,5
WY,M,1921,Bernard,5
WY,M,1921,Dan,5
WY,M,1921,Dean,5
WY,M,1921,Delbert,5
WY,M,1921,Douglas,5
WY,M,1921,Edgar,5
WY,M,1921,Harvey,5
WY,M,1921,Jim,5
WY,M,1921,Leland,5
WY,M,1921,Manuel,5
WY,M,1921,Patrick,5
WY,M,1921,Russell,5
WY,M,1921,Ted,5
WY,M,1921,Theodore,5
WY,M,1921,Vincent,5
WY,M,1921,Wallace,5
WY,M,1922,John,142
WY,M,1922,Robert,129
WY,M,1922,William,114
WY,M,1922,James,100
WY,M,1922,Charles,66
WY,M,1922,Donald,57
WY,M,1922,George,54
WY,M,1922,Jack,47
WY,M,1922,Richard,40
WY,M,1922,Joseph,39
WY,M,1922,Frank,35
WY,M,1922,Edward,29
WY,M,1922,Kenneth,28
WY,M,1922,Thomas,28
WY,M,1922,Raymond,25
WY,M,1922,Harry,21
WY,M,1922,Joe,20
WY,M,1922,Paul,20
WY,M,1922,Albert,19
WY,M,1922,Arthur,19
WY,M,1922,Harold,19
WY,M,1922,Henry,18
WY,M,1922,Walter,18
WY,M,1922,Clarence,17
WY,M,1922,Ralph,17
WY,M,1922,Fred,15
WY,M,1922,Dale,13
WY,M,1922,Eugene,13
WY,M,1922,Melvin,13
WY,M,1922,David,12
WY,M,1922,Wayne,12
WY,M,1922,Keith,11
WY,M,1922,Leo,11
WY,M,1922,Russell,11
WY,M,1922,Stanley,11
WY,M,1922,Warren,11
WY,M,1922,Douglas,10
WY,M,1922,Everett,10
WY,M,1922,Francis,10
WY,M,1922,Gordon,10
WY,M,1922,Louis,10
WY,M,1922,Vernon,10
WY,M,1922,Bob,9
WY,M,1922,Dean,9
WY,M,1922,Earl,9
WY,M,1922,Elmer,9
WY,M,1922,Howard,9
WY,M,1922,Lawrence,9
WY,M,1922,Lee,9
WY,M,1922,Leroy,9
WY,M,1922,Lester,9
WY,M,1922,Roy,9
WY,M,1922,Gerald,8
WY,M,1922,Max,8
WY,M,1922,Norman,8
WY,M,1922,Rex,8
WY,M,1922,Alfred,7
WY,M,1922,Allen,7
WY,M,1922,Carl,7
WY,M,1922,Chester,7
WY,M,1922,Edwin,7
WY,M,1922,Glenn,7
WY,M,1922,Junior,7
WY,M,1922,Leonard,7
WY,M,1922,Lloyd,7
WY,M,1922,Marion,7
WY,M,1922,Mike,7
WY,M,1922,Ronald,7
WY,M,1922,Ted,7
WY,M,1922,Tony,7
WY,M,1922,Victor,7
WY,M,1922,Andrew,6
WY,M,1922,Bill,6
WY,M,1922,Billy,6
WY,M,1922,Clyde,6
WY,M,1922,Don,6
WY,M,1922,Ernest,6
WY,M,1922,Franklin,6
WY,M,1922,Frederick,6
WY,M,1922,Herbert,6
WY,M,1922,Jesse,6
WY,M,1922,Lewis,6
WY,M,1922,Maurice,6
WY,M,1922,Philip,6
WY,M,1922,Theodore,6
WY,M,1922,Wallace,6
WY,M,1922,Boyd,5
WY,M,1922,Carroll,5
WY,M,1922,Daniel,5
WY,M,1922,Floyd,5
WY,M,1922,Gene,5
WY,M,1922,Guy,5
WY,M,1922,Harvey,5
WY,M,1922,Irvin,5
WY,M,1922,Jay,5
WY,M,1922,Laurence,5
WY,M,1922,Leon,5
WY,M,1922,Lyle,5
WY,M,1922,Mark,5
WY,M,1922,Martin,5
WY,M,1922,Milton,5
WY,M,1922,Ray,5
WY,M,1922,Roger,5
WY,M,1922,Wilbur,5
WY,M,1923,Robert,125
WY,M,1923,John,117
WY,M,1923,William,104
WY,M,1923,James,87
WY,M,1923,George,69
WY,M,1923,Charles,68
WY,M,1923,Donald,66
WY,M,1923,Jack,46
WY,M,1923,Joseph,41
WY,M,1923,Edward,35
WY,M,1923,Frank,35
WY,M,1923,Harold,31
WY,M,1923,Raymond,30
WY,M,1923,Richard,30
WY,M,1923,Kenneth,28
WY,M,1923,Thomas,28
WY,M,1923,Joe,21
WY,M,1923,David,20
WY,M,1923,Harry,20
WY,M,1923,Paul,20
WY,M,1923,Albert,19
WY,M,1923,Eugene,18
WY,M,1923,Fred,18
WY,M,1923,Walter,18
WY,M,1923,Dale,16
WY,M,1923,Francis,16
WY,M,1923,Ralph,16
WY,M,1923,Lloyd,15
WY,M,1923,Arthur,14
WY,M,1923,Clarence,14
WY,M,1923,Louis,14
WY,M,1923,Marvin,14
WY,M,1923,Leonard,13
WY,M,1923,Lewis,13
WY,M,1923,Carl,12
WY,M,1923,Ernest,12
WY,M,1923,Lawrence,12
WY,M,1923,Ray,12
WY,M,1923,Warren,12
WY,M,1923,Earl,11
WY,M,1923,Floyd,11
WY,M,1923,Henry,11
WY,M,1923,Howard,11
WY,M,1923,Keith,11
WY,M,1923,Stanley,11
WY,M,1923,Theodore,11
WY,M,1923,Wayne,11
WY,M,1923,Roy,10
WY,M,1923,Russell,10
WY,M,1923,Edwin,9
WY,M,1923,Gerald,9
WY,M,1923,Melvin,9
WY,M,1923,Alfred,8
WY,M,1923,Gene,8
WY,M,1923,Norman,8
WY,M,1923,Bill,7
WY,M,1923,Clifford,7
WY,M,1923,Daniel,7
WY,M,1923,Don,7
WY,M,1923,Glen,7
WY,M,1923,Lester,7
WY,M,1923,Bernard,6
WY,M,1923,Cecil,6
WY,M,1923,Claude,6
WY,M,1923,Glenn,6
WY,M,1923,Jesse,6
WY,M,1923,Leo,6
WY,M,1923,Leroy,6
WY,M,1923,Lyle,6
WY,M,1923,Marshall,6
WY,M,1923,Vincent,6
WY,M,1923,Benjamin,5
WY,M,1923,Calvin,5
WY,M,1923,Chester,5
WY,M,1923,Dean,5
WY,M,1923,Harrison,5
WY,M,1923,Herman,5
WY,M,1923,Ivan,5
WY,M,1923,Jerry,5
WY,M,1923,Jim,5
WY,M,1923,Jimmy,5
WY,M,1923,Mike,5
WY,M,1923,Milton,5
WY,M,1923,Nick,5
WY,M,1923,Oliver,5
WY,M,1923,Pete,5
WY,M,1924,Robert,148
WY,M,1924,John,122
WY,M,1924,William,104
WY,M,1924,James,94
WY,M,1924,Charles,76
WY,M,1924,George,61
WY,M,1924,Donald,60
WY,M,1924,Jack,54
WY,M,1924,Richard,40
WY,M,1924,Frank,39
WY,M,1924,Kenneth,36
WY,M,1924,Edward,34
WY,M,1924,Harold,34
WY,M,1924,Raymond,24
WY,M,1924,Paul,21
WY,M,1924,Albert,20
WY,M,1924,Fred,20
WY,M,1924,Ralph,20
WY,M,1924,David,19
WY,M,1924,Earl,19
WY,M,1924,Howard,19
WY,M,1924,Joseph,19
WY,M,1924,Walter,19
WY,M,1924,Carl,17
WY,M,1924,Clarence,17
WY,M,1924,Joe,17
WY,M,1924,Arthur,16
WY,M,1924,Stanley,16
WY,M,1924,Calvin,15
WY,M,1924,Eugene,15
WY,M,1924,Theodore,15
WY,M,1924,Thomas,15
WY,M,1924,Harry,14
WY,M,1924,Melvin,14
WY,M,1924,Roy,14
WY,M,1924,Ernest,13
WY,M,1924,Leonard,13
WY,M,1924,Ray,13
WY,M,1924,Warren,13
WY,M,1924,Wayne,13
WY,M,1924,Francis,12
WY,M,1924,Louis,12
WY,M,1924,Lawrence,11
WY,M,1924,Lloyd,11
WY,M,1924,Marvin,11
WY,M,1924,Dale,10
WY,M,1924,Edwin,10
WY,M,1924,Floyd,10
WY,M,1924,Glenn,10
WY,M,1924,Henry,10
WY,M,1924,Gerald,9
WY,M,1924,Lewis,9
WY,M,1924,Rex,9
WY,M,1924,Wilbur,9
WY,M,1924,Alfred,8
WY,M,1924,Andrew,8
WY,M,1924,Bill,8
WY,M,1924,Glen,8
WY,M,1924,Leo,8
WY,M,1924,Vern,8
WY,M,1924,Bert,7
WY,M,1924,Billy,7
WY,M,1924,Clifford,7
WY,M,1924,Don,7
WY,M,1924,Edgar,7
WY,M,1924,Elmer,7
WY,M,1924,Lester,7
WY,M,1924,Alvin,6
WY,M,1924,Benjamin,6
WY,M,1924,Cecil,6
WY,M,1924,Dean,6
WY,M,1924,Everett,6
WY,M,1924,Jay,6
WY,M,1924,Keith,6
WY,M,1924,Lee,6
WY,M,1924,Philip,6
WY,M,1924,Ronald,6
WY,M,1924,Russell,6
WY,M,1924,Sidney,6
WY,M,1924,Boyd,5
WY,M,1924,Clyde,5
WY,M,1924,Douglas,5
WY,M,1924,Gordon,5
WY,M,1924,Herbert,5
WY,M,1924,Leslie,5
WY,M,1924,Max,5
WY,M,1924,Mike,5
WY,M,1924,Norman,5
WY,M,1924,Samuel,5
WY,M,1924,Tony,5
WY,M,1924,Vernon,5
WY,M,1924,Wallace,5
WY,M,1925,Robert,140
WY,M,1925,William,106
WY,M,1925,John,104
WY,M,1925,James,87
WY,M,1925,Charles,75
WY,M,1925,George,52
WY,M,1925,Donald,49
WY,M,1925,Richard,49
WY,M,1925,Jack,42
WY,M,1925,Kenneth,42
WY,M,1925,Harold,36
WY,M,1925,Edward,35
WY,M,1925,Thomas,33
WY,M,1925,Frank,31
WY,M,1925,Paul,30
WY,M,1925,Raymond,25
WY,M,1925,Arthur,24
WY,M,1925,Joseph,24
WY,M,1925,Harry,23
WY,M,1925,Walter,20
WY,M,1925,Clarence,19
WY,M,1925,Roy,16
WY,M,1925,Fred,15
WY,M,1925,Leonard,15
WY,M,1925,Albert,14
WY,M,1925,Earl,13
WY,M,1925,Henry,13
WY,M,1925,Joe,13
WY,M,1925,Ralph,13
WY,M,1925,David,12
WY,M,1925,Don,12
WY,M,1925,Ernest,12
WY,M,1925,Eugene,12
WY,M,1925,Lawrence,12
WY,M,1925,Leroy,12
WY,M,1925,Louis,12
WY,M,1925,Wayne,12
WY,M,1925,Stanley,11
WY,M,1925,Bruce,10
WY,M,1925,Calvin,10
WY,M,1925,Gene,10
WY,M,1925,Gerald,10
WY,M,1925,Herbert,10
WY,M,1925,Lloyd,10
WY,M,1925,Alfred,9
WY,M,1925,Dale,9
WY,M,1925,Glenn,9
WY,M,1925,Keith,9
WY,M,1925,Max,9
WY,M,1925,Vernon,9
WY,M,1925,Bill,8
WY,M,1925,Billy,8
WY,M,1925,Bob,8
WY,M,1925,Carl,8
WY,M,1925,Gordon,8
WY,M,1925,Jesse,8
WY,M,1925,Norman,8
WY,M,1925,Rex,8
WY,M,1925,Clifford,7
WY,M,1925,Dean,7
WY,M,1925,Everett,7
WY,M,1925,Floyd,7
WY,M,1925,Francis,7
WY,M,1925,Frederick,7
WY,M,1925,Jerry,7
WY,M,1925,Lee,7
WY,M,1925,Lester,7
WY,M,1925,Marvin,7
WY,M,1925,Ray,7
WY,M,1925,Wesley,7
WY,M,1925,Alvin,6
WY,M,1925,Claude,6
WY,M,1925,Gilbert,6
WY,M,1925,Glen,6
WY,M,1925,Howard,6
WY,M,1925,Leslie,6
WY,M,1925,Melvin,6
WY,M,1925,Philip,6
WY,M,1925,Russell,6
WY,M,1925,Allen,5
WY,M,1925,Andrew,5
WY,M,1925,Anthony,5
WY,M,1925,Daniel,5
WY,M,1925,Emmett,5
WY,M,1925,Hubert,5
WY,M,1925,Hugh,5
WY,M,1925,Leo,5
WY,M,1925,Marion,5
WY,M,1925,Michael,5
WY,M,1925,Mike,5
WY,M,1925,Patrick,5
WY,M,1925,Peter,5
WY,M,1925,Theodore,5
WY,M,1925,Tony,5
WY,M,1925,Wallace,5
WY,M,1925,Warren,5
WY,M,1925,Wilbur,5
WY,M,1926,Robert,128
WY,M,1926,John,101
WY,M,1926,William,92
WY,M,1926,James,78
WY,M,1926,George,59
WY,M,1926,Charles,53
WY,M,1926,Donald,53
WY,M,1926,Jack,39
WY,M,1926,Richard,38
WY,M,1926,Thomas,32
WY,M,1926,Edward,27
WY,M,1926,Paul,27
WY,M,1926,Joseph,26
WY,M,1926,Frank,25
WY,M,1926,Harold,24
WY,M,1926,Eugene,22
WY,M,1926,Kenneth,22
WY,M,1926,Raymond,22
WY,M,1926,Carl,18
WY,M,1926,David,18
WY,M,1926,Harry,18
WY,M,1926,Roy,18
WY,M,1926,Earl,17
WY,M,1926,Arthur,16
WY,M,1926,Walter,16
WY,M,1926,Clarence,15
WY,M,1926,Gerald,15
WY,M,1926,Ralph,15
WY,M,1926,Fred,14
WY,M,1926,Albert,12
WY,M,1926,Clifford,12
WY,M,1926,Glen,12
WY,M,1926,Henry,12
WY,M,1926,Lawrence,12
WY,M,1926,Wayne,12
WY,M,1926,Calvin,11
WY,M,1926,Don,11
WY,M,1926,Ernest,11
WY,M,1926,Howard,11
WY,M,1926,Keith,11
WY,M,1926,Lloyd,11
WY,M,1926,Stanley,11
WY,M,1926,Bob,10
WY,M,1926,Dale,10
WY,M,1926,Dean,10
WY,M,1926,Glenn,10
WY,M,1926,Joe,10
WY,M,1926,Bill,9
WY,M,1926,Gene,9
WY,M,1926,Gordon,9
WY,M,1926,Harvey,9
WY,M,1926,Alfred,8
WY,M,1926,Jim,8
WY,M,1926,Lee,8
WY,M,1926,Russell,8
WY,M,1926,Eldon,7
WY,M,1926,Leroy,7
WY,M,1926,Marion,7
WY,M,1926,Tom,7
WY,M,1926,Billy,6
WY,M,1926,Floyd,6
WY,M,1926,Francis,6
WY,M,1926,Franklin,6
WY,M,1926,Leo,6
WY,M,1926,Leonard,6
WY,M,1926,Lewis,6
WY,M,1926,Melvin,6
WY,M,1926,Myron,6
WY,M,1926,Neil,6
WY,M,1926,Pete,6
WY,M,1926,Samuel,6
WY,M,1926,Antonio,5
WY,M,1926,Bert,5
WY,M,1926,Frederick,5
WY,M,1926,Fredrick,5
WY,M,1926,Johnnie,5
WY,M,1926,Jose,5
WY,M,1926,Leslie,5
WY,M,1926,Lester,5
WY,M,1926,Martin,5
WY,M,1926,Norman,5
WY,M,1926,Peter,5
WY,M,1926,Willard,5
WY,M,1926,Willis,5
WY,M,1927,Robert,133
WY,M,1927,John,100
WY,M,1927,William,79
WY,M,1927,James,75
WY,M,1927,Charles,74
WY,M,1927,Donald,62
WY,M,1927,Richard,53
WY,M,1927,George,51
WY,M,1927,Jack,42
WY,M,1927,Harold,30
WY,M,1927,Kenneth,29
WY,M,1927,Frank,27
WY,M,1927,Joseph,25
WY,M,1927,Thomas,24
WY,M,1927,Edward,22
WY,M,1927,David,18
WY,M,1927,Harry,18
WY,M,1927,Joe,18
WY,M,1927,Walter,18
WY,M,1927,Carl,17
WY,M,1927,Paul,17
WY,M,1927,Albert,16
WY,M,1927,Leslie,15
WY,M,1927,Raymond,15
WY,M,1927,Roy,15
WY,M,1927,Arthur,14
WY,M,1927,Dale,14
WY,M,1927,Eugene,14
WY,M,1927,Bill,13
WY,M,1927,Gerald,13
WY,M,1927,Clyde,12
WY,M,1927,Fred,12
WY,M,1927,Glen,12
WY,M,1927,Lawrence,12
WY,M,1927,Bob,11
WY,M,1927,Clarence,11
WY,M,1927,Don,11
WY,M,1927,Edwin,11
WY,M,1927,Glenn,11
WY,M,1927,Keith,11
WY,M,1927,Leroy,11
WY,M,1927,Ralph,11
WY,M,1927,Ray,11
WY,M,1927,Wayne,11
WY,M,1927,Elmer,10
WY,M,1927,Floyd,10
WY,M,1927,Jim,10
WY,M,1927,Jimmie,10
WY,M,1927,Lloyd,10
WY,M,1927,Louis,10
WY,M,1927,Marvin,10
WY,M,1927,Tom,10
WY,M,1927,Calvin,9
WY,M,1927,Earl,9
WY,M,1927,Ernest,9
WY,M,1927,Gordon,9
WY,M,1927,Herbert,9
WY,M,1927,Billy,8
WY,M,1927,Daniel,8
WY,M,1927,Henry,8
WY,M,1927,Jerry,8
WY,M,1927,Leo,8
WY,M,1927,Delbert,7
WY,M,1927,Leonard,7
WY,M,1927,Lester,7
WY,M,1927,Manuel,7
WY,M,1927,Andrew,6
WY,M,1927,Anthony,6
WY,M,1927,Archie,6
WY,M,1927,Bruce,6
WY,M,1927,Dean,6
WY,M,1927,Duane,6
WY,M,1927,Gene,6
WY,M,1927,Johnny,6
WY,M,1927,Junior,6
WY,M,1927,Lee,6
WY,M,1927,Melvin,6
WY,M,1927,Ronald,6
WY,M,1927,Stanley,6
WY,M,1927,Vernon,6
WY,M,1927,Willis,6
WY,M,1927,Allen,5
WY,M,1927,Alvin,5
WY,M,1927,Douglas,5
WY,M,1927,Francis,5
WY,M,1927,Frederick,5
WY,M,1927,Harvey,5
WY,M,1927,Jesse,5
WY,M,1927,Juan,5
WY,M,1927,Leland,5
WY,M,1927,Patrick,5
WY,M,1927,Pete,5
WY,M,1927,Peter,5
WY,M,1927,Philip,5
WY,M,1927,Tony,5
WY,M,1927,Victor,5
WY,M,1928,Robert,111
WY,M,1928,John,93
WY,M,1928,William,91
WY,M,1928,Donald,72
WY,M,1928,James,65
WY,M,1928,Richard,64
WY,M,1928,Charles,53
WY,M,1928,George,47
WY,M,1928,Jack,46
WY,M,1928,Kenneth,35
WY,M,1928,Harold,33
WY,M,1928,Frank,27
WY,M,1928,Bill,26
WY,M,1928,Edward,25
WY,M,1928,Thomas,23
WY,M,1928,David,20
WY,M,1928,Paul,20
WY,M,1928,Eugene,19
WY,M,1928,Bob,18
WY,M,1928,Joe,18
WY,M,1928,Joseph,18
WY,M,1928,Arthur,17
WY,M,1928,Dale,17
WY,M,1928,Ralph,17
WY,M,1928,Fred,16
WY,M,1928,Harry,16
WY,M,1928,Raymond,16
WY,M,1928,Roy,16
WY,M,1928,Walter,15
WY,M,1928,Glen,14
WY,M,1928,Earl,13
WY,M,1928,Howard,13
WY,M,1928,Marvin,13
WY,M,1928,Vernon,13
WY,M,1928,Alfred,12
WY,M,1928,Carl,12
WY,M,1928,Floyd,12
WY,M,1928,Gerald,12
WY,M,1928,Clarence,11
WY,M,1928,Duane,11
WY,M,1928,Gene,11
WY,M,1928,Leonard,11
WY,M,1928,Norman,11
WY,M,1928,Billy,10
WY,M,1928,Dean,10
WY,M,1928,Dick,10
WY,M,1928,Louis,10
WY,M,1928,Max,10
WY,M,1928,Ronald,10
WY,M,1928,Wayne,10
WY,M,1928,Clifford,9
WY,M,1928,Glenn,9
WY,M,1928,Jim,9
WY,M,1928,Tommy,9
WY,M,1928,Delbert,8
WY,M,1928,Henry,8
WY,M,1928,Herbert,8
WY,M,1928,Lawrence,8
WY,M,1928,Lloyd,8
WY,M,1928,Albert,7
WY,M,1928,Calvin,7
WY,M,1928,Don,7
WY,M,1928,Edwin,7
WY,M,1928,Ernest,7
WY,M,1928,Harvey,7
WY,M,1928,Jerry,7
WY,M,1928,Keith,7
WY,M,1928,Neil,7
WY,M,1928,Ray,7
WY,M,1928,Tom,7
WY,M,1928,Clyde,6
WY,M,1928,Francis,6
WY,M,1928,Lee,6
WY,M,1928,Leslie,6
WY,M,1928,Lyle,6
WY,M,1928,Melvin,6
WY,M,1928,Milton,6
WY,M,1928,Rodney,6
WY,M,1928,Warren,6
WY,M,1928,Alex,5
WY,M,1928,Alvin,5
WY,M,1928,Bert,5
WY,M,1928,Bruce,5
WY,M,1928,Cecil,5
WY,M,1928,Dan,5
WY,M,1928,Dennis,5
WY,M,1928,Elmer,5
WY,M,1928,Jesse,5
WY,M,1928,Jimmie,5
WY,M,1928,Jimmy,5
WY,M,1928,Johnnie,5
WY,M,1928,Junior,5
WY,M,1928,Larry,5
WY,M,1928,Lester,5
WY,M,1928,Myron,5
WY,M,1928,Pete,5
WY,M,1928,Russell,5
WY,M,1928,Samuel,5
WY,M,1928,Ted,5
WY,M,1928,Wesley,5
WY,M,1929,Robert,137
WY,M,1929,William,101
WY,M,1929,John,88
WY,M,1929,Donald,73
WY,M,1929,James,64
WY,M,1929,Charles,58
WY,M,1929,George,51
WY,M,1929,Jack,50
WY,M,1929,Richard,46
WY,M,1929,Frank,39
WY,M,1929,Kenneth,30
WY,M,1929,Harry,28
WY,M,1929,Raymond,26
WY,M,1929,Joseph,24
WY,M,1929,Thomas,24
WY,M,1929,Joe,22
WY,M,1929,Paul,22
WY,M,1929,David,21
WY,M,1929,Edward,21
WY,M,1929,Eugene,19
WY,M,1929,Arthur,18
WY,M,1929,Harold,18
WY,M,1929,Walter,18
WY,M,1929,Wayne,18
WY,M,1929,Gerald,17
WY,M,1929,Ralph,17
WY,M,1929,Dale,15
WY,M,1929,Ronald,15
WY,M,1929,Alfred,14
WY,M,1929,Bob,14
WY,M,1929,Fred,14
WY,M,1929,Keith,14
WY,M,1929,Roy,14
WY,M,1929,Albert,13
WY,M,1929,Bill,13
WY,M,1929,Billy,13
WY,M,1929,Howard,13
WY,M,1929,Leslie,13
WY,M,1929,Floyd,12
WY,M,1929,Lawrence,12
WY,M,1929,Edwin,11
WY,M,1929,Henry,11
WY,M,1929,Louis,11
WY,M,1929,Clarence,10
WY,M,1929,Dean,10
WY,M,1929,Don,10
WY,M,1929,Earl,10
WY,M,1929,Gene,10
WY,M,1929,Lloyd,10
WY,M,1929,Ray,10
WY,M,1929,Glen,9
WY,M,1929,Leonard,9
WY,M,1929,Leroy,9
WY,M,1929,Martin,9
WY,M,1929,Melvin,9
WY,M,1929,Vernon,9
WY,M,1929,Carl,8
WY,M,1929,Jim,8
WY,M,1929,Philip,8
WY,M,1929,Bert,7
WY,M,1929,Bruce,7
WY,M,1929,Clifford,7
WY,M,1929,Ernest,7
WY,M,1929,Francis,7
WY,M,1929,Jerry,7
WY,M,1929,Marvin,7
WY,M,1929,Stanley,7
WY,M,1929,Bobby,6
WY,M,1929,Daniel,6
WY,M,1929,Franklin,6
WY,M,1929,Gordon,6
WY,M,1929,Lester,6
WY,M,1929,Lyle,6
WY,M,1929,Norman,6
WY,M,1929,Bernard,5
WY,M,1929,Calvin,5
WY,M,1929,Cecil,5
WY,M,1929,Clyde,5
WY,M,1929,Edgar,5
WY,M,1929,Homer,5
WY,M,1929,Jimmy,5
WY,M,1929,Jose,5
WY,M,1929,Leo,5
WY,M,1929,Manuel,5
WY,M,1929,Max,5
WY,M,1929,Patrick,5
WY,M,1929,Warren,5
WY,M,1930,Robert,151
WY,M,1930,John,88
WY,M,1930,James,87
WY,M,1930,William,76
WY,M,1930,Donald,65
WY,M,1930,Richard,60
WY,M,1930,Charles,59
WY,M,1930,George,49
WY,M,1930,Jack,44
WY,M,1930,Harold,27
WY,M,1930,Kenneth,26
WY,M,1930,Raymond,26
WY,M,1930,David,24
WY,M,1930,Frank,24
WY,M,1930,Thomas,23
WY,M,1930,Edward,19
WY,M,1930,Dale,18
WY,M,1930,Billy,17
WY,M,1930,Bob,17
WY,M,1930,Clarence,17
WY,M,1930,Carl,16
WY,M,1930,Don,16
WY,M,1930,Walter,16
WY,M,1930,Albert,15
WY,M,1930,Earl,15
WY,M,1930,Harry,15
WY,M,1930,Keith,15
WY,M,1930,Marvin,15
WY,M,1930,Ralph,15
WY,M,1930,Stanley,15
WY,M,1930,Joseph,14
WY,M,1930,Melvin,14
WY,M,1930,Fred,13
WY,M,1930,Jerry,13
WY,M,1930,Bill,12
WY,M,1930,Daniel,12
WY,M,1930,Glen,12
WY,M,1930,Jim,12
WY,M,1930,Joe,12
WY,M,1930,Francis,11
WY,M,1930,Paul,11
WY,M,1930,Pete,11
WY,M,1930,Ronald,11
WY,M,1930,Glenn,10
WY,M,1930,Leonard,10
WY,M,1930,Tony,10
WY,M,1930,Ernest,9
WY,M,1930,Gene,9
WY,M,1930,Larry,9
WY,M,1930,Leroy,9
WY,M,1930,Norman,9
WY,M,1930,Wayne,9
WY,M,1930,Arthur,8
WY,M,1930,Bernard,8
WY,M,1930,Floyd,8
WY,M,1930,Gerald,8
WY,M,1930,Henry,8
WY,M,1930,Herbert,8
WY,M,1930,Howard,8
WY,M,1930,Lloyd,8
WY,M,1930,Bobby,7
WY,M,1930,Dan,7
WY,M,1930,Darrell,7
WY,M,1930,Elmer,7
WY,M,1930,Eugene,7
WY,M,1930,Gordon,7
WY,M,1930,Lawrence,7
WY,M,1930,Patrick,7
WY,M,1930,Roy,7
WY,M,1930,Allen,6
WY,M,1930,Alvin,6
WY,M,1930,Clifford,6
WY,M,1930,Clyde,6
WY,M,1930,Dean,6
WY,M,1930,Dick,6
WY,M,1930,Douglas,6
WY,M,1930,Gary,6
WY,M,1930,Leslie,6
WY,M,1930,Russell,6
WY,M,1930,Ted,6
WY,M,1930,Theodore,6
WY,M,1930,Tommy,6
WY,M,1930,Vernon,6
WY,M,1930,Edwin,5
WY,M,1930,Gilbert,5
WY,M,1930,Harvey,5
WY,M,1930,Hugh,5
WY,M,1930,Johnnie,5
WY,M,1930,Lee,5
WY,M,1930,Louis,5
WY,M,1930,Lyle,5
WY,M,1930,Philip,5
WY,M,1930,Roger,5
WY,M,1931,Robert,135
WY,M,1931,James,97
WY,M,1931,William,86
WY,M,1931,John,78
WY,M,1931,Donald,70
WY,M,1931,Richard,58
WY,M,1931,Charles,53
WY,M,1931,George,37
WY,M,1931,Jack,35
WY,M,1931,Edward,33
WY,M,1931,David,23
WY,M,1931,Joe,23
WY,M,1931,Kenneth,23
WY,M,1931,Paul,23
WY,M,1931,Roy,21
WY,M,1931,Dale,20
WY,M,1931,Don,20
WY,M,1931,Frank,20
WY,M,1931,Harold,19
WY,M,1931,Raymond,19
WY,M,1931,Carl,18
WY,M,1931,Bill,17
WY,M,1931,Jerry,17
WY,M,1931,Joseph,17
WY,M,1931,Arthur,16
WY,M,1931,Bob,15
WY,M,1931,Fred,15
WY,M,1931,Gerald,15
WY,M,1931,Glen,15
WY,M,1931,Jimmy,15
WY,M,1931,Thomas,15
WY,M,1931,Walter,15
WY,M,1931,Albert,14
WY,M,1931,Ronald,14
WY,M,1931,Wayne,14
WY,M,1931,Ernest,13
WY,M,1931,Ralph,13
WY,M,1931,Clarence,11
WY,M,1931,Earl,11
WY,M,1931,Harry,11
WY,M,1931,Henry,11
WY,M,1931,Louis,11
WY,M,1931,Melvin,11
WY,M,1931,Eugene,10
WY,M,1931,Keith,10
WY,M,1931,Norman,10
WY,M,1931,Ray,10
WY,M,1931,Billy,9
WY,M,1931,Dick,9
WY,M,1931,Francis,9
WY,M,1931,Gary,9
WY,M,1931,Howard,9
WY,M,1931,Marvin,9
WY,M,1931,Gene,8
WY,M,1931,Larry,8
WY,M,1931,Leo,8
WY,M,1931,Leroy,8
WY,M,1931,Stanley,8
WY,M,1931,Andrew,7
WY,M,1931,Clyde,7
WY,M,1931,Daniel,7
WY,M,1931,Darrel,7
WY,M,1931,Dean,7
WY,M,1931,Dennis,7
WY,M,1931,Douglas,7
WY,M,1931,Duane,7
WY,M,1931,Floyd,7
WY,M,1931,Gilbert,7
WY,M,1931,Jay,7
WY,M,1931,Rex,7
WY,M,1931,Vernon,7
WY,M,1931,Warren,7
WY,M,1931,Bobby,6
WY,M,1931,Cecil,6
WY,M,1931,Edwin,6
WY,M,1931,Eldon,6
WY,M,1931,Fredrick,6
WY,M,1931,Lloyd,6
WY,M,1931,Michael,6
WY,M,1931,Phillip,6
WY,M,1931,Alan,5
WY,M,1931,Alvin,5
WY,M,1931,Darrell,5
WY,M,1931,Glenn,5
WY,M,1931,Hugh,5
WY,M,1931,Jim,5
WY,M,1931,Lawrence,5
WY,M,1931,Philip,5
WY,M,1931,Sam,5
WY,M,1931,Theodore,5
WY,M,1931,Virgil,5
WY,M,1931,Wesley,5
WY,M,1932,Robert,115
WY,M,1932,John,85
WY,M,1932,James,83
WY,M,1932,Richard,71
WY,M,1932,William,62
WY,M,1932,Donald,58
WY,M,1932,Charles,47
WY,M,1932,Jack,35
WY,M,1932,Kenneth,35
WY,M,1932,George,30
WY,M,1932,Paul,25
WY,M,1932,Thomas,25
WY,M,1932,Carl,23
WY,M,1932,Don,23
WY,M,1932,David,22
WY,M,1932,Raymond,22
WY,M,1932,Edward,21
WY,M,1932,Jerry,20
WY,M,1932,Joe,19
WY,M,1932,Ronald,19
WY,M,1932,Bob,18
WY,M,1932,Walter,18
WY,M,1932,Frank,17
WY,M,1932,Fred,17
WY,M,1932,Gerald,17
WY,M,1932,Bill,15
WY,M,1932,Larry,15
WY,M,1932,Joseph,14
WY,M,1932,Wayne,14
WY,M,1932,Harold,13
WY,M,1932,Ralph,13
WY,M,1932,Roy,13
WY,M,1932,Billy,12
WY,M,1932,Leonard,12
WY,M,1932,Albert,11
WY,M,1932,Clarence,11
WY,M,1932,Dale,11
WY,M,1932,Lawrence,11
WY,M,1932,Marvin,11
WY,M,1932,Melvin,11
WY,M,1932,Arthur,10
WY,M,1932,Douglas,10
WY,M,1932,Gene,10
WY,M,1932,Harry,10
WY,M,1932,Keith,10
WY,M,1932,Stanley,10
WY,M,1932,Dean,9
WY,M,1932,Gilbert,9
WY,M,1932,Henry,9
WY,M,1932,Norman,9
WY,M,1932,Alfred,8
WY,M,1932,Eugene,8
WY,M,1932,Francis,8
WY,M,1932,Howard,8
WY,M,1932,Clifford,7
WY,M,1932,Daniel,7
WY,M,1932,Doyle,7
WY,M,1932,Earl,7
WY,M,1932,Everett,7
WY,M,1932,Gary,7
WY,M,1932,Glenn,7
WY,M,1932,Leo,7
WY,M,1932,Leroy,7
WY,M,1932,Lewis,7
WY,M,1932,Ray,7
WY,M,1932,Clyde,6
WY,M,1932,Edwin,6
WY,M,1932,Glen,6
WY,M,1932,Jim,6
WY,M,1932,Michael,6
WY,M,1932,Steve,6
WY,M,1932,Alan,5
WY,M,1932,Cecil,5
WY,M,1932,Claude,5
WY,M,1932,Dan,5
WY,M,1932,Duane,5
WY,M,1932,Elmer,5
WY,M,1932,Ernest,5
WY,M,1932,Floyd,5
WY,M,1932,Franklin,5
WY,M,1932,Harvey,5
WY,M,1932,Jimmie,5
WY,M,1932,Lee,5
WY,M,1932,Leland,5
WY,M,1932,Lloyd,5
WY,M,1932,Louis,5
WY,M,1932,Max,5
WY,M,1932,Peter,5
WY,M,1932,Rex,5
WY,M,1932,Rudy,5
WY,M,1932,Vernon,5
WY,M,1933,Robert,101
WY,M,1933,James,87
WY,M,1933,John,81
WY,M,1933,William,68
WY,M,1933,Donald,66
WY,M,1933,Richard,64
WY,M,1933,Charles,57
WY,M,1933,George,39
WY,M,1933,Ronald,32
WY,M,1933,Jack,30
WY,M,1933,David,27
WY,M,1933,Frank,27
WY,M,1933,Kenneth,27
WY,M,1933,Thomas,25
WY,M,1933,Gerald,23
WY,M,1933,Ralph,22
WY,M,1933,Harold,21
WY,M,1933,Joseph,19
WY,M,1933,Albert,17
WY,M,1933,Dale,17
WY,M,1933,Don,17
WY,M,1933,Jerry,17
WY,M,1933,Ray,17
WY,M,1933,Harry,15
WY,M,1933,Larry,15
WY,M,1933,Arthur,13
WY,M,1933,Carl,13
WY,M,1933,Fred,13
WY,M,1933,Paul,13
WY,M,1933,Wayne,13
WY,M,1933,Billy,12
WY,M,1933,Joe,12
WY,M,1933,Raymond,12
WY,M,1933,Roger,12
WY,M,1933,Bob,11
WY,M,1933,Dick,11
WY,M,1933,Edward,11
WY,M,1933,Edwin,11
WY,M,1933,Jim,11
WY,M,1933,Jimmy,11
WY,M,1933,Walter,11
WY,M,1933,Bill,10
WY,M,1933,Gary,10
WY,M,1933,Glen,10
WY,M,1933,Keith,10
WY,M,1933,Roy,10
WY,M,1933,Stanley,10
WY,M,1933,Tommy,10
WY,M,1933,Leonard,9
WY,M,1933,Melvin,9
WY,M,1933,Eugene,8
WY,M,1933,Franklin,8
WY,M,1933,Howard,8
WY,M,1933,Norman,8
WY,M,1933,Vernon,8
WY,M,1933,Alfred,7
WY,M,1933,Calvin,7
WY,M,1933,Daniel,7
WY,M,1933,Gene,7
WY,M,1933,Glenn,7
WY,M,1933,Leslie,7
WY,M,1933,Lyle,7
WY,M,1933,Max,7
WY,M,1933,Russell,7
WY,M,1933,Ted,7
WY,M,1933,Tom,7
WY,M,1933,Darrell,6
WY,M,1933,Earl,6
WY,M,1933,Floyd,6
WY,M,1933,Francis,6
WY,M,1933,Harvey,6
WY,M,1933,Herbert,6
WY,M,1933,Johnny,6
WY,M,1933,Lee,6
WY,M,1933,Lewis,6
WY,M,1933,Lloyd,6
WY,M,1933,Marion,6
WY,M,1933,Neil,6
WY,M,1933,Wesley,6
WY,M,1933,Allen,5
WY,M,1933,Billie,5
WY,M,1933,Clarence,5
WY,M,1933,Clyde,5
WY,M,1933,Dan,5
WY,M,1933,Eldon,5
WY,M,1933,Lawrence,5
WY,M,1933,Leland,5
WY,M,1933,Leo,5
WY,M,1933,Martin,5
WY,M,1933,Marvin,5
WY,M,1933,Michael,5
WY,M,1933,Rex,5
WY,M,1933,Samuel,5
WY,M,1933,Tony,5
WY,M,1933,Victor,5
WY,M,1934,Robert,109
WY,M,1934,James,94
WY,M,1934,John,87
WY,M,1934,Donald,74
WY,M,1934,William,69
WY,M,1934,Richard,61
WY,M,1934,Charles,53
WY,M,1934,Jack,40
WY,M,1934,George,37
WY,M,1934,Ronald,34
WY,M,1934,Thomas,33
WY,M,1934,Larry,30
WY,M,1934,Raymond,24
WY,M,1934,Don,22
WY,M,1934,Frank,22
WY,M,1934,Kenneth,20
WY,M,1934,David,19
WY,M,1934,Joe,19
WY,M,1934,Bill,18
WY,M,1934,Fred,18
WY,M,1934,Jerry,18
WY,M,1934,Bob,17
WY,M,1934,Eugene,17
WY,M,1934,Gerald,17
WY,M,1934,Harold,17
WY,M,1934,Carl,14
WY,M,1934,Edward,14
WY,M,1934,Gary,14
WY,M,1934,Albert,13
WY,M,1934,Billy,13
WY,M,1934,Dick,13
WY,M,1934,Jim,13
WY,M,1934,Ralph,13
WY,M,1934,Roy,13
WY,M,1934,Bobby,12
WY,M,1934,Leroy,12
WY,M,1934,Dean,11
WY,M,1934,Earl,11
WY,M,1934,Francis,11
WY,M,1934,Howard,11
WY,M,1934,Paul,11
WY,M,1934,Roger,11
WY,M,1934,Duane,10
WY,M,1934,Joseph,10
WY,M,1934,Keith,10
WY,M,1934,Walter,10
WY,M,1934,Wayne,10
WY,M,1934,Dale,9
WY,M,1934,Gilbert,9
WY,M,1934,Lawrence,9
WY,M,1934,Marvin,9
WY,M,1934,Norman,9
WY,M,1934,Tommy,9
WY,M,1934,Arthur,8
WY,M,1934,Clifford,8
WY,M,1934,Douglas,8
WY,M,1934,Ernest,8
WY,M,1934,Gene,8
WY,M,1934,Jimmie,8
WY,M,1934,Jimmy,8
WY,M,1934,Lyle,8
WY,M,1934,Melvin,8
WY,M,1934,Curtis,7
WY,M,1934,Franklin,7
WY,M,1934,Glen,7
WY,M,1934,Herbert,7
WY,M,1934,Lloyd,7
WY,M,1934,Rudy,7
WY,M,1934,Stanley,7
WY,M,1934,Bruce,6
WY,M,1934,Clarence,6
WY,M,1934,Clyde,6
WY,M,1934,Edwin,6
WY,M,1934,Floyd,6
WY,M,1934,Harry,6
WY,M,1934,Leonard,6
WY,M,1934,Louis,6
WY,M,1934,Max,6
WY,M,1934,Mike,6
WY,M,1934,Vernon,6
WY,M,1934,Alfred,5
WY,M,1934,Allen,5
WY,M,1934,Andrew,5
WY,M,1934,Dennis,5
WY,M,1934,Forrest,5
WY,M,1934,Glenn,5
WY,M,1934,Johnny,5
WY,M,1934,Lester,5
WY,M,1934,Martin,5
WY,M,1934,Neil,5
WY,M,1934,Phillip,5
WY,M,1934,Ray,5
WY,M,1934,Warren,5
WY,M,1935,John,101
WY,M,1935,Robert,96
WY,M,1935,James,83
WY,M,1935,Donald,68
WY,M,1935,William,68
WY,M,1935,Richard,61
WY,M,1935,Charles,56
WY,M,1935,George,41
WY,M,1935,Jack,40
WY,M,1935,Ronald,31
WY,M,1935,David,27
WY,M,1935,Kenneth,27
WY,M,1935,Larry,27
WY,M,1935,Gary,25
WY,M,1935,Jerry,25
WY,M,1935,Thomas,23
WY,M,1935,Frank,21
WY,M,1935,Gerald,21
WY,M,1935,Dale,19
WY,M,1935,Ralph,19
WY,M,1935,Don,18
WY,M,1935,Marvin,18
WY,M,1935,Paul,18
WY,M,1935,Bill,17
WY,M,1935,Joe,17
WY,M,1935,Arthur,16
WY,M,1935,Carl,15
WY,M,1935,Earl,15
WY,M,1935,Harold,14
WY,M,1935,Jim,14
WY,M,1935,Edward,13
WY,M,1935,Henry,13
WY,M,1935,Leroy,13
WY,M,1935,Raymond,13
WY,M,1935,Walter,13
WY,M,1935,Albert,12
WY,M,1935,Gene,12
WY,M,1935,Wayne,12
WY,M,1935,Bob,11
WY,M,1935,Fred,11
WY,M,1935,Joseph,11
WY,M,1935,Keith,11
WY,M,1935,Lee,11
WY,M,1935,Roy,11
WY,M,1935,Stanley,11
WY,M,1935,Alfred,10
WY,M,1935,Eugene,10
WY,M,1935,Leo,10
WY,M,1935,Dick,9
WY,M,1935,Harry,9
WY,M,1935,Lloyd,9
WY,M,1935,Theodore,9
WY,M,1935,Tommy,9
WY,M,1935,Bruce,8
WY,M,1935,Clifford,8
WY,M,1935,Dennis,8
WY,M,1935,Melvin,8
WY,M,1935,Philip,8
WY,M,1935,Roger,8
WY,M,1935,Warren,8
WY,M,1935,Billy,7
WY,M,1935,Clarence,7
WY,M,1935,Daniel,7
WY,M,1935,Floyd,7
WY,M,1935,Glen,7
WY,M,1935,Glenn,7
WY,M,1935,Harvey,7
WY,M,1935,Jay,7
WY,M,1935,Jimmy,7
WY,M,1935,Louis,7
WY,M,1935,Ray,7
WY,M,1935,Russell,7
WY,M,1935,Ted,7
WY,M,1935,Dean,6
WY,M,1935,Duane,6
WY,M,1935,Eddie,6
WY,M,1935,Ernest,6
WY,M,1935,Jimmie,6
WY,M,1935,Lawrence,6
WY,M,1935,Max,6
WY,M,1935,Rex,6
WY,M,1935,Vern,6
WY,M,1935,Vernon,6
WY,M,1935,Alex,5
WY,M,1935,Bernard,5
WY,M,1935,Bobby,5
WY,M,1935,Danny,5
WY,M,1935,Douglas,5
WY,M,1935,Edwin,5
WY,M,1935,Everett,5
WY,M,1935,Gilbert,5
WY,M,1935,Gordon,5
WY,M,1935,Leon,5
WY,M,1935,Leonard,5
WY,M,1935,Michael,5
WY,M,1935,Milton,5
WY,M,1935,Neil,5
WY,M,1935,Norman,5
WY,M,1935,Tom,5
WY,M,1936,Robert,109
WY,M,1936,James,88
WY,M,1936,John,82
WY,M,1936,William,74
WY,M,1936,Richard,70
WY,M,1936,Donald,64
WY,M,1936,Charles,49
WY,M,1936,Ronald,44
WY,M,1936,Kenneth,41
WY,M,1936,George,40
WY,M,1936,Jack,40
WY,M,1936,Larry,40
WY,M,1936,Jerry,35
WY,M,1936,Thomas,32
WY,M,1936,David,31
WY,M,1936,Frank,26
WY,M,1936,Joe,26
WY,M,1936,Edward,24
WY,M,1936,Gary,23
WY,M,1936,Gerald,22
WY,M,1936,Bill,19
WY,M,1936,Paul,19
WY,M,1936,Albert,18
WY,M,1936,Carl,16
WY,M,1936,Harold,16
WY,M,1936,Harry,14
WY,M,1936,Marvin,14
WY,M,1936,Wayne,14
WY,M,1936,Joseph,13
WY,M,1936,Francis,12
WY,M,1936,Johnny,12
WY,M,1936,Ralph,12
WY,M,1936,Roy,12
WY,M,1936,Arthur,11
WY,M,1936,Dale,11
WY,M,1936,Don,11
WY,M,1936,Fred,11
WY,M,1936,Melvin,11
WY,M,1936,Eugene,10
WY,M,1936,Floyd,10
WY,M,1936,Leonard,10
WY,M,1936,Lloyd,10
WY,M,1936,Russell,10
WY,M,1936,Tom,10
WY,M,1936,Tommy,10
WY,M,1936,Walter,10
WY,M,1936,Allen,9
WY,M,1936,Alvin,9
WY,M,1936,Bob,9
WY,M,1936,Jim,9
WY,M,1936,Keith,9
WY,M,1936,Leroy,9
WY,M,1936,Raymond,9
WY,M,1936,Clifford,8
WY,M,1936,Earl,8
WY,M,1936,Jimmy,8
WY,M,1936,Lawrence,8
WY,M,1936,Lee,8
WY,M,1936,Norman,8
WY,M,1936,Ray,8
WY,M,1936,Roger,8
WY,M,1936,Stanley,8
WY,M,1936,Ted,8
WY,M,1936,Alfred,7
WY,M,1936,Daniel,7
WY,M,1936,Dean,7
WY,M,1936,Ernest,7
WY,M,1936,Glen,7
WY,M,1936,Howard,7
WY,M,1936,Leo,7
WY,M,1936,Louis,7
WY,M,1936,Manuel,7
WY,M,1936,Pete,7
WY,M,1936,Wesley,7
WY,M,1936,Billy,6
WY,M,1936,Clarence,6
WY,M,1936,Clinton,6
WY,M,1936,Dennis,6
WY,M,1936,Douglas,6
WY,M,1936,Glenn,6
WY,M,1936,Gordon,6
WY,M,1936,Lynn,6
WY,M,1936,Warren,6
WY,M,1936,Andrew,5
WY,M,1936,Bernard,5
WY,M,1936,Clayton,5
WY,M,1936,Clyde,5
WY,M,1936,Eddie,5
WY,M,1936,Everett,5
WY,M,1936,Franklin,5
WY,M,1936,Gene,5
WY,M,1936,Harvey,5
WY,M,1936,Henry,5
WY,M,1936,Hugh,5
WY,M,1936,Joel,5
WY,M,1936,Johnnie,5
WY,M,1936,Lewis,5
WY,M,1936,Lyle,5
WY,M,1936,Neal,5
WY,M,1936,Patrick,5
WY,M,1936,Phillip,5
WY,M,1936,Vernon,5
WY,M,1936,Wilbur,5
WY,M,1937,Robert,119
WY,M,1937,James,90
WY,M,1937,John,84
WY,M,1937,William,66
WY,M,1937,Richard,59
WY,M,1937,Donald,54
WY,M,1937,Charles,52
WY,M,1937,Jerry,46
WY,M,1937,George,42
WY,M,1937,Larry,40
WY,M,1937,Ronald,38
WY,M,1937,David,36
WY,M,1937,Kenneth,36
WY,M,1937,Thomas,36
WY,M,1937,Jack,33
WY,M,1937,Gary,24
WY,M,1937,Paul,24
WY,M,1937,Edward,21
WY,M,1937,Raymond,21
WY,M,1937,Bill,20
WY,M,1937,Fred,19
WY,M,1937,Gerald,19
WY,M,1937,Joe,19
WY,M,1937,Joseph,19
WY,M,1937,Arthur,17
WY,M,1937,Bob,17
WY,M,1937,Carl,15
WY,M,1937,Harold,15
WY,M,1937,Jim,15
WY,M,1937,Lawrence,15
WY,M,1937,Ralph,15
WY,M,1937,Earl,14
WY,M,1937,Lee,14
WY,M,1937,Dale,13
WY,M,1937,Frank,13
WY,M,1937,Harry,13
WY,M,1937,Edwin,12
WY,M,1937,Norman,12
WY,M,1937,Roger,12
WY,M,1937,Roy,12
WY,M,1937,Dennis,11
WY,M,1937,Don,11
WY,M,1937,Keith,11
WY,M,1937,Melvin,11
WY,M,1937,Wayne,11
WY,M,1937,Alfred,10
WY,M,1937,Clyde,10
WY,M,1937,Duane,10
WY,M,1937,Glen,10
WY,M,1937,Albert,9
WY,M,1937,Daniel,9
WY,M,1937,Howard,9
WY,M,1937,Stanley,9
WY,M,1937,Bobby,8
WY,M,1937,Bruce,8
WY,M,1937,Dean,8
WY,M,1937,Floyd,8
WY,M,1937,Gene,8
WY,M,1937,Jay,8
WY,M,1937,Marvin,8
WY,M,1937,Philip,8
WY,M,1937,Billy,7
WY,M,1937,Dick,7
WY,M,1937,Eugene,7
WY,M,1937,Harvey,7
WY,M,1937,Henry,7
WY,M,1937,Jackie,7
WY,M,1937,Leonard,7
WY,M,1937,Lloyd,7
WY,M,1937,Michael,7
WY,M,1937,Mike,7
WY,M,1937,Victor,7
WY,M,1937,Alvin,6
WY,M,1937,Ernest,6
WY,M,1937,Glenn,6
WY,M,1937,Manuel,6
WY,M,1937,Martin,6
WY,M,1937,Max,6
WY,M,1937,Ray,6
WY,M,1937,Ronnie,6
WY,M,1937,Steve,6
WY,M,1937,Terry,6
WY,M,1937,Tommy,6
WY,M,1937,Tony,6
WY,M,1937,Wesley,6
WY,M,1937,Allan,5
WY,M,1937,Arnold,5
WY,M,1937,Cecil,5
WY,M,1937,Clifford,5
WY,M,1937,Danny,5
WY,M,1937,Douglas,5
WY,M,1937,Eddie,5
WY,M,1937,Jimmie,5
WY,M,1937,Jimmy,5
WY,M,1937,Leon,5
WY,M,1937,Leroy,5
WY,M,1937,Lester,5
WY,M,1937,Phillip,5
WY,M,1937,Vernon,5
WY,M,1937,Walter,5
WY,M,1938,Robert,146
WY,M,1938,John,91
WY,M,1938,James,83
WY,M,1938,Richard,66
WY,M,1938,William,63
WY,M,1938,Charles,60
WY,M,1938,Larry,54
WY,M,1938,Donald,50
WY,M,1938,Thomas,47
WY,M,1938,David,42
WY,M,1938,Jerry,42
WY,M,1938,Ronald,41
WY,M,1938,Gary,39
WY,M,1938,Jack,34
WY,M,1938,Gerald,33
WY,M,1938,Raymond,33
WY,M,1938,Joseph,25
WY,M,1938,Kenneth,25
WY,M,1938,Don,24
WY,M,1938,Frank,23
WY,M,1938,George,23
WY,M,1938,Paul,21
WY,M,1938,Edward,19
WY,M,1938,Harold,19
WY,M,1938,Roger,19
WY,M,1938,Bill,16
WY,M,1938,Bob,16
WY,M,1938,Carl,16
WY,M,1938,Marvin,16
WY,M,1938,Earl,15
WY,M,1938,Fred,15
WY,M,1938,Arthur,14
WY,M,1938,Michael,14
WY,M,1938,Ralph,14
WY,M,1938,Dennis,13
WY,M,1938,Gene,13
WY,M,1938,Jim,13
WY,M,1938,Roy,13
WY,M,1938,Stanley,13
WY,M,1938,Wayne,13
WY,M,1938,Joe,12
WY,M,1938,Lawrence,12
WY,M,1938,Leonard,12
WY,M,1938,Allen,11
WY,M,1938,Ray,11
WY,M,1938,Billy,10
WY,M,1938,Dean,10
WY,M,1938,Duane,10
WY,M,1938,Gordon,10
WY,M,1938,Keith,10
WY,M,1938,Walter,10
WY,M,1938,Albert,9
WY,M,1938,Bruce,9
WY,M,1938,Dale,9
WY,M,1938,Eugene,9
WY,M,1938,Henry,9
WY,M,1938,Howard,9
WY,M,1938,Johnny,9
WY,M,1938,Lyle,9
WY,M,1938,Melvin,9
WY,M,1938,Alvin,8
WY,M,1938,Darrell,8
WY,M,1938,Dick,8
WY,M,1938,Floyd,8
WY,M,1938,Harry,8
WY,M,1938,Lee,8
WY,M,1938,Norman,8
WY,M,1938,Clarence,7
WY,M,1938,Clifford,7
WY,M,1938,Eddie,7
WY,M,1938,Francis,7
WY,M,1938,Jesse,7
WY,M,1938,Lloyd,7
WY,M,1938,Max,7
WY,M,1938,Phillip,7
WY,M,1938,Tommy,7
WY,M,1938,Alfred,6
WY,M,1938,Bert,6
WY,M,1938,Bobby,6
WY,M,1938,Dan,6
WY,M,1938,Daniel,6
WY,M,1938,Edwin,6
WY,M,1938,Gilbert,6
WY,M,1938,Glen,6
WY,M,1938,Jimmy,6
WY,M,1938,Leroy,6
WY,M,1938,Leslie,6
WY,M,1938,Pat,6
WY,M,1938,Vernon,6
WY,M,1938,Warren,6
WY,M,1938,Willard,6
WY,M,1938,Alan,5
WY,M,1938,Frederick,5
WY,M,1938,Herbert,5
WY,M,1938,Jay,5
WY,M,1938,Jon,5
WY,M,1938,Leland,5
WY,M,1938,Loren,5
WY,M,1938,Mike,5
WY,M,1938,Milton,5
WY,M,1938,Pete,5
WY,M,1938,Ted,5
WY,M,1938,Terry,5
WY,M,1938,Theodore,5
WY,M,1938,Tom,5
WY,M,1939,Robert,120
WY,M,1939,John,119
WY,M,1939,James,90
WY,M,1939,William,70
WY,M,1939,Richard,68
WY,M,1939,Charles,62
WY,M,1939,Larry,59
WY,M,1939,Donald,54
WY,M,1939,Jerry,44
WY,M,1939,David,43
WY,M,1939,Gary,43
WY,M,1939,Ronald,42
WY,M,1939,Jack,35
WY,M,1939,Kenneth,33
WY,M,1939,George,30
WY,M,1939,Edward,28
WY,M,1939,Harold,28
WY,M,1939,Thomas,26
WY,M,1939,Frank,23
WY,M,1939,Dennis,22
WY,M,1939,Joe,22
WY,M,1939,Paul,22
WY,M,1939,Gerald,20
WY,M,1939,Raymond,20
WY,M,1939,Jim,18
WY,M,1939,Bill,17
WY,M,1939,Marvin,17
WY,M,1939,Roger,16
WY,M,1939,Carl,15
WY,M,1939,Melvin,15
WY,M,1939,Bob,14
WY,M,1939,Dale,14
WY,M,1939,Don,14
WY,M,1939,Earl,13
WY,M,1939,Fred,13
WY,M,1939,Michael,13
WY,M,1939,Wayne,13
WY,M,1939,Bruce,12
WY,M,1939,Dean,12
WY,M,1939,Eugene,12
WY,M,1939,Gordon,12
WY,M,1939,Harry,12
WY,M,1939,Keith,12
WY,M,1939,Leonard,12
WY,M,1939,Ralph,12
WY,M,1939,Roy,12
WY,M,1939,Tom,12
WY,M,1939,Billy,11
WY,M,1939,Clifford,11
WY,M,1939,Howard,11
WY,M,1939,Joseph,11
WY,M,1939,Henry,10
WY,M,1939,Leroy,10
WY,M,1939,Ted,10
WY,M,1939,Walter,10
WY,M,1939,Clyde,9
WY,M,1939,Lloyd,9
WY,M,1939,Russell,9
WY,M,1939,Stanley,9
WY,M,1939,Dick,8
WY,M,1939,Ernest,8
WY,M,1939,Floyd,8
WY,M,1939,Jimmy,8
WY,M,1939,Louis,8
WY,M,1939,Norman,8
WY,M,1939,Peter,8
WY,M,1939,Terry,8
WY,M,1939,Allen,7
WY,M,1939,Arthur,7
WY,M,1939,Bobby,7
WY,M,1939,Daniel,7
WY,M,1939,Eddie,7
WY,M,1939,Everett,7
WY,M,1939,Johnny,7
WY,M,1939,Lawrence,7
WY,M,1939,Leslie,7
WY,M,1939,Ray,7
WY,M,1939,Warren,7
WY,M,1939,Albert,6
WY,M,1939,Andrew,6
WY,M,1939,Anthony,6
WY,M,1939,Brent,6
WY,M,1939,Duane,6
WY,M,1939,Edwin,6
WY,M,1939,Jon,6
WY,M,1939,Lee,6
WY,M,1939,Leo,6
WY,M,1939,Lewis,6
WY,M,1939,Manuel,6
WY,M,1939,Max,6
WY,M,1939,Phillip,6
WY,M,1939,Willard,6
WY,M,1939,Bernard,5
WY,M,1939,Clarence,5
WY,M,1939,Darrel,5
WY,M,1939,Darrell,5
WY,M,1939,Douglas,5
WY,M,1939,Eldon,5
WY,M,1939,Frederick,5
WY,M,1939,Gene,5
WY,M,1939,Glen,5
WY,M,1939,Loren,5
WY,M,1939,Patrick,5
WY,M,1939,Rex,5
WY,M,1939,Rodney,5
WY,M,1939,Roland,5
WY,M,1939,Ronnie,5
WY,M,1939,Tommy,5
WY,M,1939,Tony,5
WY,M,1939,Vernon,5
WY,M,1940,Robert,107
WY,M,1940,John,100
WY,M,1940,James,95
WY,M,1940,Richard,80
WY,M,1940,William,65
WY,M,1940,Larry,61
WY,M,1940,Charles,60
WY,M,1940,Gary,56
WY,M,1940,Jerry,48
WY,M,1940,David,46
WY,M,1940,Donald,45
WY,M,1940,Ronald,45
WY,M,1940,Jack,33
WY,M,1940,Thomas,31
WY,M,1940,Kenneth,29
WY,M,1940,Edward,28
WY,M,1940,George,26
WY,M,1940,Dennis,24
WY,M,1940,Joe,24
WY,M,1940,Michael,22
WY,M,1940,Roger,22
WY,M,1940,Frank,21
WY,M,1940,Gerald,21
WY,M,1940,Paul,21
WY,M,1940,Joseph,20
WY,M,1940,Jim,19
WY,M,1940,Fred,17
WY,M,1940,Tom,17
WY,M,1940,Raymond,16
WY,M,1940,Wayne,16
WY,M,1940,Bill,15
WY,M,1940,Lawrence,15
WY,M,1940,Ralph,15
WY,M,1940,Roy,15
WY,M,1940,Stanley,15
WY,M,1940,Carl,14
WY,M,1940,Don,14
WY,M,1940,Douglas,14
WY,M,1940,Terry,14
WY,M,1940,Walter,13
WY,M,1940,Arthur,12
WY,M,1940,Darrell,12
WY,M,1940,Gordon,12
WY,M,1940,Melvin,12
WY,M,1940,Ray,12
WY,M,1940,Allen,11
WY,M,1940,Dale,11
WY,M,1940,Harry,11
WY,M,1940,Ronnie,11
WY,M,1940,Edwin,10
WY,M,1940,Francis,10
WY,M,1940,Phillip,10
WY,M,1940,Russell,10
WY,M,1940,Billy,9
WY,M,1940,Henry,9
WY,M,1940,Keith,9
WY,M,1940,Leonard,9
WY,M,1940,Leslie,9
WY,M,1940,Lloyd,9
WY,M,1940,Dick,8
WY,M,1940,Earl,8
WY,M,1940,Harold,8
WY,M,1940,Jesse,8
WY,M,1940,Lynn,8
WY,M,1940,Albert,7
WY,M,1940,Bob,7
WY,M,1940,Cecil,7
WY,M,1940,Duane,7
WY,M,1940,Franklin,7
WY,M,1940,Jay,7
WY,M,1940,Kent,7
WY,M,1940,Lee,7
WY,M,1940,Leon,7
WY,M,1940,Leroy,7
WY,M,1940,Louis,7
WY,M,1940,Marvin,7
WY,M,1940,Max,7
WY,M,1940,Wesley,7
WY,M,1940,Andrew,6
WY,M,1940,Dan,6
WY,M,1940,Danny,6
WY,M,1940,Eddie,6
WY,M,1940,Elmer,6
WY,M,1940,Eugene,6
WY,M,1940,Everett,6
WY,M,1940,Floyd,6
WY,M,1940,Gene,6
WY,M,1940,Lyle,6
WY,M,1940,Neil,6
WY,M,1940,Norman,6
WY,M,1940,Sam,6
WY,M,1940,Alvin,5
WY,M,1940,Anthony,5
WY,M,1940,Bobby,5
WY,M,1940,Bruce,5
WY,M,1940,Dallas,5
WY,M,1940,Daniel,5
WY,M,1940,Darwin,5
WY,M,1940,Dean,5
WY,M,1940,Eldon,5
WY,M,1940,Frederick,5
WY,M,1940,Glen,5
WY,M,1940,Glenn,5
WY,M,1940,Jimmie,5
WY,M,1940,Martin,5
WY,M,1940,Steve,5
WY,M,1940,Vernon,5
WY,M,1940,Victor,5
WY,M,1940,Vincent,5
WY,M,1941,Robert,113
WY,M,1941,James,95
WY,M,1941,John,88
WY,M,1941,William,83
WY,M,1941,Gary,77
WY,M,1941,Richard,75
WY,M,1941,David,64
WY,M,1941,Charles,59
WY,M,1941,Larry,58
WY,M,1941,Donald,53
WY,M,1941,Ronald,43
WY,M,1941,Thomas,42
WY,M,1941,Jerry,40
WY,M,1941,George,34
WY,M,1941,Dennis,32
WY,M,1941,Kenneth,29
WY,M,1941,Jim,23
WY,M,1941,Michael,23
WY,M,1941,Frank,22
WY,M,1941,Jack,22
WY,M,1941,Paul,22
WY,M,1941,Wayne,22
WY,M,1941,Edward,21
WY,M,1941,Harry,18
WY,M,1941,Joe,18
WY,M,1941,Joseph,18
WY,M,1941,Raymond,18
WY,M,1941,Bill,17
WY,M,1941,Walter,17
WY,M,1941,Bob,15
WY,M,1941,Lawrence,15
WY,M,1941,Roger,15
WY,M,1941,Gene,14
WY,M,1941,Henry,14
WY,M,1941,Ralph,14
WY,M,1941,Tom,14
WY,M,1941,Carl,13
WY,M,1941,Gerald,13
WY,M,1941,Howard,13
WY,M,1941,Bruce,12
WY,M,1941,Melvin,12
WY,M,1941,Dale,11
WY,M,1941,Fred,11
WY,M,1941,Ray,11
WY,M,1941,Alan,10
WY,M,1941,Albert,10
WY,M,1941,Allen,10
WY,M,1941,Daniel,10
WY,M,1941,Dick,10
WY,M,1941,Leroy,10
WY,M,1941,Mike,10
WY,M,1941,Dean,9
WY,M,1941,Francis,9
WY,M,1941,Johnny,9
WY,M,1941,Keith,9
WY,M,1941,Leonard,9
WY,M,1941,Patrick,9
WY,M,1941,Roy,9
WY,M,1941,Clifford,8
WY,M,1941,Clyde,8
WY,M,1941,Don,8
WY,M,1941,Douglas,8
WY,M,1941,Harold,8
WY,M,1941,Lee,8
WY,M,1941,Marvin,8
WY,M,1941,Tommy,8
WY,M,1941,Allan,7
WY,M,1941,Barry,7
WY,M,1941,Clarence,7
WY,M,1941,Darrell,7
WY,M,1941,Dave,7
WY,M,1941,Earl,7
WY,M,1941,Everett,7
WY,M,1941,Gordon,7
WY,M,1941,Jay,7
WY,M,1941,Leo,7
WY,M,1941,Lloyd,7
WY,M,1941,Russell,7
WY,M,1941,Samuel,7
WY,M,1941,Stanley,7
WY,M,1941,Stephen,7
WY,M,1941,Terry,7
WY,M,1941,Billy,6
WY,M,1941,Danny,6
WY,M,1941,Eddie,6
WY,M,1941,Eugene,6
WY,M,1941,Glen,6
WY,M,1941,Lonnie,6
WY,M,1941,Lynn,6
WY,M,1941,Martin,6
WY,M,1941,Norman,6
WY,M,1941,Rex,6
WY,M,1941,Steve,6
WY,M,1941,Steven,6
WY,M,1941,Bobby,5
WY,M,1941,Dan,5
WY,M,1941,Ernest,5
WY,M,1941,Floyd,5
WY,M,1941,Franklin,5
WY,M,1941,Frederick,5
WY,M,1941,Gilbert,5
WY,M,1941,Glenn,5
WY,M,1941,Jimmy,5
WY,M,1941,Leland,5
WY,M,1941,Leslie,5
WY,M,1941,Loren,5
WY,M,1941,Lyle,5
WY,M,1941,Max,5
WY,M,1941,Philip,5
WY,M,1941,Phillip,5
WY,M,1941,Rodney,5
WY,M,1941,Ronnie,5
WY,M,1941,Theodore,5
WY,M,1941,Warren,5
WY,M,1942,John,138
WY,M,1942,Robert,130
WY,M,1942,James,108
WY,M,1942,William,85
WY,M,1942,Richard,81
WY,M,1942,Larry,74
WY,M,1942,Donald,60
WY,M,1942,Gary,58
WY,M,1942,David,56
WY,M,1942,Charles,51
WY,M,1942,Jerry,45
WY,M,1942,Ronald,44
WY,M,1942,Kenneth,41
WY,M,1942,George,38
WY,M,1942,Jack,34
WY,M,1942,Gerald,32
WY,M,1942,Michael,32
WY,M,1942,Thomas,29
WY,M,1942,Dennis,27
WY,M,1942,Douglas,27
WY,M,1942,Raymond,27
WY,M,1942,Edward,23
WY,M,1942,Jim,22
WY,M,1942,Harold,21
WY,M,1942,Joseph,21
WY,M,1942,Bill,20
WY,M,1942,Joe,20
WY,M,1942,Fred,19
WY,M,1942,Paul,18
WY,M,1942,Mike,16
WY,M,1942,Stanley,16
WY,M,1942,Wayne,16
WY,M,1942,Terry,15
WY,M,1942,Albert,13
WY,M,1942,Carl,13
WY,M,1942,Don,13
WY,M,1942,Frank,13
WY,M,1942,Lawrence,13
WY,M,1942,Lyle,13
WY,M,1942,Roger,13
WY,M,1942,Melvin,12
WY,M,1942,Ray,12
WY,M,1942,Tom,12
WY,M,1942,Alfred,11
WY,M,1942,Dick,11
WY,M,1942,Floyd,11
WY,M,1942,Keith,11
WY,M,1942,Leonard,11
WY,M,1942,Ted,11
WY,M,1942,Arthur,10
WY,M,1942,Bob,10
WY,M,1942,Jimmy,10
WY,M,1942,Lloyd,10
WY,M,1942,Andrew,9
WY,M,1942,Billy,9
WY,M,1942,Clarence,9
WY,M,1942,Marvin,9
WY,M,1942,Norman,9
WY,M,1942,Roy,9
WY,M,1942,Walter,9
WY,M,1942,Dale,8
WY,M,1942,Eddie,8
WY,M,1942,Edwin,8
WY,M,1942,Ernest,8
WY,M,1942,Henry,8
WY,M,1942,Leslie,8
WY,M,1942,Ronnie,8
WY,M,1942,Russell,8
WY,M,1942,Bobby,7
WY,M,1942,Clifford,7
WY,M,1942,Dan,7
WY,M,1942,Francis,7
WY,M,1942,Gene,7
WY,M,1942,Harry,7
WY,M,1942,Howard,7
WY,M,1942,Kent,7
WY,M,1942,Leroy,7
WY,M,1942,Patrick,7
WY,M,1942,Ron,7
WY,M,1942,Rudy,7
WY,M,1942,Stephen,7
WY,M,1942,Steve,7
WY,M,1942,Steven,7
WY,M,1942,Tommy,7
WY,M,1942,Tony,7
WY,M,1942,Alan,6
WY,M,1942,Anthony,6
WY,M,1942,Daniel,6
WY,M,1942,Eldon,6
WY,M,1942,Elmer,6
WY,M,1942,Eugene,6
WY,M,1942,Franklin,6
WY,M,1942,Glen,6
WY,M,1942,Glenn,6
WY,M,1942,Gregory,6
WY,M,1942,Jesse,6
WY,M,1942,Lee,6
WY,M,1942,Loren,6
WY,M,1942,Ralph,6
WY,M,1942,Rex,6
WY,M,1942,Rodney,6
WY,M,1942,Allen,5
WY,M,1942,Ben,5
WY,M,1942,Danny,5
WY,M,1942,Earl,5
WY,M,1942,Harvey,5
WY,M,1942,Jerald,5
WY,M,1942,Louis,5
WY,M,1942,Pete,5
WY,M,1942,Vernon,5
WY,M,1942,Victor,5
WY,M,1943,John,128
WY,M,1943,Robert,128
WY,M,1943,James,124
WY,M,1943,Richard,83
WY,M,1943,David,76
WY,M,1943,William,71
WY,M,1943,Ronald,65
WY,M,1943,Larry,58
WY,M,1943,Charles,56
WY,M,1943,Donald,56
WY,M,1943,Gary,52
WY,M,1943,Jerry,49
WY,M,1943,Thomas,46
WY,M,1943,Kenneth,38
WY,M,1943,George,37
WY,M,1943,Dennis,34
WY,M,1943,Jim,29
WY,M,1943,Michael,27
WY,M,1943,Raymond,25
WY,M,1943,Paul,24
WY,M,1943,Daniel,23
WY,M,1943,Edward,23
WY,M,1943,Jack,22
WY,M,1943,Bill,21
WY,M,1943,Frank,21
WY,M,1943,Roger,21
WY,M,1943,Ralph,20
WY,M,1943,Dale,18
WY,M,1943,Wayne,18
WY,M,1943,Carl,16
WY,M,1943,Joe,16
WY,M,1943,Lawrence,16
WY,M,1943,Ray,16
WY,M,1943,Terry,16
WY,M,1943,Eugene,15
WY,M,1943,Floyd,15
WY,M,1943,Fred,15
WY,M,1943,Mike,15
WY,M,1943,Tommy,15
WY,M,1943,Albert,14
WY,M,1943,Bob,14
WY,M,1943,Douglas,14
WY,M,1943,Earl,14
WY,M,1943,Leonard,14
WY,M,1943,Harold,13
WY,M,1943,Henry,13
WY,M,1943,Howard,13
WY,M,1943,Walter,13
WY,M,1943,Clifford,12
WY,M,1943,Gerald,12
WY,M,1943,Keith,12
WY,M,1943,Roy,12
WY,M,1943,Billy,11
WY,M,1943,Danny,11
WY,M,1943,Ernest,11
WY,M,1943,Marvin,11
WY,M,1943,Gene,10
WY,M,1943,Glenn,10
WY,M,1943,Joseph,10
WY,M,1943,Mark,10
WY,M,1943,Rodney,10
WY,M,1943,Stephen,10
WY,M,1943,Bruce,9
WY,M,1943,Dick,9
WY,M,1943,Johnny,9
WY,M,1943,Lee,9
WY,M,1943,Ronnie,9
WY,M,1943,Tom,9
WY,M,1943,Clyde,8
WY,M,1943,Don,8
WY,M,1943,Eddie,8
WY,M,1943,Gordon,8
WY,M,1943,Leroy,8
WY,M,1943,Melvin,8
WY,M,1943,Philip,8
WY,M,1943,Steven,8
WY,M,1943,Darrel,7
WY,M,1943,Dean,7
WY,M,1943,Glen,7
WY,M,1943,Norman,7
WY,M,1943,Russell,7
WY,M,1943,Stanley,7
WY,M,1943,Steve,7
WY,M,1943,Ted,7
WY,M,1943,Alan,6
WY,M,1943,Alfred,6
WY,M,1943,Barry,6
WY,M,1943,Bernard,6
WY,M,1943,Clarence,6
WY,M,1943,Francis,6
WY,M,1943,Jimmy,6
WY,M,1943,Lyle,6
WY,M,1943,Lynn,6
WY,M,1943,Neil,6
WY,M,1943,Patrick,6
WY,M,1943,Victor,6
WY,M,1943,Warren,6
WY,M,1943,Allen,5
WY,M,1943,Alvin,5
WY,M,1943,Arthur,5
WY,M,1943,Dave,5
WY,M,1943,Edwin,5
WY,M,1943,Harvey,5
WY,M,1943,Jesse,5
WY,M,1943,Kent,5
WY,M,1943,Leland,5
WY,M,1943,Lewis,5
WY,M,1943,Louis,5
WY,M,1943,Phillip,5
WY,M,1943,Roland,5
WY,M,1943,Theodore,5
WY,M,1943,Wesley,5
WY,M,1944,Robert,140
WY,M,1944,John,132
WY,M,1944,James,115
WY,M,1944,William,93
WY,M,1944,Richard,80
WY,M,1944,Charles,67
WY,M,1944,David,60
WY,M,1944,Gary,57
WY,M,1944,Jerry,55
WY,M,1944,Donald,54
WY,M,1944,Ronald,51
WY,M,1944,Larry,50
WY,M,1944,Kenneth,48
WY,M,1944,George,47
WY,M,1944,Dennis,46
WY,M,1944,Thomas,45
WY,M,1944,Michael,44
WY,M,1944,Jack,31
WY,M,1944,Roger,28
WY,M,1944,Joe,25
WY,M,1944,Joseph,25
WY,M,1944,Edward,24
WY,M,1944,Harold,23
WY,M,1944,Bob,22
WY,M,1944,Jim,22
WY,M,1944,Don,21
WY,M,1944,Paul,21
WY,M,1944,Frank,19
WY,M,1944,Fred,18
WY,M,1944,Tom,18
WY,M,1944,Terry,17
WY,M,1944,Gerald,16
WY,M,1944,Glen,16
WY,M,1944,Raymond,16
WY,M,1944,Bill,15
WY,M,1944,Carl,15
WY,M,1944,Wayne,15
WY,M,1944,Dale,14
WY,M,1944,Ray,14
WY,M,1944,Walter,14
WY,M,1944,Melvin,13
WY,M,1944,Ralph,13
WY,M,1944,Stephen,13
WY,M,1944,Alan,12
WY,M,1944,Albert,12
WY,M,1944,Harry,12
WY,M,1944,Keith,12
WY,M,1944,Daniel,11
WY,M,1944,Lawrence,11
WY,M,1944,Leroy,11
WY,M,1944,Roy,11
WY,M,1944,Stanley,11
WY,M,1944,Eugene,10
WY,M,1944,Francis,10
WY,M,1944,Norman,10
WY,M,1944,Earl,9
WY,M,1944,Gordon,9
WY,M,1944,Jimmie,9
WY,M,1944,Jimmy,9
WY,M,1944,Jon,9
WY,M,1944,Russell,9
WY,M,1944,Steven,9
WY,M,1944,Alfred,8
WY,M,1944,Bruce,8
WY,M,1944,Danny,8
WY,M,1944,Dean,8
WY,M,1944,Douglas,8
WY,M,1944,Edwin,8
WY,M,1944,Kent,8
WY,M,1944,Leo,8
WY,M,1944,Mike,8
WY,M,1944,Arthur,7
WY,M,1944,Barry,7
WY,M,1944,Clarence,7
WY,M,1944,Glenn,7
WY,M,1944,Henry,7
WY,M,1944,Johnny,7
WY,M,1944,Patrick,7
WY,M,1944,Peter,7
WY,M,1944,Philip,7
WY,M,1944,Rodney,7
WY,M,1944,Tony,7
WY,M,1944,Delbert,6
WY,M,1944,Duane,6
WY,M,1944,Ernest,6
WY,M,1944,Frederick,6
WY,M,1944,Gene,6
WY,M,1944,Lee,6
WY,M,1944,Scott,6
WY,M,1944,Ted,6
WY,M,1944,Tim,6
WY,M,1944,Bert,5
WY,M,1944,Billy,5
WY,M,1944,Dan,5
WY,M,1944,Darrell,5
WY,M,1944,Dick,5
WY,M,1944,Floyd,5
WY,M,1944,Gilbert,5
WY,M,1944,Howard,5
WY,M,1944,Jay,5
WY,M,1944,Lloyd,5
WY,M,1944,Marvin,5
WY,M,1944,Pat,5
WY,M,1944,Phillip,5
WY,M,1944,Steve,5
WY,M,1944,Timothy,5
WY,M,1944,Tommy,5
WY,M,1944,Victor,5
WY,M,1945,Robert,128
WY,M,1945,John,122
WY,M,1945,James,104
WY,M,1945,Richard,96
WY,M,1945,William,71
WY,M,1945,David,66
WY,M,1945,Larry,64
WY,M,1945,Donald,63
WY,M,1945,Gary,61
WY,M,1945,Charles,54
WY,M,1945,Ronald,49
WY,M,1945,Dennis,45
WY,M,1945,Kenneth,42
WY,M,1945,Michael,42
WY,M,1945,Thomas,40
WY,M,1945,Paul,32
WY,M,1945,Bill,27
WY,M,1945,Jack,27
WY,M,1945,Edward,26
WY,M,1945,George,26
WY,M,1945,Frank,25
WY,M,1945,Jerry,25
WY,M,1945,Roger,25
WY,M,1945,Terry,22
WY,M,1945,Gerald,19
WY,M,1945,Don,18
WY,M,1945,Joseph,18
WY,M,1945,Tom,18
WY,M,1945,Douglas,17
WY,M,1945,Jim,17
WY,M,1945,Arthur,16
WY,M,1945,Raymond,16
WY,M,1945,Joe,15
WY,M,1945,Bruce,14
WY,M,1945,Leonard,14
WY,M,1945,Carl,13
WY,M,1945,Fred,13
WY,M,1945,Melvin,13
WY,M,1945,Stanley,12
WY,M,1945,Steven,12
WY,M,1945,Wayne,12
WY,M,1945,Alan,11
WY,M,1945,Eugene,11
WY,M,1945,Jon,11
WY,M,1945,Lawrence,11
WY,M,1945,Leroy,11
WY,M,1945,Bob,10
WY,M,1945,Dale,10
WY,M,1945,Dan,10
WY,M,1945,Daniel,10
WY,M,1945,Harold,10
WY,M,1945,Harry,10
WY,M,1945,Johnny,10
WY,M,1945,Peter,10
WY,M,1945,Ralph,10
WY,M,1945,Timothy,10
WY,M,1945,Allen,9
WY,M,1945,Dick,9
WY,M,1945,Henry,9
WY,M,1945,Keith,9
WY,M,1945,Mike,9
WY,M,1945,Norman,9
WY,M,1945,Patrick,9
WY,M,1945,Rodney,9
WY,M,1945,Ronnie,9
WY,M,1945,Albert,8
WY,M,1945,Billy,8
WY,M,1945,Clifford,8
WY,M,1945,Howard,8
WY,M,1945,Leslie,8
WY,M,1945,Marvin,8
WY,M,1945,Russell,8
WY,M,1945,Steve,8
WY,M,1945,Tommy,8
WY,M,1945,Craig,7
WY,M,1945,Darrell,7
WY,M,1945,Edwin,7
WY,M,1945,Ernest,7
WY,M,1945,Glen,7
WY,M,1945,Jimmy,7
WY,M,1945,Lloyd,7
WY,M,1945,Samuel,7
WY,M,1945,Victor,7
WY,M,1945,Bernard,6
WY,M,1945,Duane,6
WY,M,1945,Eddie,6
WY,M,1945,Gene,6
WY,M,1945,Glenn,6
WY,M,1945,Gordon,6
WY,M,1945,Jay,6
WY,M,1945,Lyle,6
WY,M,1945,Mark,6
WY,M,1945,Phillip,6
WY,M,1945,Ray,6
WY,M,1945,Roy,6
WY,M,1945,Ted,6
WY,M,1945,Tony,6
WY,M,1945,Walter,6
WY,M,1945,Wesley,6
WY,M,1945,Andrew,5
WY,M,1945,Anthony,5
WY,M,1945,Danny,5
WY,M,1945,Dave,5
WY,M,1945,Dean,5
WY,M,1945,Frederick,5
WY,M,1945,Gilbert,5
WY,M,1945,Jerome,5
WY,M,1945,Lewis,5
WY,M,1945,Ron,5
WY,M,1945,Stephen,5
WY,M,1946,James,148
WY,M,1946,Robert,144
WY,M,1946,John,141
WY,M,1946,Richard,107
WY,M,1946,David,90
WY,M,1946,William,83
WY,M,1946,Gary,80
WY,M,1946,Michael,69
WY,M,1946,Larry,62
WY,M,1946,Charles,57
WY,M,1946,Ronald,57
WY,M,1946,Thomas,51
WY,M,1946,Jerry,45
WY,M,1946,Dennis,44
WY,M,1946,Donald,44
WY,M,1946,Kenneth,43
WY,M,1946,George,39
WY,M,1946,Terry,33
WY,M,1946,Paul,29
WY,M,1946,Edward,22
WY,M,1946,Jim,22
WY,M,1946,Roger,22
WY,M,1946,Douglas,21
WY,M,1946,Joseph,21
WY,M,1946,Daniel,20
WY,M,1946,Jack,20
WY,M,1946,Joe,20
WY,M,1946,Frank,19
WY,M,1946,Raymond,19
WY,M,1946,Bill,18
WY,M,1946,Steven,18
WY,M,1946,Dale,17
WY,M,1946,Mike,17
WY,M,1946,Tom,17
WY,M,1946,Wayne,17
WY,M,1946,Lawrence,16
WY,M,1946,Stephen,16
WY,M,1946,Alan,14
WY,M,1946,Danny,14
WY,M,1946,Ernest,14
WY,M,1946,Gerald,14
WY,M,1946,Keith,14
WY,M,1946,Leonard,14
WY,M,1946,Timothy,14
WY,M,1946,Bruce,13
WY,M,1946,Harold,13
WY,M,1946,Roy,13
WY,M,1946,Johnny,12
WY,M,1946,Marvin,12
WY,M,1946,Patrick,12
WY,M,1946,Russell,12
WY,M,1946,Billy,11
WY,M,1946,Bob,11
WY,M,1946,Carl,11
WY,M,1946,Dean,11
WY,M,1946,Don,11
WY,M,1946,Jimmy,11
WY,M,1946,Kent,11
WY,M,1946,Lee,11
WY,M,1946,Lyle,11
WY,M,1946,Norman,11
WY,M,1946,Rodney,11
WY,M,1946,Allen,10
WY,M,1946,Dan,10
WY,M,1946,Fred,10
WY,M,1946,Henry,10
WY,M,1946,Jay,10
WY,M,1946,Jon,10
WY,M,1946,Ralph,10
WY,M,1946,Eddie,9
WY,M,1946,Glenn,9
WY,M,1946,Stanley,9
WY,M,1946,Anthony,8
WY,M,1946,Clifford,8
WY,M,1946,Floyd,8
WY,M,1946,Leroy,8
WY,M,1946,Philip,8
WY,M,1946,Steve,8
WY,M,1946,Edwin,7
WY,M,1946,Glen,7
WY,M,1946,Herbert,7
WY,M,1946,Mark,7
WY,M,1946,Ray,7
WY,M,1946,Rick,7
WY,M,1946,Ronnie,7
WY,M,1946,Wesley,7
WY,M,1946,Curtis,6
WY,M,1946,Martin,6
WY,M,1946,Ted,6
WY,M,1946,Theodore,6
WY,M,1946,Tommy,6
WY,M,1946,Vernon,6
WY,M,1946,Victor,6
WY,M,1946,Walter,6
WY,M,1946,Arthur,5
WY,M,1946,Clarence,5
WY,M,1946,Craig,5
WY,M,1946,Darrell,5
WY,M,1946,Dick,5
WY,M,1946,Duane,5
WY,M,1946,Earl,5
WY,M,1946,Gene,5
WY,M,1946,Gregory,5
WY,M,1946,Harry,5
WY,M,1946,Howard,5
WY,M,1946,Jesse,5
WY,M,1946,Joel,5
WY,M,1946,Johnnie,5
WY,M,1946,Lewis,5
WY,M,1946,Lonnie,5
WY,M,1946,Louis,5
WY,M,1946,Manuel,5
WY,M,1946,Rex,5
WY,M,1946,Ron,5
WY,M,1946,Tony,5
WY,M,1946,Virgil,5
WY,M,1946,Willie,5
WY,M,1947,Robert,164
WY,M,1947,John,163
WY,M,1947,James,152
WY,M,1947,Richard,125
WY,M,1947,William,122
WY,M,1947,David,118
WY,M,1947,Michael,84
WY,M,1947,Dennis,78
WY,M,1947,Larry,75
WY,M,1947,Gary,71
WY,M,1947,Ronald,70
WY,M,1947,Donald,65
WY,M,1947,Charles,56
WY,M,1947,Thomas,47
WY,M,1947,Kenneth,45
WY,M,1947,Jerry,44
WY,M,1947,George,43
WY,M,1947,Edward,36
WY,M,1947,Terry,34
WY,M,1947,Paul,33
WY,M,1947,Steven,30
WY,M,1947,Frank,28
WY,M,1947,Stephen,26
WY,M,1947,Daniel,25
WY,M,1947,Joseph,25
WY,M,1947,Wayne,24
WY,M,1947,Gerald,23
WY,M,1947,Jack,23
WY,M,1947,Joe,23
WY,M,1947,Raymond,23
WY,M,1947,Jim,21
WY,M,1947,Phillip,21
WY,M,1947,Alan,19
WY,M,1947,Harold,19
WY,M,1947,Roger,18
WY,M,1947,Dale,17
WY,M,1947,Danny,17
WY,M,1947,Douglas,17
WY,M,1947,Lawrence,17
WY,M,1947,Mike,17
WY,M,1947,Bruce,16
WY,M,1947,Carl,16
WY,M,1947,Dan,16
WY,M,1947,Fred,16
WY,M,1947,Jimmy,16
WY,M,1947,Ralph,16
WY,M,1947,Roy,16
WY,M,1947,Timothy,16
WY,M,1947,Tommy,16
WY,M,1947,Leonard,15
WY,M,1947,Tom,15
WY,M,1947,Tony,15
WY,M,1947,Billy,14
WY,M,1947,Patrick,14
WY,M,1947,Bob,13
WY,M,1947,Ernest,13
WY,M,1947,Howard,13
WY,M,1947,Jay,13
WY,M,1947,Rodney,13
WY,M,1947,Russell,13
WY,M,1947,Glenn,12
WY,M,1947,Melvin,12
WY,M,1947,Steve,12
WY,M,1947,Bill,11
WY,M,1947,Eddie,11
WY,M,1947,Norman,11
WY,M,1947,Randy,11
WY,M,1947,Brian,10
WY,M,1947,Dick,10
WY,M,1947,Eugene,10
WY,M,1947,Gene,10
WY,M,1947,Mark,10
WY,M,1947,Philip,10
WY,M,1947,Stanley,10
WY,M,1947,Warren,10
WY,M,1947,Barry,9
WY,M,1947,Gregory,9
WY,M,1947,Harry,9
WY,M,1947,Henry,9
WY,M,1947,Johnny,9
WY,M,1947,Lee,9
WY,M,1947,Ron,9
WY,M,1947,Glen,8
WY,M,1947,Gordon,8
WY,M,1947,Keith,8
WY,M,1947,Leroy,8
WY,M,1947,Walter,8
WY,M,1947,Allen,7
WY,M,1947,Anthony,7
WY,M,1947,Craig,7
WY,M,1947,Don,7
WY,M,1947,Edwin,7
WY,M,1947,Floyd,7
WY,M,1947,Jon,7
WY,M,1947,Louis,7
WY,M,1947,Lynn,7
WY,M,1947,Marvin,7
WY,M,1947,Ray,7
WY,M,1947,Tim,7
WY,M,1947,Vernon,7
WY,M,1947,Albert,6
WY,M,1947,Chester,6
WY,M,1947,Dave,6
WY,M,1947,Leo,6
WY,M,1947,Lyle,6
WY,M,1947,Randall,6
WY,M,1947,Ronnie,6
WY,M,1947,Scott,6
WY,M,1947,Arthur,5
WY,M,1947,Brent,5
WY,M,1947,Clark,5
WY,M,1947,Claude,5
WY,M,1947,Clifford,5
WY,M,1947,Daryl,5
WY,M,1947,Earl,5
WY,M,1947,Harvey,5
WY,M,1947,Hugh,5
WY,M,1947,Jeffrey,5
WY,M,1947,Joel,5
WY,M,1947,Martin,5
WY,M,1947,Peter,5
WY,M,1947,Ted,5
WY,M,1947,Wesley,5
WY,M,1948,John,175
WY,M,1948,Robert,175
WY,M,1948,James,139
WY,M,1948,David,114
WY,M,1948,William,111
WY,M,1948,Richard,104
WY,M,1948,Michael,82
WY,M,1948,Ronald,75
WY,M,1948,Larry,73
WY,M,1948,Thomas,71
WY,M,1948,Gary,69
WY,M,1948,Charles,67
WY,M,1948,Dennis,61
WY,M,1948,Donald,58
WY,M,1948,Kenneth,53
WY,M,1948,Jerry,50
WY,M,1948,Paul,37
WY,M,1948,Steven,35
WY,M,1948,George,34
WY,M,1948,Edward,33
WY,M,1948,Terry,31
WY,M,1948,Bruce,28
WY,M,1948,Mike,28
WY,M,1948,Joe,25
WY,M,1948,Roger,25
WY,M,1948,Danny,24
WY,M,1948,Dale,22
WY,M,1948,Joseph,21
WY,M,1948,Patrick,21
WY,M,1948,Raymond,21
WY,M,1948,Stephen,21
WY,M,1948,Tom,21
WY,M,1948,Walter,21
WY,M,1948,Daniel,20
WY,M,1948,Douglas,20
WY,M,1948,Gregory,20
WY,M,1948,Jack,20
WY,M,1948,Steve,20
WY,M,1948,Jim,18
WY,M,1948,Mark,18
WY,M,1948,Bill,17
WY,M,1948,Gerald,17
WY,M,1948,Wayne,17
WY,M,1948,Dan,15
WY,M,1948,Fred,15
WY,M,1948,Randy,15
WY,M,1948,Don,14
WY,M,1948,Frank,14
WY,M,1948,Johnny,14
WY,M,1948,Louis,14
WY,M,1948,Stanley,14
WY,M,1948,Craig,13
WY,M,1948,Roy,13
WY,M,1948,Russell,13
WY,M,1948,Carl,12
WY,M,1948,Bob,11
WY,M,1948,Harry,11
WY,M,1948,Howard,11
WY,M,1948,Martin,11
WY,M,1948,Timothy,11
WY,M,1948,Alan,10
WY,M,1948,Albert,10
WY,M,1948,Harold,10
WY,M,1948,Henry,10
WY,M,1948,Keith,10
WY,M,1948,Lawrence,10
WY,M,1948,Marvin,10
WY,M,1948,Tommy,10
WY,M,1948,Warren,10
WY,M,1948,Earl,9
WY,M,1948,Lyle,9
WY,M,1948,Norman,9
WY,M,1948,Philip,9
WY,M,1948,Rodney,9
WY,M,1948,Allen,8
WY,M,1948,Barry,8
WY,M,1948,Christopher,8
WY,M,1948,Eddie,8
WY,M,1948,Eugene,8
WY,M,1948,Jimmy,8
WY,M,1948,Kent,8
WY,M,1948,Lee,8
WY,M,1948,Leroy,8
WY,M,1948,Ralph,8
WY,M,1948,Ronnie,8
WY,M,1948,Tony,8
WY,M,1948,Vernon,8
WY,M,1948,Wesley,8
WY,M,1948,Benjamin,7
WY,M,1948,Floyd,7
WY,M,1948,Jay,7
WY,M,1948,Jeffrey,7
WY,M,1948,Jon,7
WY,M,1948,Leonard,7
WY,M,1948,Lloyd,7
WY,M,1948,Lonnie,7
WY,M,1948,Lynn,7
WY,M,1948,Peter,7
WY,M,1948,Ray,7
WY,M,1948,Alfred,6
WY,M,1948,Edwin,6
WY,M,1948,Francis,6
WY,M,1948,Fredrick,6
WY,M,1948,Glen,6
WY,M,1948,Glenn,6
WY,M,1948,Gordon,6
WY,M,1948,Harvey,6
WY,M,1948,Phillip,6
WY,M,1948,Randall,6
WY,M,1948,Samuel,6
WY,M,1948,Victor,6
WY,M,1948,Alvin,5
WY,M,1948,Andrew,5
WY,M,1948,Arthur,5
WY,M,1948,Bobby,5
WY,M,1948,Dave,5
WY,M,1948,Dean,5
WY,M,1948,Dwight,5
WY,M,1948,Frederick,5
WY,M,1948,Gilbert,5
WY,M,1948,Jackie,5
WY,M,1948,Kirk,5
WY,M,1948,Maurice,5
WY,M,1948,Melvin,5
WY,M,1948,Neil,5
WY,M,1948,Owen,5
WY,M,1948,Rick,5
WY,M,1948,Sam,5
WY,M,1948,Ted,5
WY,M,1948,Theodore,5
WY,M,1948,Vincent,5
WY,M,1949,Robert,156
WY,M,1949,John,155
WY,M,1949,James,150
WY,M,1949,Richard,137
WY,M,1949,Michael,129
WY,M,1949,William,128
WY,M,1949,David,108
WY,M,1949,Gary,70
WY,M,1949,Thomas,70
WY,M,1949,Donald,68
WY,M,1949,Larry,64
WY,M,1949,Charles,63
WY,M,1949,Ronald,61
WY,M,1949,Kenneth,60
WY,M,1949,George,54
WY,M,1949,Dennis,46
WY,M,1949,Jack,42
WY,M,1949,Jerry,42
WY,M,1949,Steven,40
WY,M,1949,Terry,38
WY,M,1949,Daniel,35
WY,M,1949,Edward,35
WY,M,1949,Bruce,34
WY,M,1949,Paul,34
WY,M,1949,Stephen,30
WY,M,1949,Joseph,29
WY,M,1949,Mark,29
WY,M,1949,Patrick,29
WY,M,1949,Roger,28
WY,M,1949,Raymond,25
WY,M,1949,Danny,24
WY,M,1949,Douglas,23
WY,M,1949,Roy,23
WY,M,1949,Dale,21
WY,M,1949,Gregory,20
WY,M,1949,Steve,20
WY,M,1949,Frank,19
WY,M,1949,Bill,18
WY,M,1949,Timothy,18
WY,M,1949,Gerald,17
WY,M,1949,Joe,17
WY,M,1949,Lawrence,16
WY,M,1949,Mike,16
WY,M,1949,Stanley,16
WY,M,1949,Tom,16
WY,M,1949,Craig,15
WY,M,1949,Phillip,15
WY,M,1949,Walter,15
WY,M,1949,Alan,14
WY,M,1949,Carl,14
WY,M,1949,Dan,14
WY,M,1949,Arthur,13
WY,M,1949,Fred,13
WY,M,1949,Russell,13
WY,M,1949,Darrell,12
WY,M,1949,Harold,12
WY,M,1949,Henry,12
WY,M,1949,Don,11
WY,M,1949,Gene,11
WY,M,1949,Harry,11
WY,M,1949,Johnny,11
WY,M,1949,Wayne,11
WY,M,1949,Allen,10
WY,M,1949,Alvin,10
WY,M,1949,Anthony,10
WY,M,1949,Curtis,10
WY,M,1949,Dean,10
WY,M,1949,Jim,10
WY,M,1949,Jon,10
WY,M,1949,Keith,10
WY,M,1949,Leonard,10
WY,M,1949,Louis,10
WY,M,1949,Martin,10
WY,M,1949,Ralph,10
WY,M,1949,Randy,10
WY,M,1949,Ricky,10
WY,M,1949,Rodney,10
WY,M,1949,Bob,9
WY,M,1949,Christopher,9
WY,M,1949,Earl,9
WY,M,1949,Frederick,9
WY,M,1949,Jimmy,9
WY,M,1949,Melvin,9
WY,M,1949,Ray,9
WY,M,1949,Rick,9
WY,M,1949,Eddie,8
WY,M,1949,Ernest,8
WY,M,1949,Jay,8
WY,M,1949,Lee,8
WY,M,1949,Ted,8
WY,M,1949,Albert,7
WY,M,1949,Clifford,7
WY,M,1949,Edwin,7
WY,M,1949,Howard,7
WY,M,1949,Jeffrey,7
WY,M,1949,Kevin,7
WY,M,1949,Micheal,7
WY,M,1949,Philip,7
WY,M,1949,Randall,7
WY,M,1949,Andrew,6
WY,M,1949,Duane,6
WY,M,1949,Floyd,6
WY,M,1949,Gilbert,6
WY,M,1949,Kelly,6
WY,M,1949,Leslie,6
WY,M,1949,Lloyd,6
WY,M,1949,Lonnie,6
WY,M,1949,Lynn,6
WY,M,1949,Ron,6
WY,M,1949,Allan,5
WY,M,1949,Benjamin,5
WY,M,1949,Bernard,5
WY,M,1949,Billy,5
WY,M,1949,Clarence,5
WY,M,1949,Clyde,5
WY,M,1949,Dave,5
WY,M,1949,Dwight,5
WY,M,1949,Francis,5
WY,M,1949,Garry,5
WY,M,1949,Glen,5
WY,M,1949,Glenn,5
WY,M,1949,Jeff,5
WY,M,1949,Kent,5
WY,M,1949,Marvin,5
WY,M,1949,Mickey,5
WY,M,1949,Milton,5
WY,M,1949,Nick,5
WY,M,1949,Norman,5
WY,M,1949,Peter,5
WY,M,1949,Ronnie,5
WY,M,1949,Tommy,5
WY,M,1949,Tony,5
WY,M,1949,Wesley,5
WY,M,1950,John,165
WY,M,1950,James,152
WY,M,1950,Robert,149
WY,M,1950,David,129
WY,M,1950,Michael,120
WY,M,1950,Richard,107
WY,M,1950,William,102
WY,M,1950,Charles,78
WY,M,1950,Larry,74
WY,M,1950,Gary,70
WY,M,1950,Thomas,69
WY,M,1950,Steven,64
WY,M,1950,Kenneth,62
WY,M,1950,Ronald,61
WY,M,1950,Donald,53
WY,M,1950,Dennis,50
WY,M,1950,George,41
WY,M,1950,Daniel,40
WY,M,1950,Jerry,37
WY,M,1950,Mark,37
WY,M,1950,Stephen,36
WY,M,1950,Bruce,31
WY,M,1950,Terry,31
WY,M,1950,Patrick,28
WY,M,1950,Jack,27
WY,M,1950,Paul,27
WY,M,1950,Joseph,26
WY,M,1950,Douglas,24
WY,M,1950,Raymond,24
WY,M,1950,Danny,23
WY,M,1950,Gerald,23
WY,M,1950,Edward,22
WY,M,1950,Randy,22
WY,M,1950,Wayne,21
WY,M,1950,Dale,20
WY,M,1950,Frank,20
WY,M,1950,Fred,20
WY,M,1950,Alan,19
WY,M,1950,Lawrence,19
WY,M,1950,Scott,19
WY,M,1950,Carl,18
WY,M,1950,Leonard,18
WY,M,1950,Roger,18
WY,M,1950,Roy,18
WY,M,1950,Timothy,18
WY,M,1950,Edwin,16
WY,M,1950,Jim,15
WY,M,1950,Randall,15
WY,M,1950,Mike,14
WY,M,1950,Craig,13
WY,M,1950,Gregory,13
WY,M,1950,Harold,13
WY,M,1950,Joe,13
WY,M,1950,Keith,13
WY,M,1950,Rodney,13
WY,M,1950,Bill,12
WY,M,1950,Dan,12
WY,M,1950,Kirk,12
WY,M,1950,Ralph,12
WY,M,1950,Samuel,12
WY,M,1950,Walter,12
WY,M,1950,Anthony,11
WY,M,1950,Arthur,11
WY,M,1950,Dean,11
WY,M,1950,Don,11
WY,M,1950,Jeffrey,11
WY,M,1950,Micheal,11
WY,M,1950,Barry,10
WY,M,1950,Gene,10
WY,M,1950,Jay,10
WY,M,1950,Louis,10
WY,M,1950,Martin,10
WY,M,1950,Philip,10
WY,M,1950,Russell,10
WY,M,1950,Albert,9
WY,M,1950,Bob,9
WY,M,1950,Chris,9
WY,M,1950,Eugene,9
WY,M,1950,Henry,9
WY,M,1950,Howard,9
WY,M,1950,Phillip,9
WY,M,1950,Allen,8
WY,M,1950,Gordon,8
WY,M,1950,Kelly,8
WY,M,1950,Kent,8
WY,M,1950,Leroy,8
WY,M,1950,Lloyd,8
WY,M,1950,Lynn,8
WY,M,1950,Peter,8
WY,M,1950,Tony,8
WY,M,1950,Clifford,7
WY,M,1950,Duane,7
WY,M,1950,Dwight,7
WY,M,1950,Earl,7
WY,M,1950,Francis,7
WY,M,1950,Franklin,7
WY,M,1950,Harry,7
WY,M,1950,Jon,7
WY,M,1950,Kerry,7
WY,M,1950,Kevin,7
WY,M,1950,Ray,7
WY,M,1950,Ricky,7
WY,M,1950,Steve,7
WY,M,1950,Ted,7
WY,M,1950,Allan,6
WY,M,1950,Billy,6
WY,M,1950,Clyde,6
WY,M,1950,Eddie,6
WY,M,1950,Ernest,6
WY,M,1950,Jimmy,6
WY,M,1950,Kim,6
WY,M,1950,Lee,6
WY,M,1950,Leslie,6
WY,M,1950,Lewis,6
WY,M,1950,Lonnie,6
WY,M,1950,Max,6
WY,M,1950,Milton,6
WY,M,1950,Rick,6
WY,M,1950,Ronnie,6
WY,M,1950,Stanley,6
WY,M,1950,Tom,6
WY,M,1950,Wesley,6
WY,M,1950,Andy,5
WY,M,1950,Clarence,5
WY,M,1950,Dee,5
WY,M,1950,Everett,5
WY,M,1950,Glen,5
WY,M,1950,Greg,5
WY,M,1950,Johnny,5
WY,M,1950,Neil,5
WY,M,1950,Norman,5
WY,M,1950,Perry,5
WY,M,1950,Stuart,5
WY,M,1950,Theodore,5
WY,M,1950,Warren,5
WY,M,1951,Robert,180
WY,M,1951,John,178
WY,M,1951,James,163
WY,M,1951,Michael,151
WY,M,1951,William,128
WY,M,1951,David,125
WY,M,1951,Richard,120
WY,M,1951,Charles,93
WY,M,1951,Thomas,87
WY,M,1951,Gary,84
WY,M,1951,Ronald,71
WY,M,1951,Steven,70
WY,M,1951,Donald,60
WY,M,1951,Daniel,54
WY,M,1951,Kenneth,47
WY,M,1951,Larry,45
WY,M,1951,Joseph,44
WY,M,1951,Paul,44
WY,M,1951,Jerry,41
WY,M,1951,Stephen,41
WY,M,1951,Dennis,39
WY,M,1951,Edward,39
WY,M,1951,Bruce,37
WY,M,1951,Gregory,34
WY,M,1951,Mark,34
WY,M,1951,Terry,33
WY,M,1951,George,31
WY,M,1951,Patrick,31
WY,M,1951,Wayne,31
WY,M,1951,Randy,30
WY,M,1951,Timothy,30
WY,M,1951,Douglas,29
WY,M,1951,Jack,29
WY,M,1951,Gerald,25
WY,M,1951,Frank,23
WY,M,1951,Dale,22
WY,M,1951,Roger,22
WY,M,1951,Danny,20
WY,M,1951,Roy,20
WY,M,1951,Lawrence,19
WY,M,1951,Allen,18
WY,M,1951,Randall,18
WY,M,1951,Carl,17
WY,M,1951,Walter,17
WY,M,1951,Alan,15
WY,M,1951,Frederick,14
WY,M,1951,Jeffrey,14
WY,M,1951,Kevin,14
WY,M,1951,Micheal,14
WY,M,1951,Ralph,14
WY,M,1951,Craig,13
WY,M,1951,Harold,13
WY,M,1951,Joe,13
WY,M,1951,Keith,13
WY,M,1951,Russell,13
WY,M,1951,Ernest,12
WY,M,1951,Glenn,12
WY,M,1951,Raymond,12
WY,M,1951,Samuel,12
WY,M,1951,Dean,11
WY,M,1951,Edwin,11
WY,M,1951,Gene,11
WY,M,1951,Howard,11
WY,M,1951,Jay,11
WY,M,1951,Kim,11
WY,M,1951,Phillip,11
WY,M,1951,Rodney,11
WY,M,1951,Scott,11
WY,M,1951,Bradley,10
WY,M,1951,Clarence,10
WY,M,1951,Dan,10
WY,M,1951,Lance,10
WY,M,1951,Lee,10
WY,M,1951,Mike,10
WY,M,1951,Peter,10
WY,M,1951,Rex,10
WY,M,1951,Andrew,9
WY,M,1951,Brian,9
WY,M,1951,Christopher,9
WY,M,1951,Earl,9
WY,M,1951,Eugene,9
WY,M,1951,Harry,9
WY,M,1951,Henry,9
WY,M,1951,Jim,9
WY,M,1951,Jimmy,9
WY,M,1951,Jon,9
WY,M,1951,Louis,9
WY,M,1951,Philip,9
WY,M,1951,Stanley,9
WY,M,1951,Albert,8
WY,M,1951,Barry,8
WY,M,1951,Bill,8
WY,M,1951,Clifford,8
WY,M,1951,Gilbert,8
WY,M,1951,Glen,8
WY,M,1951,Martin,8
WY,M,1951,Marvin,8
WY,M,1951,Norman,8
WY,M,1951,Vernon,8
WY,M,1951,Anthony,7
WY,M,1951,Billy,7
WY,M,1951,Chester,7
WY,M,1951,Dave,7
WY,M,1951,Don,7
WY,M,1951,Duane,7
WY,M,1951,Francis,7
WY,M,1951,Fred,7
WY,M,1951,Gordon,7
WY,M,1951,Johnny,7
WY,M,1951,Kent,7
WY,M,1951,Leroy,7
WY,M,1951,Ray,7
WY,M,1951,Rick,7
WY,M,1951,Theodore,7
WY,M,1951,Tom,7
WY,M,1951,Allan,6
WY,M,1951,Arthur,6
WY,M,1951,Benjamin,6
WY,M,1951,Darrell,6
WY,M,1951,Floyd,6
WY,M,1951,Jesse,6
WY,M,1951,Leon,6
WY,M,1951,Leonard,6
WY,M,1951,Steve,6
WY,M,1951,Victor,6
WY,M,1951,Alfred,5
WY,M,1951,Bobby,5
WY,M,1951,Brad,5
WY,M,1951,Chris,5
WY,M,1951,Eddie,5
WY,M,1951,Eric,5
WY,M,1951,Forrest,5
WY,M,1951,Franklin,5
WY,M,1951,Geoffrey,5
WY,M,1951,Jeffery,5
WY,M,1951,Jerald,5
WY,M,1951,Jerome,5
WY,M,1951,Joel,5
WY,M,1951,Kerry,5
WY,M,1951,Leo,5
WY,M,1951,Lester,5
WY,M,1951,Lewis,5
WY,M,1951,Lonnie,5
WY,M,1951,Max,5
WY,M,1951,Milton,5
WY,M,1951,Monte,5
WY,M,1951,Rudy,5
WY,M,1951,Terrance,5
WY,M,1951,Vance,5
WY,M,1951,Virgil,5
WY,M,1952,John,184
WY,M,1952,Michael,174
WY,M,1952,Robert,166
WY,M,1952,David,156
WY,M,1952,James,147
WY,M,1952,William,133
WY,M,1952,Richard,123
WY,M,1952,Gary,92
WY,M,1952,Thomas,85
WY,M,1952,Steven,80
WY,M,1952,Donald,70
WY,M,1952,Charles,67
WY,M,1952,Mark,65
WY,M,1952,Ronald,63
WY,M,1952,Daniel,58
WY,M,1952,Larry,58
WY,M,1952,Kenneth,57
WY,M,1952,Dennis,52
WY,M,1952,Paul,48
WY,M,1952,Stephen,47
WY,M,1952,Joseph,44
WY,M,1952,George,36
WY,M,1952,Edward,34
WY,M,1952,Jerry,34
WY,M,1952,Bruce,33
WY,M,1952,Roger,33
WY,M,1952,Randy,31
WY,M,1952,Gerald,26
WY,M,1952,Timothy,26
WY,M,1952,Dale,25
WY,M,1952,Patrick,24
WY,M,1952,Terry,24
WY,M,1952,Peter,23
WY,M,1952,Raymond,23
WY,M,1952,Douglas,21
WY,M,1952,Gregory,21
WY,M,1952,Harold,21
WY,M,1952,Rodney,20
WY,M,1952,Dean,19
WY,M,1952,Frank,19
WY,M,1952,Keith,19
WY,M,1952,Steve,19
WY,M,1952,Craig,18
WY,M,1952,Don,18
WY,M,1952,Kevin,18
WY,M,1952,Eugene,17
WY,M,1952,Russell,17
WY,M,1952,Alan,16
WY,M,1952,Micheal,16
WY,M,1952,Roy,16
WY,M,1952,Wayne,16
WY,M,1952,Anthony,15
WY,M,1952,Billy,15
WY,M,1952,Dan,15
WY,M,1952,Philip,15
WY,M,1952,Jack,14
WY,M,1952,Harry,13
WY,M,1952,Joe,13
WY,M,1952,Lawrence,13
WY,M,1952,Lee,13
WY,M,1952,Mike,13
WY,M,1952,Ray,13
WY,M,1952,Walter,13
WY,M,1952,Danny,12
WY,M,1952,Jay,12
WY,M,1952,Jeffrey,12
WY,M,1952,Jon,12
WY,M,1952,Ricky,12
WY,M,1952,Carl,11
WY,M,1952,Darrell,11
WY,M,1952,Floyd,11
WY,M,1952,Ralph,11
WY,M,1952,Rick,11
WY,M,1952,Theodore,11
WY,M,1952,Andrew,10
WY,M,1952,Brian,10
WY,M,1952,Eric,10
WY,M,1952,Fred,10
WY,M,1952,Jim,10
WY,M,1952,Martin,10
WY,M,1952,Scott,10
WY,M,1952,Albert,9
WY,M,1952,Arthur,9
WY,M,1952,Curtis,9
WY,M,1952,Henry,9
WY,M,1952,Johnny,9
WY,M,1952,Kirk,9
WY,M,1952,Louis,9
WY,M,1952,Phillip,9
WY,M,1952,Randall,9
WY,M,1952,Allen,8
WY,M,1952,Brad,8
WY,M,1952,Christopher,8
WY,M,1952,Duane,8
WY,M,1952,Frederick,8
WY,M,1952,Lloyd,8
WY,M,1952,Rex,8
WY,M,1952,Samuel,8
WY,M,1952,Stanley,8
WY,M,1952,Barry,7
WY,M,1952,Bill,7
WY,M,1952,Calvin,7
WY,M,1952,Earl,7
WY,M,1952,Edwin,7
WY,M,1952,Grant,7
WY,M,1952,Howard,7
WY,M,1952,Jeffery,7
WY,M,1952,Jimmy,7
WY,M,1952,Joel,7
WY,M,1952,Leonard,7
WY,M,1952,Marvin,7
WY,M,1952,Melvin,7
WY,M,1952,Vern,7
WY,M,1952,Vernon,7
WY,M,1952,Warren,7
WY,M,1952,Alfred,6
WY,M,1952,Bradley,6
WY,M,1952,Casey,6
WY,M,1952,Chris,6
WY,M,1952,Clark,6
WY,M,1952,Dwight,6
WY,M,1952,Gordon,6
WY,M,1952,Karl,6
WY,M,1952,Kent,6
WY,M,1952,Kim,6
WY,M,1952,Leslie,6
WY,M,1952,Lester,6
WY,M,1952,Neil,6
WY,M,1952,Norman,6
WY,M,1952,Randal,6
WY,M,1952,Ronnie,6
WY,M,1952,Tom,6
WY,M,1952,Tommy,6
WY,M,1952,Benjamin,5
WY,M,1952,Darryl,5
WY,M,1952,Gene,5
WY,M,1952,Gilbert,5
WY,M,1952,Glenn,5
WY,M,1952,Herbert,5
WY,M,1952,Jesse,5
WY,M,1952,Kelly,5
WY,M,1952,Kirby,5
WY,M,1952,Victor,5
WY,M,1953,Robert,187
WY,M,1953,Michael,186
WY,M,1953,David,183
WY,M,1953,James,158
WY,M,1953,John,154
WY,M,1953,William,135
WY,M,1953,Richard,122
WY,M,1953,Steven,86
WY,M,1953,Gary,80
WY,M,1953,Donald,77
WY,M,1953,Charles,73
WY,M,1953,Thomas,72
WY,M,1953,Ronald,69
WY,M,1953,Kenneth,59
WY,M,1953,Daniel,57
WY,M,1953,Mark,56
WY,M,1953,Larry,53
WY,M,1953,Jerry,50
WY,M,1953,George,45
WY,M,1953,Dennis,44
WY,M,1953,Paul,41
WY,M,1953,Douglas,38
WY,M,1953,Joseph,38
WY,M,1953,Patrick,38
WY,M,1953,Randy,38
WY,M,1953,Stephen,38
WY,M,1953,Terry,38
WY,M,1953,Timothy,36
WY,M,1953,Jeffrey,33
WY,M,1953,Bruce,32
WY,M,1953,Edward,28
WY,M,1953,Rodney,28
WY,M,1953,Dale,27
WY,M,1953,Frank,27
WY,M,1953,Raymond,25
WY,M,1953,Danny,23
WY,M,1953,Gregory,23
WY,M,1953,Roger,23
WY,M,1953,Alan,21
WY,M,1953,Kevin,21
WY,M,1953,Scott,21
WY,M,1953,Joe,18
WY,M,1953,Roy,18
WY,M,1953,Dean,17
WY,M,1953,Gerald,17
WY,M,1953,Lawrence,17
WY,M,1953,Steve,17
WY,M,1953,Allen,16
WY,M,1953,Craig,16
WY,M,1953,Jack,16
WY,M,1953,Wayne,16
WY,M,1953,Kim,15
WY,M,1953,Martin,15
WY,M,1953,Ricky,15
WY,M,1953,Russell,15
WY,M,1953,Eric,14
WY,M,1953,Eugene,14
WY,M,1953,Lee,14
WY,M,1953,Peter,14
WY,M,1953,Rick,14
WY,M,1953,Brian,13
WY,M,1953,Clifford,13
WY,M,1953,Duane,13
WY,M,1953,Howard,13
WY,M,1953,Phillip,13
WY,M,1953,Andrew,12
WY,M,1953,Anthony,12
WY,M,1953,Arthur,12
WY,M,1953,Brent,12
WY,M,1953,Don,12
WY,M,1953,Ernest,12
WY,M,1953,Harold,12
WY,M,1953,Lynn,12
WY,M,1953,Randall,12
WY,M,1953,Stanley,12
WY,M,1953,Walter,12
WY,M,1953,Curtis,11
WY,M,1953,Edwin,11
WY,M,1953,Keith,11
WY,M,1953,Kelly,11
WY,M,1953,Kurt,11
WY,M,1953,Leonard,11
WY,M,1953,Wesley,11
WY,M,1953,Barry,10
WY,M,1953,Bradley,10
WY,M,1953,Christopher,10
WY,M,1953,Dan,10
WY,M,1953,Gordon,10
WY,M,1953,Henry,10
WY,M,1953,Micheal,10
WY,M,1953,Mike,10
WY,M,1953,Theodore,10
WY,M,1953,Albert,9
WY,M,1953,Bill,9
WY,M,1953,Darrell,9
WY,M,1953,Fred,9
WY,M,1953,Leroy,9
WY,M,1953,Leslie,9
WY,M,1953,Calvin,8
WY,M,1953,Carl,8
WY,M,1953,Glenn,8
WY,M,1953,Jay,8
WY,M,1953,Marvin,8
WY,M,1953,Ralph,8
WY,M,1953,Robin,8
WY,M,1953,Tommy,8
WY,M,1953,Warren,8
WY,M,1953,Billy,7
WY,M,1953,Bobby,7
WY,M,1953,Brad,7
WY,M,1953,Gene,7
WY,M,1953,Jim,7
WY,M,1953,Loren,7
WY,M,1953,Louis,7
WY,M,1953,Ray,7
WY,M,1953,Rex,7
WY,M,1953,Samuel,7
WY,M,1953,Todd,7
WY,M,1953,Victor,7
WY,M,1953,Chad,6
WY,M,1953,Dana,6
WY,M,1953,Fredrick,6
WY,M,1953,Gilbert,6
WY,M,1953,Glen,6
WY,M,1953,Greg,6
WY,M,1953,Harry,6
WY,M,1953,Jimmy,6
WY,M,1953,Jon,6
WY,M,1953,Kent,6
WY,M,1953,Kirk,6
WY,M,1953,Lance,6
WY,M,1953,Lewis,6
WY,M,1953,Matthew,6
WY,M,1953,Max,6
WY,M,1953,Mickey,6
WY,M,1953,Norman,6
WY,M,1953,Philip,6
WY,M,1953,Virgil,6
WY,M,1953,Ben,5
WY,M,1953,Benjamin,5
WY,M,1953,Chris,5
WY,M,1953,Clark,5
WY,M,1953,Clyde,5
WY,M,1953,Dwight,5
WY,M,1953,Geoffrey,5
WY,M,1953,Guy,5
WY,M,1953,Jerald,5
WY,M,1953,Jesse,5
WY,M,1953,Jonathan,5
WY,M,1953,Lyle,5
WY,M,1953,Neil,5
WY,M,1953,Ronnie,5
WY,M,1953,Stuart,5
WY,M,1953,Tony,5
WY,M,1953,Vernon,5
WY,M,1954,Michael,181
WY,M,1954,John,179
WY,M,1954,Robert,178
WY,M,1954,James,177
WY,M,1954,David,151
WY,M,1954,William,125
WY,M,1954,Steven,108
WY,M,1954,Richard,105
WY,M,1954,Thomas,93
WY,M,1954,Gary,87
WY,M,1954,Mark,83
WY,M,1954,Charles,62
WY,M,1954,Daniel,61
WY,M,1954,Donald,58
WY,M,1954,Kenneth,58
WY,M,1954,Ronald,53
WY,M,1954,Paul,50
WY,M,1954,Dennis,49
WY,M,1954,Gregory,46
WY,M,1954,Randy,42
WY,M,1954,Timothy,42
WY,M,1954,Stephen,41
WY,M,1954,Jerry,40
WY,M,1954,Joseph,39
WY,M,1954,Larry,36
WY,M,1954,Douglas,34
WY,M,1954,Scott,32
WY,M,1954,Dale,30
WY,M,1954,Rodney,29
WY,M,1954,Roger,29
WY,M,1954,Bruce,28
WY,M,1954,George,28
WY,M,1954,Craig,27
WY,M,1954,Kevin,26
WY,M,1954,Alan,25
WY,M,1954,Randall,25
WY,M,1954,Jack,24
WY,M,1954,Patrick,24
WY,M,1954,Terry,24
WY,M,1954,Edward,23
WY,M,1954,Jeffrey,23
WY,M,1954,Danny,22
WY,M,1954,Anthony,20
WY,M,1954,Carl,19
WY,M,1954,Frank,19
WY,M,1954,Rick,19
WY,M,1954,Martin,18
WY,M,1954,Brad,17
WY,M,1954,Keith,17
WY,M,1954,Kim,17
WY,M,1954,Gerald,16
WY,M,1954,Leonard,16
WY,M,1954,Wayne,16
WY,M,1954,Andrew,15
WY,M,1954,Lawrence,14
WY,M,1954,Jim,13
WY,M,1954,Lee,13
WY,M,1954,Raymond,13
WY,M,1954,Brian,12
WY,M,1954,Mike,12
WY,M,1954,Roy,12
WY,M,1954,Samuel,12
WY,M,1954,Walter,12
WY,M,1954,Allen,11
WY,M,1954,Billy,11
WY,M,1954,Bradley,11
WY,M,1954,Dean,11
WY,M,1954,Joe,11
WY,M,1954,Jon,11
WY,M,1954,Kent,11
WY,M,1954,Randal,11
WY,M,1954,Russell,11
WY,M,1954,Warren,11
WY,M,1954,Alfred,10
WY,M,1954,Barry,10
WY,M,1954,Brent,10
WY,M,1954,Clifford,10
WY,M,1954,Curtis,10
WY,M,1954,Don,10
WY,M,1954,Fred,10
WY,M,1954,Ralph,10
WY,M,1954,Steve,10
WY,M,1954,Arthur,9
WY,M,1954,Clyde,9
WY,M,1954,Glenn,9
WY,M,1954,Gordon,9
WY,M,1954,Harold,9
WY,M,1954,Johnny,9
WY,M,1954,Leslie,9
WY,M,1954,Ray,9
WY,M,1954,Robin,9
WY,M,1954,Stanley,9
WY,M,1954,Dan,8
WY,M,1954,Jay,8
WY,M,1954,Karl,8
WY,M,1954,Lance,8
WY,M,1954,Lloyd,8
WY,M,1954,Micheal,8
WY,M,1954,Peter,8
WY,M,1954,Philip,8
WY,M,1954,Ross,8
WY,M,1954,Todd,8
WY,M,1954,Albert,7
WY,M,1954,Benjamin,7
WY,M,1954,Chris,7
WY,M,1954,Edwin,7
WY,M,1954,Frederick,7
WY,M,1954,Harry,7
WY,M,1954,Howard,7
WY,M,1954,Kerry,7
WY,M,1954,Melvin,7
WY,M,1954,Norman,7
WY,M,1954,Phillip,7
WY,M,1954,Ricky,7
WY,M,1954,Ronnie,7
WY,M,1954,Theodore,7
WY,M,1954,Tommy,7
WY,M,1954,Vernon,7
WY,M,1954,Victor,7
WY,M,1954,Andy,6
WY,M,1954,Christopher,6
WY,M,1954,Duane,6
WY,M,1954,Eugene,6
WY,M,1954,Forrest,6
WY,M,1954,Gilbert,6
WY,M,1954,Guy,6
WY,M,1954,Kelly,6
WY,M,1954,Kirk,6
WY,M,1954,Louis,6
WY,M,1954,Lynn,6
WY,M,1954,Manuel,6
WY,M,1954,Marvin,6
WY,M,1954,Randolph,6
WY,M,1954,Wade,6
WY,M,1954,Arnold,5
WY,M,1954,Ben,5
WY,M,1954,Bill,5
WY,M,1954,Brett,5
WY,M,1954,Chester,5
WY,M,1954,Clinton,5
WY,M,1954,Earl,5
WY,M,1954,Eric,5
WY,M,1954,Franklin,5
WY,M,1954,Glen,5
WY,M,1954,Herman,5
WY,M,1954,Jonathan,5
WY,M,1954,Lyle,5
WY,M,1954,Rex,5
WY,M,1954,Rocky,5
WY,M,1954,Ted,5
WY,M,1954,Tom,5
WY,M,1954,Vincent,5
WY,M,1954,Wesley,5
WY,M,1955,David,194
WY,M,1955,Robert,185
WY,M,1955,Michael,177
WY,M,1955,John,148
WY,M,1955,James,137
WY,M,1955,Richard,116
WY,M,1955,William,115
WY,M,1955,Steven,93
WY,M,1955,Thomas,86
WY,M,1955,Mark,77
WY,M,1955,Charles,71
WY,M,1955,Kenneth,63
WY,M,1955,Gary,62
WY,M,1955,Donald,59
WY,M,1955,Daniel,57
WY,M,1955,Joseph,55
WY,M,1955,Ronald,46
WY,M,1955,George,43
WY,M,1955,Randy,43
WY,M,1955,Douglas,41
WY,M,1955,Larry,39
WY,M,1955,Kevin,38
WY,M,1955,Scott,37
WY,M,1955,Dennis,36
WY,M,1955,Paul,36
WY,M,1955,Stephen,34
WY,M,1955,Terry,34
WY,M,1955,Gregory,33
WY,M,1955,Timothy,32
WY,M,1955,Jeffrey,29
WY,M,1955,Patrick,29
WY,M,1955,Bruce,25
WY,M,1955,Edward,25
WY,M,1955,Randall,25
WY,M,1955,Craig,24
WY,M,1955,Dale,22
WY,M,1955,Frank,22
WY,M,1955,Jerry,22
WY,M,1955,Alan,21
WY,M,1955,Anthony,21
WY,M,1955,Gerald,21
WY,M,1955,Rodney,21
WY,M,1955,Roger,20
WY,M,1955,Wayne,19
WY,M,1955,Jack,18
WY,M,1955,Keith,17
WY,M,1955,Glenn,16
WY,M,1955,Martin,16
WY,M,1955,Raymond,16
WY,M,1955,Steve,16
WY,M,1955,Brent,15
WY,M,1955,Danny,15
WY,M,1955,Harold,15
WY,M,1955,Kelly,15
WY,M,1955,Curtis,14
WY,M,1955,Stanley,14
WY,M,1955,Brian,13
WY,M,1955,Carl,13
WY,M,1955,Glen,13
WY,M,1955,Ernest,12
WY,M,1955,Lloyd,12
WY,M,1955,Peter,12
WY,M,1955,Ralph,12
WY,M,1955,Russell,12
WY,M,1955,Andrew,11
WY,M,1955,Dan,11
WY,M,1955,Jay,11
WY,M,1955,Ricky,11
WY,M,1955,Wesley,11
WY,M,1955,Albert,10
WY,M,1955,Arthur,10
WY,M,1955,Howard,10
WY,M,1955,Jesse,10
WY,M,1955,Kent,10
WY,M,1955,Lee,10
WY,M,1955,Micheal,10
WY,M,1955,Mitchell,10
WY,M,1955,Rick,10
WY,M,1955,Eric,9
WY,M,1955,Henry,9
WY,M,1955,Jim,9
WY,M,1955,Joe,9
WY,M,1955,Louis,9
WY,M,1955,Mike,9
WY,M,1955,Theodore,9
WY,M,1955,Warren,9
WY,M,1955,Allen,8
WY,M,1955,Brad,8
WY,M,1955,Christopher,8
WY,M,1955,Clark,8
WY,M,1955,Dean,8
WY,M,1955,Greg,8
WY,M,1955,Jon,8
WY,M,1955,Kirk,8
WY,M,1955,Kurt,8
WY,M,1955,Leon,8
WY,M,1955,Marvin,8
WY,M,1955,Philip,8
WY,M,1955,Ray,8
WY,M,1955,Roy,8
WY,M,1955,Walter,8
WY,M,1955,Bob,7
WY,M,1955,Dave,7
WY,M,1955,Duane,7
WY,M,1955,Earl,7
WY,M,1955,Eddie,7
WY,M,1955,Johnny,7
WY,M,1955,Lance,7
WY,M,1955,Lawrence,7
WY,M,1955,Leonard,7
WY,M,1955,Leroy,7
WY,M,1955,Lonnie,7
WY,M,1955,Matthew,7
WY,M,1955,Norman,7
WY,M,1955,Rex,7
WY,M,1955,Ross,7
WY,M,1955,Samuel,7
WY,M,1955,Ted,7
WY,M,1955,Barry,6
WY,M,1955,Benjamin,6
WY,M,1955,Bill,6
WY,M,1955,Bradley,6
WY,M,1955,Calvin,6
WY,M,1955,Dana,6
WY,M,1955,Daryl,6
WY,M,1955,Don,6
WY,M,1955,Edwin,6
WY,M,1955,Eugene,6
WY,M,1955,Fred,6
WY,M,1955,Jeff,6
WY,M,1955,Jimmy,6
WY,M,1955,Juan,6
WY,M,1955,Kim,6
WY,M,1955,Melvin,6
WY,M,1955,Phillip,6
WY,M,1955,Antonio,5
WY,M,1955,Bradford,5
WY,M,1955,Darrell,5
WY,M,1955,Dirk,5
WY,M,1955,Forrest,5
WY,M,1955,Frederick,5
WY,M,1955,Gregg,5
WY,M,1955,Hugh,5
WY,M,1955,Joel,5
WY,M,1955,Leslie,5
WY,M,1955,Loren,5
WY,M,1955,Manuel,5
WY,M,1955,Marc,5
WY,M,1955,Neil,5
WY,M,1955,Randolph,5
WY,M,1955,Rocky,5
WY,M,1955,Ronnie,5
WY,M,1955,Tom,5
WY,M,1955,Tony,5
WY,M,1955,Val,5
WY,M,1955,Vernon,5
WY,M,1955,Vincent,5
WY,M,1955,Wade,5
WY,M,1956,Robert,187
WY,M,1956,Michael,164
WY,M,1956,David,158
WY,M,1956,John,149
WY,M,1956,James,109
WY,M,1956,William,109
WY,M,1956,Richard,103
WY,M,1956,Mark,92
WY,M,1956,Steven,91
WY,M,1956,Thomas,91
WY,M,1956,Gary,69
WY,M,1956,Charles,63
WY,M,1956,Donald,59
WY,M,1956,Ronald,58
WY,M,1956,Kenneth,52
WY,M,1956,Jerry,50
WY,M,1956,Daniel,49
WY,M,1956,Bruce,43
WY,M,1956,Timothy,42
WY,M,1956,Kevin,41
WY,M,1956,Scott,41
WY,M,1956,Larry,39
WY,M,1956,Randy,39
WY,M,1956,Douglas,38
WY,M,1956,Dennis,37
WY,M,1956,Gregory,34
WY,M,1956,Paul,34
WY,M,1956,Joseph,33
WY,M,1956,Jeffrey,31
WY,M,1956,George,29
WY,M,1956,Roger,28
WY,M,1956,Patrick,26
WY,M,1956,Stephen,26
WY,M,1956,Frank,24
WY,M,1956,Terry,24
WY,M,1956,Jack,23
WY,M,1956,Rodney,22
WY,M,1956,Dale,21
WY,M,1956,Edward,21
WY,M,1956,Raymond,21
WY,M,1956,Craig,20
WY,M,1956,Alan,19
WY,M,1956,Steve,19
WY,M,1956,Allen,17
WY,M,1956,Brent,17
WY,M,1956,Dean,17
WY,M,1956,Jeffery,17
WY,M,1956,Mike,17
WY,M,1956,Wayne,17
WY,M,1956,Anthony,16
WY,M,1956,Danny,16
WY,M,1956,Russell,16
WY,M,1956,Andrew,15
WY,M,1956,Fred,15
WY,M,1956,Keith,15
WY,M,1956,Rick,15
WY,M,1956,Brad,14
WY,M,1956,Brian,14
WY,M,1956,Calvin,14
WY,M,1956,Duane,14
WY,M,1956,Gerald,14
WY,M,1956,Jay,14
WY,M,1956,Kelly,14
WY,M,1956,Kent,14
WY,M,1956,Samuel,14
WY,M,1956,Tim,14
WY,M,1956,Tony,14
WY,M,1956,Bradley,13
WY,M,1956,Dan,13
WY,M,1956,Lawrence,13
WY,M,1956,Eric,12
WY,M,1956,Gordon,12
WY,M,1956,Matthew,12
WY,M,1956,Peter,12
WY,M,1956,Randall,12
WY,M,1956,Tom,12
WY,M,1956,Edwin,11
WY,M,1956,Joe,11
WY,M,1956,Kim,11
WY,M,1956,Ralph,11
WY,M,1956,Arthur,10
WY,M,1956,Clifford,10
WY,M,1956,Darrell,10
WY,M,1956,Glen,10
WY,M,1956,Johnny,10
WY,M,1956,Kirk,10
WY,M,1956,Neil,10
WY,M,1956,Ray,10
WY,M,1956,Barry,9
WY,M,1956,Harold,9
WY,M,1956,Harry,9
WY,M,1956,Howard,9
WY,M,1956,Lee,9
WY,M,1956,Ricky,9
WY,M,1956,Bryan,8
WY,M,1956,Carl,8
WY,M,1956,Chris,8
WY,M,1956,Clyde,8
WY,M,1956,Ernest,8
WY,M,1956,Gene,8
WY,M,1956,Glenn,8
WY,M,1956,Henry,8
WY,M,1956,Jesse,8
WY,M,1956,Lewis,8
WY,M,1956,Lloyd,8
WY,M,1956,Marvin,8
WY,M,1956,Micheal,8
WY,M,1956,Roy,8
WY,M,1956,Stanley,8
WY,M,1956,Billy,7
WY,M,1956,Darrel,7
WY,M,1956,Eugene,7
WY,M,1956,Greg,7
WY,M,1956,Joel,7
WY,M,1956,Kurt,7
WY,M,1956,Martin,7
WY,M,1956,Perry,7
WY,M,1956,Ronnie,7
WY,M,1956,Todd,7
WY,M,1956,Tracy,7
WY,M,1956,Walter,7
WY,M,1956,Wesley,7
WY,M,1956,Albert,6
WY,M,1956,Andy,6
WY,M,1956,Benjamin,6
WY,M,1956,Byron,6
WY,M,1956,Christopher,6
WY,M,1956,Curtis,6
WY,M,1956,Dana,6
WY,M,1956,Dave,6
WY,M,1956,Earl,6
WY,M,1956,Floyd,6
WY,M,1956,Fredrick,6
WY,M,1956,Guy,6
WY,M,1956,Hal,6
WY,M,1956,Jimmy,6
WY,M,1956,Lynn,6
WY,M,1956,Marty,6
WY,M,1956,Max,6
WY,M,1956,Melvin,6
WY,M,1956,Monte,6
WY,M,1956,Norman,6
WY,M,1956,Phillip,6
WY,M,1956,Robin,6
WY,M,1956,Allan,5
WY,M,1956,Bill,5
WY,M,1956,Casey,5
WY,M,1956,Chester,5
WY,M,1956,Don,5
WY,M,1956,Franklin,5
WY,M,1956,Jim,5
WY,M,1956,Jimmie,5
WY,M,1956,Leroy,5
WY,M,1956,Leslie,5
WY,M,1956,Manuel,5
WY,M,1956,Rex,5
WY,M,1956,Rocky,5
WY,M,1956,Ross,5
WY,M,1956,Sammy,5
WY,M,1956,Vincent,5
WY,M,1957,Michael,166
WY,M,1957,David,155
WY,M,1957,Robert,143
WY,M,1957,James,138
WY,M,1957,John,133
WY,M,1957,Mark,112
WY,M,1957,William,106
WY,M,1957,Steven,93
WY,M,1957,Richard,91
WY,M,1957,Thomas,70
WY,M,1957,Kevin,61
WY,M,1957,Daniel,55
WY,M,1957,Kenneth,55
WY,M,1957,Charles,54
WY,M,1957,Gary,52
WY,M,1957,Ronald,51
WY,M,1957,Donald,47
WY,M,1957,Timothy,46
WY,M,1957,Paul,44
WY,M,1957,Larry,42
WY,M,1957,Terry,41
WY,M,1957,Joseph,40
WY,M,1957,Scott,40
WY,M,1957,Douglas,39
WY,M,1957,Jerry,35
WY,M,1957,Dale,33
WY,M,1957,Gregory,33
WY,M,1957,Randy,32
WY,M,1957,Jeffrey,31
WY,M,1957,Patrick,30
WY,M,1957,Steve,30
WY,M,1957,Bruce,29
WY,M,1957,Edward,29
WY,M,1957,Stephen,28
WY,M,1957,Mike,27
WY,M,1957,Dennis,26
WY,M,1957,George,26
WY,M,1957,Raymond,23
WY,M,1957,Alan,21
WY,M,1957,Anthony,19
WY,M,1957,Frank,19
WY,M,1957,Jack,19
WY,M,1957,Randall,18
WY,M,1957,Roger,18
WY,M,1957,Gerald,17
WY,M,1957,Joe,17
WY,M,1957,Keith,17
WY,M,1957,Kent,17
WY,M,1957,Ray,17
WY,M,1957,Brian,16
WY,M,1957,Harold,16
WY,M,1957,Christopher,15
WY,M,1957,Jay,15
WY,M,1957,Martin,15
WY,M,1957,Rodney,15
WY,M,1957,Russell,15
WY,M,1957,Stanley,15
WY,M,1957,Curtis,14
WY,M,1957,Lawrence,14
WY,M,1957,Micheal,14
WY,M,1957,Dan,13
WY,M,1957,Leonard,13
WY,M,1957,Roy,13
WY,M,1957,Samuel,13
WY,M,1957,Arthur,12
WY,M,1957,Brad,12
WY,M,1957,Brent,12
WY,M,1957,Chris,12
WY,M,1957,Greg,12
WY,M,1957,Kelly,12
WY,M,1957,Norman,12
WY,M,1957,Peter,12
WY,M,1957,Craig,11
WY,M,1957,Danny,11
WY,M,1957,Fred,11
WY,M,1957,Jon,11
WY,M,1957,Andrew,10
WY,M,1957,Dallas,10
WY,M,1957,Guy,10
WY,M,1957,Jim,10
WY,M,1957,Kirk,10
WY,M,1957,Lyle,10
WY,M,1957,Marvin,10
WY,M,1957,Phillip,10
WY,M,1957,Walter,10
WY,M,1957,Billy,9
WY,M,1957,Bob,9
WY,M,1957,Don,9
WY,M,1957,Duane,9
WY,M,1957,Ernest,9
WY,M,1957,Lee,9
WY,M,1957,Ricky,9
WY,M,1957,Robin,9
WY,M,1957,Tom,9
WY,M,1957,Tony,9
WY,M,1957,Bobby,8
WY,M,1957,Carl,8
WY,M,1957,Glen,8
WY,M,1957,Glenn,8
WY,M,1957,Jesse,8
WY,M,1957,Karl,8
WY,M,1957,Tim,8
WY,M,1957,Tracy,8
WY,M,1957,Vincent,8
WY,M,1957,Bradley,7
WY,M,1957,Bryan,7
WY,M,1957,Dean,7
WY,M,1957,Eric,7
WY,M,1957,Eugene,7
WY,M,1957,Howard,7
WY,M,1957,Jeffery,7
WY,M,1957,Joel,7
WY,M,1957,Pat,7
WY,M,1957,Ralph,7
WY,M,1957,Rick,7
WY,M,1957,Ross,7
WY,M,1957,Wade,7
WY,M,1957,Wayne,7
WY,M,1957,Wesley,7
WY,M,1957,Barry,6
WY,M,1957,Benjamin,6
WY,M,1957,Casey,6
WY,M,1957,Clifford,6
WY,M,1957,Dana,6
WY,M,1957,Dwight,6
WY,M,1957,Earl,6
WY,M,1957,Frederick,6
WY,M,1957,Gordon,6
WY,M,1957,Harry,6
WY,M,1957,Jeff,6
WY,M,1957,Lance,6
WY,M,1957,Leo,6
WY,M,1957,Lynn,6
WY,M,1957,Max,6
WY,M,1957,Perry,6
WY,M,1957,Ronnie,6
WY,M,1957,Alfred,5
WY,M,1957,Calvin,5
WY,M,1957,Clinton,5
WY,M,1957,Clyde,5
WY,M,1957,Darrell,5
WY,M,1957,Dave,5
WY,M,1957,Floyd,5
WY,M,1957,Francis,5
WY,M,1957,Herman,5
WY,M,1957,Jimmy,5
WY,M,1957,Kerry,5
WY,M,1957,Kim,5
WY,M,1957,Kurt,5
WY,M,1957,Leroy,5
WY,M,1957,Matthew,5
WY,M,1957,Mitchell,5
WY,M,1957,Pete,5
WY,M,1957,Philip,5
WY,M,1957,Rex,5
WY,M,1957,Ted,5
WY,M,1957,Todd,5
WY,M,1957,Vernon,5
WY,M,1957,Victor,5
WY,M,1958,David,150
WY,M,1958,Michael,149
WY,M,1958,John,143
WY,M,1958,Robert,141
WY,M,1958,James,119
WY,M,1958,Richard,87
WY,M,1958,William,87
WY,M,1958,Steven,83
WY,M,1958,Mark,77
WY,M,1958,Thomas,70
WY,M,1958,Kenneth,62
WY,M,1958,Charles,54
WY,M,1958,Donald,52
WY,M,1958,Ronald,51
WY,M,1958,Scott,51
WY,M,1958,Larry,48
WY,M,1958,Kevin,47
WY,M,1958,Paul,47
WY,M,1958,Gary,43
WY,M,1958,Daniel,42
WY,M,1958,Mike,40
WY,M,1958,Timothy,39
WY,M,1958,Randy,36
WY,M,1958,Brian,35
WY,M,1958,Dale,35
WY,M,1958,Jerry,33
WY,M,1958,Dennis,32
WY,M,1958,Douglas,32
WY,M,1958,Joseph,30
WY,M,1958,Gregory,27
WY,M,1958,Edward,25
WY,M,1958,Steve,24
WY,M,1958,Stephen,23
WY,M,1958,George,22
WY,M,1958,Jim,20
WY,M,1958,Kelly,20
WY,M,1958,Roger,20
WY,M,1958,Terry,20
WY,M,1958,Bruce,19
WY,M,1958,Eric,19
WY,M,1958,Jeffrey,19
WY,M,1958,Patrick,19
WY,M,1958,Anthony,18
WY,M,1958,Jack,18
WY,M,1958,Keith,18
WY,M,1958,Raymond,18
WY,M,1958,Rodney,18
WY,M,1958,Dean,17
WY,M,1958,Peter,17
WY,M,1958,Ricky,17
WY,M,1958,Tom,17
WY,M,1958,Alan,16
WY,M,1958,Brad,16
WY,M,1958,Carl,16
WY,M,1958,Dan,16
WY,M,1958,Rick,16
WY,M,1958,Danny,15
WY,M,1958,Kirk,15
WY,M,1958,Craig,14
WY,M,1958,Frank,14
WY,M,1958,Glenn,14
WY,M,1958,Jay,14
WY,M,1958,Jeff,14
WY,M,1958,Martin,14
WY,M,1958,Roy,14
WY,M,1958,Russell,14
WY,M,1958,Glen,13
WY,M,1958,Kent,13
WY,M,1958,Randall,12
WY,M,1958,Tony,12
WY,M,1958,Wayne,12
WY,M,1958,Allen,11
WY,M,1958,Clifford,11
WY,M,1958,Darrell,11
WY,M,1958,Fred,11
WY,M,1958,Lawrence,11
WY,M,1958,Leonard,11
WY,M,1958,Todd,11
WY,M,1958,Vernon,11
WY,M,1958,Bill,10
WY,M,1958,Bradley,10
WY,M,1958,Bryan,10
WY,M,1958,Christopher,10
WY,M,1958,Don,10
WY,M,1958,Joe,10
WY,M,1958,Victor,10
WY,M,1958,Andrew,9
WY,M,1958,Brett,9
WY,M,1958,Chris,9
WY,M,1958,Clayton,9
WY,M,1958,Dave,9
WY,M,1958,Gerald,9
WY,M,1958,Greg,9
WY,M,1958,Howard,9
WY,M,1958,Joel,9
WY,M,1958,Kurt,9
WY,M,1958,Lee,9
WY,M,1958,Marvin,9
WY,M,1958,Matthew,9
WY,M,1958,Stanley,9
WY,M,1958,Arthur,8
WY,M,1958,Barry,8
WY,M,1958,Benjamin,8
WY,M,1958,Billy,8
WY,M,1958,Earl,8
WY,M,1958,Jeffery,8
WY,M,1958,Jimmy,8
WY,M,1958,Lyle,8
WY,M,1958,Micheal,8
WY,M,1958,Norman,8
WY,M,1958,Bart,7
WY,M,1958,Bret,7
WY,M,1958,Duane,7
WY,M,1958,Harold,7
WY,M,1958,Johnny,7
WY,M,1958,Jon,7
WY,M,1958,Kim,7
WY,M,1958,Leslie,7
WY,M,1958,Lloyd,7
WY,M,1958,Louis,7
WY,M,1958,Philip,7
WY,M,1958,Phillip,7
WY,M,1958,Robin,7
WY,M,1958,Ted,7
WY,M,1958,Bob,6
WY,M,1958,Calvin,6
WY,M,1958,Curtis,6
WY,M,1958,Eugene,6
WY,M,1958,Gordon,6
WY,M,1958,Henry,6
WY,M,1958,Justin,6
WY,M,1958,Leroy,6
WY,M,1958,Ralph,6
WY,M,1958,Rudy,6
WY,M,1958,Tim,6
WY,M,1958,Tracy,6
WY,M,1958,Wesley,6
WY,M,1958,Ben,5
WY,M,1958,Brent,5
WY,M,1958,Casey,5
WY,M,1958,Clinton,5
WY,M,1958,Dana,5
WY,M,1958,Floyd,5
WY,M,1958,Gilbert,5
WY,M,1958,Herbert,5
WY,M,1958,Jess,5
WY,M,1958,Kenny,5
WY,M,1958,Kenton,5
WY,M,1958,Marshall,5
WY,M,1958,Marty,5
WY,M,1958,Max,5
WY,M,1958,Monte,5
WY,M,1958,Pat,5
WY,M,1958,Ron,5
WY,M,1958,Ronnie,5
WY,M,1958,Theodore,5
WY,M,1959,David,156
WY,M,1959,Robert,144
WY,M,1959,James,120
WY,M,1959,Michael,115
WY,M,1959,John,114
WY,M,1959,Mark,102
WY,M,1959,Richard,95
WY,M,1959,William,75
WY,M,1959,Steven,66
WY,M,1959,Thomas,61
WY,M,1959,Charles,58
WY,M,1959,Donald,56
WY,M,1959,Gary,55
WY,M,1959,Kenneth,52
WY,M,1959,Kevin,51
WY,M,1959,Timothy,48
WY,M,1959,Scott,46
WY,M,1959,Ronald,41
WY,M,1959,Daniel,39
WY,M,1959,Larry,38
WY,M,1959,Brian,36
WY,M,1959,Paul,36
WY,M,1959,Dennis,34
WY,M,1959,Jeffrey,34
WY,M,1959,Mike,34
WY,M,1959,Douglas,33
WY,M,1959,Craig,31
WY,M,1959,Gregory,30
WY,M,1959,Steve,30
WY,M,1959,Dale,29
WY,M,1959,Jerry,29
WY,M,1959,Randy,29
WY,M,1959,Terry,28
WY,M,1959,Joseph,25
WY,M,1959,Roger,25
WY,M,1959,Bruce,24
WY,M,1959,Joe,24
WY,M,1959,Jon,23
WY,M,1959,Keith,23
WY,M,1959,Bart,22
WY,M,1959,Bret,22
WY,M,1959,Ricky,22
WY,M,1959,Danny,21
WY,M,1959,Edward,21
WY,M,1959,Brett,20
WY,M,1959,Kelly,20
WY,M,1959,Jay,19
WY,M,1959,Tim,19
WY,M,1959,Brad,18
WY,M,1959,Curtis,18
WY,M,1959,Patrick,18
WY,M,1959,Anthony,17
WY,M,1959,Jim,17
WY,M,1959,Matthew,17
WY,M,1959,Russell,17
WY,M,1959,Bill,16
WY,M,1959,Randall,16
WY,M,1959,Todd,16
WY,M,1959,Tony,16
WY,M,1959,Alan,15
WY,M,1959,Don,15
WY,M,1959,Eric,15
WY,M,1959,George,15
WY,M,1959,Jeff,15
WY,M,1959,Rick,15
WY,M,1959,Stephen,15
WY,M,1959,Wayne,15
WY,M,1959,Dan,14
WY,M,1959,Fred,14
WY,M,1959,Gerald,14
WY,M,1959,Jack,14
WY,M,1959,Roy,14
WY,M,1959,Tom,14
WY,M,1959,Carl,13
WY,M,1959,Kent,13
WY,M,1959,Eugene,12
WY,M,1959,Frank,12
WY,M,1959,Lawrence,12
WY,M,1959,Martin,12
WY,M,1959,Rodney,12
WY,M,1959,Allen,11
WY,M,1959,Andrew,11
WY,M,1959,Billy,11
WY,M,1959,Brent,11
WY,M,1959,Glenn,11
WY,M,1959,Bob,10
WY,M,1959,Chris,10
WY,M,1959,Christopher,10
WY,M,1959,Greg,10
WY,M,1959,Harold,10
WY,M,1959,Jeffery,10
WY,M,1959,Kirk,10
WY,M,1959,Peter,10
WY,M,1959,Raymond,10
WY,M,1959,Rocky,10
WY,M,1959,Bryan,9
WY,M,1959,Dean,9
WY,M,1959,Kurt,9
WY,M,1959,Kyle,9
WY,M,1959,Monte,9
WY,M,1959,Philip,9
WY,M,1959,Walter,9
WY,M,1959,Bobby,8
WY,M,1959,Bradley,8
WY,M,1959,Dave,8
WY,M,1959,Harry,8
WY,M,1959,Leonard,8
WY,M,1959,Micheal,8
WY,M,1959,Stanley,8
WY,M,1959,Tracy,8
WY,M,1959,Warren,8
WY,M,1959,Arthur,7
WY,M,1959,Francis,7
WY,M,1959,Glen,7
WY,M,1959,Lee,7
WY,M,1959,Louis,7
WY,M,1959,Lynn,7
WY,M,1959,Neal,7
WY,M,1959,Phillip,7
WY,M,1959,Vernon,7
WY,M,1959,Wade,7
WY,M,1959,Albert,6
WY,M,1959,Alfred,6
WY,M,1959,Barry,6
WY,M,1959,Howard,6
WY,M,1959,Jimmy,6
WY,M,1959,Ken,6
WY,M,1959,Kenny,6
WY,M,1959,Kim,6
WY,M,1959,Perry,6
WY,M,1959,Robin,6
WY,M,1959,Vincent,6
WY,M,1959,Andy,5
WY,M,1959,Calvin,5
WY,M,1959,Clayton,5
WY,M,1959,Clifford,5
WY,M,1959,Clinton,5
WY,M,1959,Clyde,5
WY,M,1959,Doug,5
WY,M,1959,Dwight,5
WY,M,1959,Edwin,5
WY,M,1959,Ernest,5
WY,M,1959,Gregg,5
WY,M,1959,Johnny,5
WY,M,1959,Julian,5
WY,M,1959,Kerry,5
WY,M,1959,Marvin,5
WY,M,1959,Max,5
WY,M,1959,Ralph,5
WY,M,1959,Ray,5
WY,M,1959,Rickie,5
WY,M,1959,Rod,5
WY,M,1959,Ron,5
WY,M,1959,Sam,5
WY,M,1959,Samuel,5
WY,M,1959,Shane,5
WY,M,1959,Shawn,5
WY,M,1959,Stuart,5
WY,M,1959,Ted,5
WY,M,1959,Theodore,5
WY,M,1959,Wesley,5
WY,M,1960,David,146
WY,M,1960,James,133
WY,M,1960,Robert,133
WY,M,1960,Michael,132
WY,M,1960,John,117
WY,M,1960,Mark,110
WY,M,1960,Richard,89
WY,M,1960,William,88
WY,M,1960,Steven,65
WY,M,1960,Kevin,56
WY,M,1960,Thomas,54
WY,M,1960,Scott,51
WY,M,1960,Mike,48
WY,M,1960,Daniel,47
WY,M,1960,Charles,44
WY,M,1960,Donald,44
WY,M,1960,Timothy,44
WY,M,1960,Gary,40
WY,M,1960,Larry,39
WY,M,1960,Paul,38
WY,M,1960,Ronald,38
WY,M,1960,Jeffrey,37
WY,M,1960,Kenneth,35
WY,M,1960,Randy,35
WY,M,1960,Joseph,33
WY,M,1960,Jerry,32
WY,M,1960,Craig,31
WY,M,1960,Edward,30
WY,M,1960,Dennis,28
WY,M,1960,Douglas,28
WY,M,1960,Steve,27
WY,M,1960,Terry,27
WY,M,1960,Brian,26
WY,M,1960,Dale,24
WY,M,1960,Gerald,23
WY,M,1960,Greg,23
WY,M,1960,Gregory,23
WY,M,1960,Patrick,23
WY,M,1960,Todd,23
WY,M,1960,Dan,22
WY,M,1960,Jeff,22
WY,M,1960,Keith,22
WY,M,1960,Kelly,22
WY,M,1960,Tim,22
WY,M,1960,Tom,22
WY,M,1960,Bruce,21
WY,M,1960,Jay,21
WY,M,1960,George,20
WY,M,1960,Jim,19
WY,M,1960,Rodney,19
WY,M,1960,Roger,19
WY,M,1960,Danny,18
WY,M,1960,Russell,18
WY,M,1960,Stephen,18
WY,M,1960,Alan,17
WY,M,1960,Randall,17
WY,M,1960,Raymond,17
WY,M,1960,Kent,16
WY,M,1960,Peter,16
WY,M,1960,Tony,16
WY,M,1960,Brent,15
WY,M,1960,Brett,15
WY,M,1960,Bryan,15
WY,M,1960,Carl,15
WY,M,1960,Curtis,15
WY,M,1960,Phillip,15
WY,M,1960,Ricky,15
WY,M,1960,Wayne,15
WY,M,1960,Albert,14
WY,M,1960,Arthur,14
WY,M,1960,Bob,14
WY,M,1960,Christopher,14
WY,M,1960,Clifford,14
WY,M,1960,Jack,14
WY,M,1960,Joe,14
WY,M,1960,Jon,14
WY,M,1960,Matthew,14
WY,M,1960,Allen,13
WY,M,1960,Anthony,13
WY,M,1960,Bill,13
WY,M,1960,Frank,13
WY,M,1960,Martin,13
WY,M,1960,Rick,13
WY,M,1960,Brad,12
WY,M,1960,Roy,12
WY,M,1960,Bradley,11
WY,M,1960,Eric,11
WY,M,1960,Kurt,11
WY,M,1960,Chris,10
WY,M,1960,Dave,10
WY,M,1960,Don,10
WY,M,1960,Harold,10
WY,M,1960,Henry,10
WY,M,1960,Jeffery,10
WY,M,1960,Andrew,9
WY,M,1960,Barry,9
WY,M,1960,Bart,9
WY,M,1960,Glenn,9
WY,M,1960,Lawrence,9
WY,M,1960,Louis,9
WY,M,1960,Lyle,9
WY,M,1960,Walter,9
WY,M,1960,Billy,8
WY,M,1960,Bret,8
WY,M,1960,Duane,8
WY,M,1960,Fred,8
WY,M,1960,Gordon,8
WY,M,1960,Howard,8
WY,M,1960,Kerry,8
WY,M,1960,Kirk,8
WY,M,1960,Lance,8
WY,M,1960,Lynn,8
WY,M,1960,Melvin,8
WY,M,1960,Monte,8
WY,M,1960,Ralph,8
WY,M,1960,Ronnie,8
WY,M,1960,Samuel,8
WY,M,1960,Shawn,8
WY,M,1960,Stanley,8
WY,M,1960,Tommy,8
WY,M,1960,Dean,7
WY,M,1960,Glen,7
WY,M,1960,Jimmy,7
WY,M,1960,Justin,7
WY,M,1960,Micheal,7
WY,M,1960,Norman,7
WY,M,1960,Pat,7
WY,M,1960,Rocky,7
WY,M,1960,Ron,7
WY,M,1960,Troy,7
WY,M,1960,Andy,6
WY,M,1960,Byron,6
WY,M,1960,Calvin,6
WY,M,1960,Casey,6
WY,M,1960,Chuck,6
WY,M,1960,Clinton,6
WY,M,1960,Dana,6
WY,M,1960,Darryl,6
WY,M,1960,Doug,6
WY,M,1960,Eddie,6
WY,M,1960,Jerome,6
WY,M,1960,Joel,6
WY,M,1960,Ken,6
WY,M,1960,Kyle,6
WY,M,1960,Leonard,6
WY,M,1960,Leslie,6
WY,M,1960,Mitchell,6
WY,M,1960,Philip,6
WY,M,1960,Ray,6
WY,M,1960,Shane,6
WY,M,1960,Vincent,6
WY,M,1960,Wesley,6
WY,M,1960,Bradford,5
WY,M,1960,Clark,5
WY,M,1960,Darin,5
WY,M,1960,Darren,5
WY,M,1960,Ernest,5
WY,M,1960,Francis,5
WY,M,1960,Guy,5
WY,M,1960,Karl,5
WY,M,1960,Lee,5
WY,M,1960,Manuel,5
WY,M,1960,Myron,5
WY,M,1960,Wade,5
WY,M,1961,John,153
WY,M,1961,David,152
WY,M,1961,Michael,140
WY,M,1961,Robert,131
WY,M,1961,James,124
WY,M,1961,Mark,119
WY,M,1961,Kevin,70
WY,M,1961,Scott,66
WY,M,1961,Steven,65
WY,M,1961,William,60
WY,M,1961,Mike,59
WY,M,1961,Thomas,59
WY,M,1961,Richard,55
WY,M,1961,Gary,54
WY,M,1961,Timothy,48
WY,M,1961,Daniel,47
WY,M,1961,Brian,43
WY,M,1961,Randy,42
WY,M,1961,Paul,41
WY,M,1961,Ronald,40
WY,M,1961,Jerry,39
WY,M,1961,Charles,38
WY,M,1961,Jeffrey,38
WY,M,1961,Terry,38
WY,M,1961,Kenneth,37
WY,M,1961,Larry,36
WY,M,1961,Gregory,33
WY,M,1961,Joseph,33
WY,M,1961,Donald,32
WY,M,1961,Douglas,31
WY,M,1961,Kelly,31
WY,M,1961,Todd,31
WY,M,1961,Jim,30
WY,M,1961,Steve,30
WY,M,1961,Dennis,28
WY,M,1961,Patrick,28
WY,M,1961,Russell,27
WY,M,1961,Bruce,26
WY,M,1961,Eric,24
WY,M,1961,Roger,24
WY,M,1961,Jeff,23
WY,M,1961,Bill,22
WY,M,1961,Rodney,22
WY,M,1961,Chris,21
WY,M,1961,Craig,21
WY,M,1961,Keith,21
WY,M,1961,Troy,21
WY,M,1961,Anthony,20
WY,M,1961,Greg,20
WY,M,1961,Kent,20
WY,M,1961,Raymond,20
WY,M,1961,Andrew,19
WY,M,1961,Edward,19
WY,M,1961,Frank,19
WY,M,1961,George,18
WY,M,1961,Martin,18
WY,M,1961,Rick,18
WY,M,1961,Ricky,18
WY,M,1961,Tim,18
WY,M,1961,Dale,17
WY,M,1961,Jon,16
WY,M,1961,Matthew,16
WY,M,1961,Wayne,16
WY,M,1961,Alan,15
WY,M,1961,Danny,15
WY,M,1961,Jeffery,15
WY,M,1961,Lloyd,15
WY,M,1961,Tracy,15
WY,M,1961,Brad,14
WY,M,1961,Bryan,14
WY,M,1961,Curtis,14
WY,M,1961,Dean,14
WY,M,1961,Tom,14
WY,M,1961,Allen,13
WY,M,1961,Christopher,13
WY,M,1961,Dan,13
WY,M,1961,Jack,13
WY,M,1961,Joe,13
WY,M,1961,Randall,13
WY,M,1961,Gerald,12
WY,M,1961,Jimmy,12
WY,M,1961,Ken,12
WY,M,1961,Billy,11
WY,M,1961,Bradley,11
WY,M,1961,Brett,11
WY,M,1961,Roy,11
WY,M,1961,Samuel,11
WY,M,1961,Shawn,11
WY,M,1961,Tony,11
WY,M,1961,Brent,10
WY,M,1961,Duane,10
WY,M,1961,Henry,10
WY,M,1961,Jay,10
WY,M,1961,Leonard,10
WY,M,1961,Stephen,10
WY,M,1961,Walter,10
WY,M,1961,Eddie,9
WY,M,1961,Eugene,9
WY,M,1961,Fred,9
WY,M,1961,Glen,9
WY,M,1961,Joel,9
WY,M,1961,Mitchell,9
WY,M,1961,Ron,9
WY,M,1961,Stanley,9
WY,M,1961,Bob,8
WY,M,1961,Clay,8
WY,M,1961,Clifford,8
WY,M,1961,Dave,8
WY,M,1961,Doug,8
WY,M,1961,Howard,8
WY,M,1961,Phillip,8
WY,M,1961,Robin,8
WY,M,1961,Theodore,8
WY,M,1961,Vincent,8
WY,M,1961,Arthur,7
WY,M,1961,Bart,7
WY,M,1961,Ernest,7
WY,M,1961,Gene,7
WY,M,1961,Guy,7
WY,M,1961,Harold,7
WY,M,1961,Harry,7
WY,M,1961,Jason,7
WY,M,1961,Johnny,7
WY,M,1961,Kurt,7
WY,M,1961,Lance,7
WY,M,1961,Leslie,7
WY,M,1961,Louis,7
WY,M,1961,Micheal,7
WY,M,1961,Monty,7
WY,M,1961,Philip,7
WY,M,1961,Tommy,7
WY,M,1961,Wade,7
WY,M,1961,Wesley,7
WY,M,1961,Alfred,6
WY,M,1961,Andy,6
WY,M,1961,Barry,6
WY,M,1961,Benjamin,6
WY,M,1961,Bret,6
WY,M,1961,Carl,6
WY,M,1961,Casey,6
WY,M,1961,Clark,6
WY,M,1961,Clinton,6
WY,M,1961,Darrell,6
WY,M,1961,Floyd,6
WY,M,1961,Glenn,6
WY,M,1961,Peter,6
WY,M,1961,Randolph,6
WY,M,1961,Vance,6
WY,M,1961,Aaron,5
WY,M,1961,Albert,5
WY,M,1961,Don,5
WY,M,1961,Kyle,5
WY,M,1961,Lawrence,5
WY,M,1961,Lee,5
WY,M,1961,Leo,5
WY,M,1961,Leroy,5
WY,M,1961,Lynn,5
WY,M,1961,Marvin,5
WY,M,1961,Max,5
WY,M,1961,Neal,5
WY,M,1961,Rex,5
WY,M,1961,Rob,5
WY,M,1961,Russ,5
WY,M,1961,Ty,5
WY,M,1962,David,157
WY,M,1962,John,140
WY,M,1962,Robert,128
WY,M,1962,Michael,106
WY,M,1962,James,104
WY,M,1962,Mark,95
WY,M,1962,Richard,75
WY,M,1962,Scott,65
WY,M,1962,William,61
WY,M,1962,Steven,60
WY,M,1962,Kevin,58
WY,M,1962,Thomas,52
WY,M,1962,Daniel,51
WY,M,1962,Kenneth,49
WY,M,1962,Jeffrey,46
WY,M,1962,Paul,46
WY,M,1962,Charles,45
WY,M,1962,Donald,42
WY,M,1962,Brian,41
WY,M,1962,Gary,40
WY,M,1962,Timothy,37
WY,M,1962,Mike,36
WY,M,1962,Todd,36
WY,M,1962,Jeff,34
WY,M,1962,Steve,34
WY,M,1962,Jerry,33
WY,M,1962,Douglas,31
WY,M,1962,Terry,30
WY,M,1962,Joseph,27
WY,M,1962,Randy,27
WY,M,1962,Craig,25
WY,M,1962,Gregory,25
WY,M,1962,Stephen,24
WY,M,1962,Troy,23
WY,M,1962,Alan,21
WY,M,1962,Greg,21
WY,M,1962,Jeffery,21
WY,M,1962,Larry,21
WY,M,1962,Patrick,21
WY,M,1962,Raymond,21
WY,M,1962,Roger,21
WY,M,1962,Dale,20
WY,M,1962,Eric,20
WY,M,1962,Kelly,20
WY,M,1962,Matthew,20
WY,M,1962,Randall,20
WY,M,1962,Rodney,20
WY,M,1962,George,19
WY,M,1962,Joe,19
WY,M,1962,Christopher,18
WY,M,1962,Jay,18
WY,M,1962,Keith,18
WY,M,1962,Anthony,17
WY,M,1962,Edward,17
WY,M,1962,Jim,17
WY,M,1962,Ronald,17
WY,M,1962,Tom,17
WY,M,1962,Bradley,16
WY,M,1962,Andrew,15
WY,M,1962,Curtis,15
WY,M,1962,Dan,15
WY,M,1962,Russell,15
WY,M,1962,Bruce,14
WY,M,1962,Danny,14
WY,M,1962,Dean,14
WY,M,1962,Ricky,14
WY,M,1962,Tracy,14
WY,M,1962,Bill,13
WY,M,1962,Billy,13
WY,M,1962,Bob,13
WY,M,1962,Gerald,13
WY,M,1962,Kent,13
WY,M,1962,Wayne,13
WY,M,1962,Brad,12
WY,M,1962,Brett,12
WY,M,1962,Don,12
WY,M,1962,Frank,12
WY,M,1962,Jon,12
WY,M,1962,Shawn,12
WY,M,1962,Allen,11
WY,M,1962,Barry,10
WY,M,1962,Bobby,10
WY,M,1962,Duane,10
WY,M,1962,Jack,10
WY,M,1962,Norman,10
WY,M,1962,Tony,10
WY,M,1962,Victor,10
WY,M,1962,Chris,9
WY,M,1962,Dennis,9
WY,M,1962,Harold,9
WY,M,1962,Howard,9
WY,M,1962,Lonnie,9
WY,M,1962,Melvin,9
WY,M,1962,Samuel,9
WY,M,1962,Ted,9
WY,M,1962,Brent,8
WY,M,1962,Bryan,8
WY,M,1962,Chuck,8
WY,M,1962,Darrell,8
WY,M,1962,Fred,8
WY,M,1962,Glen,8
WY,M,1962,Jesse,8
WY,M,1962,Kurt,8
WY,M,1962,Ron,8
WY,M,1962,Roy,8
WY,M,1962,Stuart,8
WY,M,1962,Theodore,8
WY,M,1962,Walter,8
WY,M,1962,Dwayne,7
WY,M,1962,Guy,7
WY,M,1962,Kenny,7
WY,M,1962,Lawrence,7
WY,M,1962,Micheal,7
WY,M,1962,Rick,7
WY,M,1962,Shane,7
WY,M,1962,Tim,7
WY,M,1962,Vincent,7
WY,M,1962,Wade,7
WY,M,1962,Albert,6
WY,M,1962,Benjamin,6
WY,M,1962,Bret,6
WY,M,1962,Casey,6
WY,M,1962,Clifford,6
WY,M,1962,Clinton,6
WY,M,1962,Darryl,6
WY,M,1962,Dave,6
WY,M,1962,Doug,6
WY,M,1962,Earl,6
WY,M,1962,Eddie,6
WY,M,1962,Floyd,6
WY,M,1962,Gene,6
WY,M,1962,Glenn,6
WY,M,1962,Grant,6
WY,M,1962,Joel,6
WY,M,1962,Jonathan,6
WY,M,1962,Kirk,6
WY,M,1962,Leon,6
WY,M,1962,Leroy,6
WY,M,1962,Leslie,6
WY,M,1962,Martin,6
WY,M,1962,Monte,6
WY,M,1962,Neil,6
WY,M,1962,Perry,6
WY,M,1962,Phillip,6
WY,M,1962,Ray,6
WY,M,1962,Robin,6
WY,M,1962,Rod,6
WY,M,1962,Ronnie,6
WY,M,1962,Tommy,6
WY,M,1962,Warren,6
WY,M,1962,Wesley,6
WY,M,1962,Adam,5
WY,M,1962,Andy,5
WY,M,1962,Bart,5
WY,M,1962,Carl,5
WY,M,1962,Chad,5
WY,M,1962,Clarence,5
WY,M,1962,Clay,5
WY,M,1962,Darren,5
WY,M,1962,Derek,5
WY,M,1962,Dwight,5
WY,M,1962,Edwin,5
WY,M,1962,Ernest,5
WY,M,1962,Gordon,5
WY,M,1962,Jason,5
WY,M,1962,Kyle,5
WY,M,1962,Lance,5
WY,M,1962,Lee,5
WY,M,1962,Leo,5
WY,M,1962,Lester,5
WY,M,1962,Loren,5
WY,M,1962,Marvin,5
WY,M,1962,Mitchell,5
WY,M,1962,Pat,5
WY,M,1962,Ralph,5
WY,M,1962,Ross,5
WY,M,1962,Sam,5
WY,M,1963,Michael,130
WY,M,1963,David,128
WY,M,1963,John,118
WY,M,1963,James,115
WY,M,1963,Robert,105
WY,M,1963,Mark,98
WY,M,1963,Richard,76
WY,M,1963,William,76
WY,M,1963,Scott,72
WY,M,1963,Steven,60
WY,M,1963,Kevin,57
WY,M,1963,Paul,48
WY,M,1963,Kenneth,46
WY,M,1963,Thomas,46
WY,M,1963,Jeffrey,44
WY,M,1963,Daniel,42
WY,M,1963,Brian,38
WY,M,1963,Joseph,38
WY,M,1963,Charles,37
WY,M,1963,Donald,36
WY,M,1963,Gregory,34
WY,M,1963,Gary,32
WY,M,1963,Timothy,32
WY,M,1963,Edward,30
WY,M,1963,Patrick,30
WY,M,1963,Todd,30
WY,M,1963,Mike,29
WY,M,1963,Troy,28
WY,M,1963,Ronald,27
WY,M,1963,Anthony,25
WY,M,1963,Douglas,25
WY,M,1963,Steve,24
WY,M,1963,Terry,23
WY,M,1963,George,22
WY,M,1963,Jerry,22
WY,M,1963,Dale,21
WY,M,1963,Randy,21
WY,M,1963,Christopher,20
WY,M,1963,Jeff,20
WY,M,1963,Jim,20
WY,M,1963,Eric,19
WY,M,1963,Joe,19
WY,M,1963,Larry,19
WY,M,1963,Bruce,18
WY,M,1963,Raymond,18
WY,M,1963,Russell,18
WY,M,1963,Brett,17
WY,M,1963,Craig,17
WY,M,1963,Rodney,17
WY,M,1963,Dennis,16
WY,M,1963,Frank,16
WY,M,1963,Matthew,16
WY,M,1963,Shawn,16
WY,M,1963,Danny,15
WY,M,1963,Greg,15
WY,M,1963,Jon,15
WY,M,1963,Keith,15
WY,M,1963,Kelly,15
WY,M,1963,Stephen,15
WY,M,1963,Chris,14
WY,M,1963,Ricky,14
WY,M,1963,Tim,14
WY,M,1963,Wayne,14
WY,M,1963,Alan,13
WY,M,1963,Dan,13
WY,M,1963,Martin,13
WY,M,1963,Roger,13
WY,M,1963,Brad,12
WY,M,1963,Bradley,12
WY,M,1963,Brent,12
WY,M,1963,Ralph,12
WY,M,1963,Rick,12
WY,M,1963,Curtis,11
WY,M,1963,Jay,11
WY,M,1963,Leslie,11
WY,M,1963,Tom,11
WY,M,1963,Carl,10
WY,M,1963,Clayton,10
WY,M,1963,Don,10
WY,M,1963,Glen,10
WY,M,1963,Lance,10
WY,M,1963,Phillip,10
WY,M,1963,Bryan,9
WY,M,1963,Calvin,9
WY,M,1963,Dave,9
WY,M,1963,Dean,9
WY,M,1963,Gerald,9
WY,M,1963,Harold,9
WY,M,1963,Kerry,9
WY,M,1963,Peter,9
WY,M,1963,Roy,9
WY,M,1963,Tony,9
WY,M,1963,Allen,8
WY,M,1963,Barry,8
WY,M,1963,Bill,8
WY,M,1963,Billy,8
WY,M,1963,Doug,8
WY,M,1963,Ernest,8
WY,M,1963,Kirk,8
WY,M,1963,Wesley,8
WY,M,1963,Albert,7
WY,M,1963,Andrew,7
WY,M,1963,Andy,7
WY,M,1963,Clifford,7
WY,M,1963,Derek,7
WY,M,1963,Glenn,7
WY,M,1963,Howard,7
WY,M,1963,Jack,7
WY,M,1963,Jesse,7
WY,M,1963,Jody,7
WY,M,1963,Marty,7
WY,M,1963,Matt,7
WY,M,1963,Micheal,7
WY,M,1963,Randall,7
WY,M,1963,Shane,7
WY,M,1963,Tracy,7
WY,M,1963,Cody,6
WY,M,1963,Darren,6
WY,M,1963,Earl,6
WY,M,1963,Fred,6
WY,M,1963,Kyle,6
WY,M,1963,Leroy,6
WY,M,1963,Lloyd,6
WY,M,1963,Lonnie,6
WY,M,1963,Marvin,6
WY,M,1963,Neil,6
WY,M,1963,Norman,6
WY,M,1963,Philip,6
WY,M,1963,Robin,6
WY,M,1963,Ron,6
WY,M,1963,Ronnie,6
WY,M,1963,Victor,6
WY,M,1963,Vincent,6
WY,M,1963,Arthur,5
WY,M,1963,Bart,5
WY,M,1963,Bob,5
WY,M,1963,Chad,5
WY,M,1963,Clint,5
WY,M,1963,Darrell,5
WY,M,1963,Dick,5
WY,M,1963,Forrest,5
WY,M,1963,Franklin,5
WY,M,1963,Jeffery,5
WY,M,1963,Jose,5
WY,M,1963,Justin,5
WY,M,1963,Kent,5
WY,M,1963,Kurt,5
WY,M,1963,Lawrence,5
WY,M,1963,Lewis,5
WY,M,1963,Lynn,5
WY,M,1963,Marc,5
WY,M,1963,Stanley,5
WY,M,1963,Theodore,5
WY,M,1963,Wade,5
WY,M,1964,John,140
WY,M,1964,David,133
WY,M,1964,Michael,110
WY,M,1964,Robert,102
WY,M,1964,James,96
WY,M,1964,Mark,78
WY,M,1964,William,62
WY,M,1964,Scott,58
WY,M,1964,Richard,54
WY,M,1964,Kevin,50
WY,M,1964,Steven,48
WY,M,1964,Thomas,46
WY,M,1964,Brian,45
WY,M,1964,Mike,45
WY,M,1964,Paul,43
WY,M,1964,Todd,42
WY,M,1964,Daniel,40
WY,M,1964,Donald,36
WY,M,1964,Joseph,35
WY,M,1964,Timothy,34
WY,M,1964,Jeffrey,33
WY,M,1964,Kenneth,32
WY,M,1964,Charles,31
WY,M,1964,Larry,30
WY,M,1964,Christopher,29
WY,M,1964,George,26
WY,M,1964,Jim,26
WY,M,1964,Ronald,25
WY,M,1964,Anthony,24
WY,M,1964,Gary,24
WY,M,1964,Patrick,24
WY,M,1964,Terry,23
WY,M,1964,Eric,22
WY,M,1964,Matthew,22
WY,M,1964,Andrew,21
WY,M,1964,Troy,21
WY,M,1964,Edward,20
WY,M,1964,Gregory,20
WY,M,1964,Jerry,20
WY,M,1964,Steve,20
WY,M,1964,Danny,19
WY,M,1964,Dennis,18
WY,M,1964,Craig,17
WY,M,1964,Douglas,17
WY,M,1964,Randy,17
WY,M,1964,Stephen,17
WY,M,1964,Tim,17
WY,M,1964,Bruce,16
WY,M,1964,Jeff,16
WY,M,1964,Joe,16
WY,M,1964,Keith,16
WY,M,1964,Brent,15
WY,M,1964,Roger,15
WY,M,1964,Russell,15
WY,M,1964,Bradley,14
WY,M,1964,Ray,14
WY,M,1964,Tony,14
WY,M,1964,Dale,13
WY,M,1964,Dean,13
WY,M,1964,Don,13
WY,M,1964,Frank,13
WY,M,1964,Jack,13
WY,M,1964,Lance,13
WY,M,1964,Shawn,13
WY,M,1964,Brett,12
WY,M,1964,Curtis,12
WY,M,1964,Dan,12
WY,M,1964,Jay,12
WY,M,1964,Jeffery,12
WY,M,1964,Darren,11
WY,M,1964,Kent,11
WY,M,1964,Raymond,11
WY,M,1964,Rick,11
WY,M,1964,Brad,10
WY,M,1964,Bryan,10
WY,M,1964,Carl,10
WY,M,1964,Chris,10
WY,M,1964,Greg,10
WY,M,1964,Lawrence,10
WY,M,1964,Micheal,10
WY,M,1964,Samuel,10
WY,M,1964,Vernon,10
WY,M,1964,Wayne,10
WY,M,1964,Alan,9
WY,M,1964,Bill,9
WY,M,1964,Darrell,9
WY,M,1964,Lonnie,9
WY,M,1964,Martin,9
WY,M,1964,Randall,9
WY,M,1964,Ricky,9
WY,M,1964,Rodney,9
WY,M,1964,Tom,9
WY,M,1964,Corey,8
WY,M,1964,Dave,8
WY,M,1964,Ernest,8
WY,M,1964,Glenn,8
WY,M,1964,Jon,8
WY,M,1964,Leonard,8
WY,M,1964,Philip,8
WY,M,1964,Roy,8
WY,M,1964,Shane,8
WY,M,1964,Wesley,8
WY,M,1964,Billy,7
WY,M,1964,Bob,7
WY,M,1964,Eddie,7
WY,M,1964,Gerald,7
WY,M,1964,Kelly,7
WY,M,1964,Lee,7
WY,M,1964,Lyle,7
WY,M,1964,Peter,7
WY,M,1964,Robin,7
WY,M,1964,Shannon,7
WY,M,1964,Stanley,7
WY,M,1964,Tracy,7
WY,M,1964,Adam,6
WY,M,1964,Arthur,6
WY,M,1964,Clinton,6
WY,M,1964,Doug,6
WY,M,1964,Duane,6
WY,M,1964,Fred,6
WY,M,1964,Jesse,6
WY,M,1964,Johnny,6
WY,M,1964,Jonathan,6
WY,M,1964,Jose,6
WY,M,1964,Kirk,6
WY,M,1964,Marty,6
WY,M,1964,Sean,6
WY,M,1964,Victor,6
WY,M,1964,Vincent,6
WY,M,1964,Wade,6
WY,M,1964,Allen,5
WY,M,1964,Barry,5
WY,M,1964,Benny,5
WY,M,1964,Blake,5
WY,M,1964,Bret,5
WY,M,1964,Casey,5
WY,M,1964,Chad,5
WY,M,1964,Dwayne,5
WY,M,1964,Earl,5
WY,M,1964,Glen,5
WY,M,1964,Harry,5
WY,M,1964,Joel,5
WY,M,1964,Justin,5
WY,M,1964,Karl,5
WY,M,1964,Kurt,5
WY,M,1964,Lloyd,5
WY,M,1964,Matt,5
WY,M,1964,Mitchell,5
WY,M,1964,Norman,5
WY,M,1964,Pete,5
WY,M,1964,Phillip,5
WY,M,1964,Rob,5
WY,M,1964,Shaun,5
WY,M,1964,Tommy,5
WY,M,1964,Warren,5
WY,M,1965,Michael,137
WY,M,1965,John,121
WY,M,1965,Robert,105
WY,M,1965,David,97
WY,M,1965,James,90
WY,M,1965,Mark,67
WY,M,1965,Richard,62
WY,M,1965,William,57
WY,M,1965,Kevin,48
WY,M,1965,Thomas,48
WY,M,1965,Scott,47
WY,M,1965,Paul,45
WY,M,1965,Steven,44
WY,M,1965,Jeffrey,41
WY,M,1965,Kenneth,39
WY,M,1965,Daniel,37
WY,M,1965,Brian,35
WY,M,1965,Joseph,34
WY,M,1965,Timothy,32
WY,M,1965,Charles,31
WY,M,1965,Todd,31
WY,M,1965,Gary,30
WY,M,1965,Ronald,29
WY,M,1965,Troy,29
WY,M,1965,Douglas,28
WY,M,1965,Stephen,27
WY,M,1965,Christopher,25
WY,M,1965,Donald,25
WY,M,1965,Dale,24
WY,M,1965,Gregory,23
WY,M,1965,Matthew,23
WY,M,1965,Eric,22
WY,M,1965,Mike,22
WY,M,1965,Rodney,21
WY,M,1965,Patrick,20
WY,M,1965,Andrew,17
WY,M,1965,Anthony,17
WY,M,1965,Frank,17
WY,M,1965,Jay,17
WY,M,1965,Jerry,17
WY,M,1965,Randy,17
WY,M,1965,Shawn,17
WY,M,1965,Russell,16
WY,M,1965,Alan,15
WY,M,1965,Carl,15
WY,M,1965,Edward,15
WY,M,1965,George,15
WY,M,1965,Jeffery,15
WY,M,1965,Craig,14
WY,M,1965,Roger,14
WY,M,1965,Dennis,13
WY,M,1965,Jon,13
WY,M,1965,Brent,12
WY,M,1965,Chris,12
WY,M,1965,Larry,12
WY,M,1965,Martin,12
WY,M,1965,Phillip,12
WY,M,1965,Ricky,12
WY,M,1965,Terry,12
WY,M,1965,Allen,11
WY,M,1965,Danny,11
WY,M,1965,Jeff,11
WY,M,1965,Kelly,11
WY,M,1965,Bill,10
WY,M,1965,Bradley,10
WY,M,1965,Brett,10
WY,M,1965,Darren,10
WY,M,1965,Jim,10
WY,M,1965,Keith,10
WY,M,1965,Lawrence,10
WY,M,1965,Randall,10
WY,M,1965,Tracy,10
WY,M,1965,Billy,9
WY,M,1965,Bruce,9
WY,M,1965,Glenn,9
WY,M,1965,Jack,9
WY,M,1965,Jesse,9
WY,M,1965,Joe,9
WY,M,1965,Lance,9
WY,M,1965,Steve,9
WY,M,1965,Wade,9
WY,M,1965,Barry,8
WY,M,1965,Bryan,8
WY,M,1965,Clifford,8
WY,M,1965,Dean,8
WY,M,1965,Jason,8
WY,M,1965,Matt,8
WY,M,1965,Raymond,8
WY,M,1965,Rick,8
WY,M,1965,Tom,8
WY,M,1965,Chad,7
WY,M,1965,Dan,7
WY,M,1965,Darin,7
WY,M,1965,Darrell,7
WY,M,1965,Duane,7
WY,M,1965,Eddie,7
WY,M,1965,Greg,7
WY,M,1965,Jamie,7
WY,M,1965,Joel,7
WY,M,1965,Kurt,7
WY,M,1965,Lee,7
WY,M,1965,Max,7
WY,M,1965,Roy,7
WY,M,1965,Tim,7
WY,M,1965,Brad,6
WY,M,1965,Darrin,6
WY,M,1965,Don,6
WY,M,1965,Gerald,6
WY,M,1965,Glen,6
WY,M,1965,Henry,6
WY,M,1965,Ken,6
WY,M,1965,Kent,6
WY,M,1965,Ralph,6
WY,M,1965,Ron,6
WY,M,1965,Shane,6
WY,M,1965,Tony,6
WY,M,1965,Travis,6
WY,M,1965,Victor,6
WY,M,1965,Vincent,6
WY,M,1965,Walter,6
WY,M,1965,Albert,5
WY,M,1965,Andy,5
WY,M,1965,Arthur,5
WY,M,1965,Ben,5
WY,M,1965,Bobby,5
WY,M,1965,Bret,5
WY,M,1965,Casey,5
WY,M,1965,Clark,5
WY,M,1965,Clayton,5
WY,M,1965,Curt,5
WY,M,1965,Doug,5
WY,M,1965,Gregg,5
WY,M,1965,Harold,5
WY,M,1965,Jonathan,5
WY,M,1965,Justin,5
WY,M,1965,Kirk,5
WY,M,1965,Leonard,5
WY,M,1965,Loren,5
WY,M,1965,Mitchell,5
WY,M,1965,Pat,5
WY,M,1965,Rob,5
WY,M,1965,Sean,5
WY,M,1965,Wesley,5
WY,M,1965,Weston,5
WY,M,1966,Michael,122
WY,M,1966,James,97
WY,M,1966,David,95
WY,M,1966,John,88
WY,M,1966,Robert,75
WY,M,1966,Richard,57
WY,M,1966,Brian,54
WY,M,1966,William,50
WY,M,1966,Scott,45
WY,M,1966,Paul,42
WY,M,1966,Steven,42
WY,M,1966,Kevin,41
WY,M,1966,Mark,38
WY,M,1966,Daniel,35
WY,M,1966,Todd,35
WY,M,1966,Thomas,33
WY,M,1966,Timothy,32
WY,M,1966,Ronald,31
WY,M,1966,Jeffrey,30
WY,M,1966,Troy,26
WY,M,1966,Charles,25
WY,M,1966,Eric,25
WY,M,1966,Kenneth,25
WY,M,1966,Patrick,25
WY,M,1966,Donald,24
WY,M,1966,Joseph,24
WY,M,1966,Christopher,22
WY,M,1966,Douglas,22
WY,M,1966,Matthew,22
WY,M,1966,Gary,21
WY,M,1966,Gregory,21
WY,M,1966,Mike,20
WY,M,1966,Jerry,19
WY,M,1966,Randy,19
WY,M,1966,Shawn,18
WY,M,1966,Dennis,17
WY,M,1966,Kelly,17
WY,M,1966,Anthony,16
WY,M,1966,Stephen,16
WY,M,1966,Craig,15
WY,M,1966,Frank,15
WY,M,1966,George,15
WY,M,1966,Larry,15
WY,M,1966,Dean,14
WY,M,1966,Randall,13
WY,M,1966,Tom,13
WY,M,1966,Bill,12
WY,M,1966,Brad,12
WY,M,1966,Edward,12
WY,M,1966,Jon,12
WY,M,1966,Tony,12
WY,M,1966,Brett,11
WY,M,1966,Danny,11
WY,M,1966,Darin,11
WY,M,1966,Joe,11
WY,M,1966,Steve,11
WY,M,1966,Chris,10
WY,M,1966,Dale,10
WY,M,1966,Jeffery,10
WY,M,1966,Keith,10
WY,M,1966,Peter,10
WY,M,1966,Phillip,10
WY,M,1966,Roger,10
WY,M,1966,Sean,10
WY,M,1966,Terry,10
WY,M,1966,Vincent,10
WY,M,1966,Alan,9
WY,M,1966,Bryan,9
WY,M,1966,Chad,9
WY,M,1966,Glen,9
WY,M,1966,Jim,9
WY,M,1966,Tracy,9
WY,M,1966,Wayne,9
WY,M,1966,Cody,8
WY,M,1966,Curtis,8
WY,M,1966,Darren,8
WY,M,1966,Howard,8
WY,M,1966,Jeff,8
WY,M,1966,Lance,8
WY,M,1966,Rodney,8
WY,M,1966,Samuel,8
WY,M,1966,Wade,8
WY,M,1966,Allen,7
WY,M,1966,Brent,7
WY,M,1966,Casey,7
WY,M,1966,Clinton,7
WY,M,1966,Johnny,7
WY,M,1966,Lee,7
WY,M,1966,Marty,7
WY,M,1966,Rick,7
WY,M,1966,Ryan,7
WY,M,1966,Tim,7
WY,M,1966,Ty,7
WY,M,1966,Aaron,6
WY,M,1966,Bradley,6
WY,M,1966,Don,6
WY,M,1966,Ernest,6
WY,M,1966,Glenn,6
WY,M,1966,Jason,6
WY,M,1966,Jay,6
WY,M,1966,Jesse,6
WY,M,1966,Kyle,6
WY,M,1966,Louis,6
WY,M,1966,Philip,6
WY,M,1966,Russell,6
WY,M,1966,Tommy,6
WY,M,1966,Barry,5
WY,M,1966,Billy,5
WY,M,1966,Bob,5
WY,M,1966,Bret,5
WY,M,1966,Bruce,5
WY,M,1966,Carl,5
WY,M,1966,Erik,5
WY,M,1966,Francis,5
WY,M,1966,Greg,5
WY,M,1966,Harold,5
WY,M,1966,Jack,5
WY,M,1966,Justin,5
WY,M,1966,Kirk,5
WY,M,1966,Lawrence,5
WY,M,1966,Martin,5
WY,M,1966,Micheal,5
WY,M,1966,Monte,5
WY,M,1966,Neal,5
WY,M,1966,Raymond,5
WY,M,1966,Shane,5
WY,M,1966,Theodore,5
WY,M,1966,Travis,5
WY,M,1966,Victor,5
WY,M,1967,Michael,125
WY,M,1967,David,94
WY,M,1967,John,94
WY,M,1967,Robert,75
WY,M,1967,James,73
WY,M,1967,Richard,63
WY,M,1967,Mark,52
WY,M,1967,Scott,49
WY,M,1967,Timothy,46
WY,M,1967,Steven,45
WY,M,1967,William,44
WY,M,1967,Thomas,40
WY,M,1967,Todd,38
WY,M,1967,Paul,37
WY,M,1967,Brian,36
WY,M,1967,Daniel,35
WY,M,1967,Jeffrey,34
WY,M,1967,Troy,34
WY,M,1967,Kevin,33
WY,M,1967,Christopher,31
WY,M,1967,Kenneth,29
WY,M,1967,Gregory,26
WY,M,1967,Eric,25
WY,M,1967,Anthony,23
WY,M,1967,Patrick,23
WY,M,1967,Charles,22
WY,M,1967,Donald,22
WY,M,1967,Joseph,21
WY,M,1967,Ronald,21
WY,M,1967,Douglas,20
WY,M,1967,Shawn,20
WY,M,1967,Mike,19
WY,M,1967,Gary,18
WY,M,1967,Randy,17
WY,M,1967,Jason,16
WY,M,1967,Jerry,16
WY,M,1967,Dale,15
WY,M,1967,Kelly,14
WY,M,1967,Larry,14
WY,M,1967,Chad,13
WY,M,1967,Edward,13
WY,M,1967,Jay,13
WY,M,1967,Jeff,13
WY,M,1967,Keith,13
WY,M,1967,Matthew,13
WY,M,1967,Peter,13
WY,M,1967,Russell,13
WY,M,1967,Shane,13
WY,M,1967,Chris,12
WY,M,1967,Stephen,12
WY,M,1967,Brent,11
WY,M,1967,Dean,11
WY,M,1967,Raymond,11
WY,M,1967,Rodney,11
WY,M,1967,Andrew,10
WY,M,1967,Bradley,10
WY,M,1967,Curtis,10
WY,M,1967,Frank,10
WY,M,1967,George,10
WY,M,1967,Terry,10
WY,M,1967,Jeffery,9
WY,M,1967,Joe,9
WY,M,1967,Jon,9
WY,M,1967,Roger,9
WY,M,1967,Steve,9
WY,M,1967,Brett,8
WY,M,1967,Bryan,8
WY,M,1967,Carl,8
WY,M,1967,Craig,8
WY,M,1967,Kurt,8
WY,M,1967,Randall,8
WY,M,1967,Wayne,8
WY,M,1967,Benjamin,7
WY,M,1967,Bill,7
WY,M,1967,Brad,7
WY,M,1967,Jack,7
WY,M,1967,Jim,7
WY,M,1967,Justin,7
WY,M,1967,Lee,7
WY,M,1967,Lonnie,7
WY,M,1967,Micheal,7
WY,M,1967,Sean,7
WY,M,1967,Travis,7
WY,M,1967,Aaron,6
WY,M,1967,Alan,6
WY,M,1967,Albert,6
WY,M,1967,Bruce,6
WY,M,1967,Darin,6
WY,M,1967,Darren,6
WY,M,1967,Dennis,6
WY,M,1967,Erik,6
WY,M,1967,Jimmy,6
WY,M,1967,Johnny,6
WY,M,1967,Jonathan,6
WY,M,1967,Kirk,6
WY,M,1967,Lance,6
WY,M,1967,Lawrence,6
WY,M,1967,Lloyd,6
WY,M,1967,Philip,6
WY,M,1967,Phillip,6
WY,M,1967,Samuel,6
WY,M,1967,Theodore,6
WY,M,1967,Tim,6
WY,M,1967,Tony,6
WY,M,1967,Vincent,6
WY,M,1967,Arthur,5
WY,M,1967,Bryce,5
WY,M,1967,Clifford,5
WY,M,1967,Clinton,5
WY,M,1967,Cody,5
WY,M,1967,Danny,5
WY,M,1967,Darrin,5
WY,M,1967,Derek,5
WY,M,1967,Gerald,5
WY,M,1967,Karl,5
WY,M,1967,Leroy,5
WY,M,1967,Lyle,5
WY,M,1967,Martin,5
WY,M,1967,Monte,5
WY,M,1967,Norman,5
WY,M,1967,Ricky,5
WY,M,1967,Victor,5
WY,M,1968,Michael,171
WY,M,1968,David,103
WY,M,1968,James,102
WY,M,1968,Robert,95
WY,M,1968,John,88
WY,M,1968,Mark,53
WY,M,1968,Brian,48
WY,M,1968,Kevin,48
WY,M,1968,William,48
WY,M,1968,Richard,46
WY,M,1968,Steven,46
WY,M,1968,Todd,41
WY,M,1968,Scott,39
WY,M,1968,Timothy,38
WY,M,1968,Eric,36
WY,M,1968,Jeffrey,33
WY,M,1968,Daniel,32
WY,M,1968,Troy,32
WY,M,1968,Thomas,29
WY,M,1968,Patrick,28
WY,M,1968,Paul,28
WY,M,1968,Christopher,27
WY,M,1968,Joseph,26
WY,M,1968,Shawn,25
WY,M,1968,Donald,23
WY,M,1968,Gregory,23
WY,M,1968,Kenneth,23
WY,M,1968,Ronald,23
WY,M,1968,Gary,21
WY,M,1968,Jerry,21
WY,M,1968,Charles,20
WY,M,1968,Justin,20
WY,M,1968,Kelly,20
WY,M,1968,Douglas,19
WY,M,1968,Matthew,19
WY,M,1968,Edward,18
WY,M,1968,Jason,18
WY,M,1968,Sean,18
WY,M,1968,Anthony,17
WY,M,1968,Brett,16
WY,M,1968,Chad,15
WY,M,1968,Craig,15
WY,M,1968,Jack,15
WY,M,1968,Rodney,14
WY,M,1968,Russell,14
WY,M,1968,Shane,14
WY,M,1968,Stephen,14
WY,M,1968,Travis,14
WY,M,1968,Bradley,13
WY,M,1968,George,13
WY,M,1968,Wayne,13
WY,M,1968,Darren,12
WY,M,1968,Dennis,12
WY,M,1968,Keith,12
WY,M,1968,Larry,12
WY,M,1968,Mike,12
WY,M,1968,Terry,12
WY,M,1968,Carl,11
WY,M,1968,Chris,11
WY,M,1968,Tim,11
WY,M,1968,Andrew,10
WY,M,1968,Bryan,10
WY,M,1968,Jeff,10
WY,M,1968,Tony,10
WY,M,1968,Danny,9
WY,M,1968,Jeffery,9
WY,M,1968,Randy,9
WY,M,1968,Tom,9
WY,M,1968,Albert,8
WY,M,1968,Darin,8
WY,M,1968,Frank,8
WY,M,1968,Gerald,8
WY,M,1968,Leonard,8
WY,M,1968,Roy,8
WY,M,1968,Wesley,8
WY,M,1968,Bruce,7
WY,M,1968,Dale,7
WY,M,1968,Erik,7
WY,M,1968,Glen,7
WY,M,1968,Joel,7
WY,M,1968,Kyle,7
WY,M,1968,Lawrence,7
WY,M,1968,Ty,7
WY,M,1968,Vincent,7
WY,M,1968,Brent,6
WY,M,1968,Cody,6
WY,M,1968,Dean,6
WY,M,1968,Derek,6
WY,M,1968,Fred,6
WY,M,1968,Jon,6
WY,M,1968,Lance,6
WY,M,1968,Martin,6
WY,M,1968,Raymond,6
WY,M,1968,Steve,6
WY,M,1968,Aaron,5
WY,M,1968,Adam,5
WY,M,1968,Allen,5
WY,M,1968,Barry,5
WY,M,1968,Benjamin,5
WY,M,1968,Bill,5
WY,M,1968,Brad,5
WY,M,1968,Bret,5
WY,M,1968,Curt,5
WY,M,1968,Curtis,5
WY,M,1968,Dustin,5
WY,M,1968,Joe,5
WY,M,1968,Leroy,5
WY,M,1968,Leslie,5
WY,M,1968,Nick,5
WY,M,1968,Norman,5
WY,M,1968,Peter,5
WY,M,1968,Rick,5
WY,M,1968,Ricky,5
WY,M,1968,Rusty,5
WY,M,1968,Warren,5
WY,M,1969,Michael,123
WY,M,1969,Robert,97
WY,M,1969,John,90
WY,M,1969,James,89
WY,M,1969,David,82
WY,M,1969,Scott,54
WY,M,1969,Brian,50
WY,M,1969,Jeffrey,47
WY,M,1969,Jason,46
WY,M,1969,Richard,42
WY,M,1969,Thomas,42
WY,M,1969,Steven,41
WY,M,1969,Mark,38
WY,M,1969,William,38
WY,M,1969,Eric,36
WY,M,1969,Daniel,35
WY,M,1969,Troy,35
WY,M,1969,Christopher,34
WY,M,1969,Kevin,34
WY,M,1969,Timothy,33
WY,M,1969,Donald,30
WY,M,1969,Kenneth,30
WY,M,1969,Charles,28
WY,M,1969,Matthew,28
WY,M,1969,Paul,27
WY,M,1969,Joseph,23
WY,M,1969,Todd,23
WY,M,1969,Anthony,22
WY,M,1969,Ronald,21
WY,M,1969,Stephen,21
WY,M,1969,Gary,20
WY,M,1969,Patrick,20
WY,M,1969,Cory,19
WY,M,1969,George,19
WY,M,1969,Shane,19
WY,M,1969,Travis,18
WY,M,1969,Bradley,17
WY,M,1969,Chad,17
WY,M,1969,Gregory,17
WY,M,1969,Jerry,17
WY,M,1969,Sean,17
WY,M,1969,Shawn,17
WY,M,1969,Craig,16
WY,M,1969,Justin,16
WY,M,1969,Kelly,16
WY,M,1969,Raymond,14
WY,M,1969,Andrew,13
WY,M,1969,Brett,13
WY,M,1969,Bryan,13
WY,M,1969,Dale,13
WY,M,1969,Dennis,13
WY,M,1969,Jay,13
WY,M,1969,Lance,13
WY,M,1969,Terry,13
WY,M,1969,Jon,12
WY,M,1969,Frank,11
WY,M,1969,Joe,11
WY,M,1969,Larry,11
WY,M,1969,Mike,11
WY,M,1969,Rodney,11
WY,M,1969,Clinton,10
WY,M,1969,Douglas,10
WY,M,1969,Jack,10
WY,M,1969,Jeff,10
WY,M,1969,Keith,10
WY,M,1969,Kurt,10
WY,M,1969,Randy,10
WY,M,1969,Wade,10
WY,M,1969,Wayne,10
WY,M,1969,Aaron,9
WY,M,1969,Brent,9
WY,M,1969,Edward,9
WY,M,1969,Gerald,9
WY,M,1969,Jeffery,9
WY,M,1969,Lee,9
WY,M,1969,Ricky,9
WY,M,1969,Russell,9
WY,M,1969,Ryan,9
WY,M,1969,Tony,9
WY,M,1969,Bruce,8
WY,M,1969,Carl,8
WY,M,1969,Corey,8
WY,M,1969,Darren,8
WY,M,1969,Jonathan,8
WY,M,1969,Kent,8
WY,M,1969,Kyle,8
WY,M,1969,Lawrence,8
WY,M,1969,Matt,8
WY,M,1969,Peter,8
WY,M,1969,Steve,8
WY,M,1969,Barry,7
WY,M,1969,Bill,7
WY,M,1969,Curtis,7
WY,M,1969,Darin,7
WY,M,1969,Dean,7
WY,M,1969,Jim,7
WY,M,1969,Samuel,7
WY,M,1969,Shannon,7
WY,M,1969,Alan,6
WY,M,1969,Allen,6
WY,M,1969,Arthur,6
WY,M,1969,Brad,6
WY,M,1969,Bret,6
WY,M,1969,Chris,6
WY,M,1969,Christian,6
WY,M,1969,Duane,6
WY,M,1969,Glen,6
WY,M,1969,Harold,6
WY,M,1969,Jesse,6
WY,M,1969,Jody,6
WY,M,1969,Joel,6
WY,M,1969,Lloyd,6
WY,M,1969,Neil,6
WY,M,1969,Phillip,6
WY,M,1969,Trent,6
WY,M,1969,Brady,5
WY,M,1969,Calvin,5
WY,M,1969,Cody,5
WY,M,1969,Derek,5
WY,M,1969,Earl,5
WY,M,1969,Fred,5
WY,M,1969,Glenn,5
WY,M,1969,Gordon,5
WY,M,1969,Karl,5
WY,M,1969,Leroy,5
WY,M,1969,Marty,5
WY,M,1969,Marvin,5
WY,M,1969,Micheal,5
WY,M,1969,Nathan,5
WY,M,1969,Tom,5
WY,M,1969,Victor,5
WY,M,1969,Vincent,5
WY,M,1969,Walter,5
WY,M,1970,Michael,136
WY,M,1970,David,95
WY,M,1970,James,95
WY,M,1970,John,92
WY,M,1970,Robert,88
WY,M,1970,Jason,64
WY,M,1970,Christopher,61
WY,M,1970,William,59
WY,M,1970,Scott,58
WY,M,1970,Brian,53
WY,M,1970,Kevin,49
WY,M,1970,Mark,47
WY,M,1970,Jeffrey,45
WY,M,1970,Richard,42
WY,M,1970,Steven,39
WY,M,1970,Thomas,36
WY,M,1970,Eric,35
WY,M,1970,Charles,32
WY,M,1970,Matthew,32
WY,M,1970,Daniel,31
WY,M,1970,Shawn,30
WY,M,1970,Gary,29
WY,M,1970,Timothy,29
WY,M,1970,Todd,29
WY,M,1970,Patrick,27
WY,M,1970,Joseph,26
WY,M,1970,Troy,26
WY,M,1970,Shane,25
WY,M,1970,Paul,24
WY,M,1970,Gregory,23
WY,M,1970,Travis,22
WY,M,1970,Andrew,20
WY,M,1970,Chad,20
WY,M,1970,Jeremy,19
WY,M,1970,Justin,19
WY,M,1970,Anthony,17
WY,M,1970,Bryan,17
WY,M,1970,Donald,17
WY,M,1970,Douglas,17
WY,M,1970,Sean,17
WY,M,1970,Kenneth,16
WY,M,1970,Ronald,16
WY,M,1970,Jerry,15
WY,M,1970,Larry,15
WY,M,1970,Russell,15
WY,M,1970,Stephen,15
WY,M,1970,Aaron,14
WY,M,1970,Cory,14
WY,M,1970,Jack,14
WY,M,1970,Cody,13
WY,M,1970,Dennis,13
WY,M,1970,Edward,13
WY,M,1970,Lance,13
WY,M,1970,Mike,13
WY,M,1970,Brett,12
WY,M,1970,Curtis,12
WY,M,1970,Martin,12
WY,M,1970,Wayne,12
WY,M,1970,Brandon,11
WY,M,1970,Brent,11
WY,M,1970,Chris,11
WY,M,1970,Craig,11
WY,M,1970,Darren,11
WY,M,1970,Jeffery,11
WY,M,1970,Randy,11
WY,M,1970,Walter,11
WY,M,1970,Bradley,10
WY,M,1970,Corey,10
WY,M,1970,Frank,10
WY,M,1970,Jeff,10
WY,M,1970,Kyle,10
WY,M,1970,Raymond,10
WY,M,1970,Adam,9
WY,M,1970,Albert,9
WY,M,1970,Carl,9
WY,M,1970,Clint,9
WY,M,1970,Dale,9
WY,M,1970,Dustin,9
WY,M,1970,Jay,9
WY,M,1970,Joel,9
WY,M,1970,Jon,9
WY,M,1970,Keith,9
WY,M,1970,Micheal,9
WY,M,1970,Randall,9
WY,M,1970,Rodney,9
WY,M,1970,Samuel,9
WY,M,1970,Benjamin,8
WY,M,1970,George,8
WY,M,1970,Jared,8
WY,M,1970,Jonathan,8
WY,M,1970,Kelly,8
WY,M,1970,Wesley,8
WY,M,1970,Christian,7
WY,M,1970,Derek,7
WY,M,1970,Jamie,7
WY,M,1970,Jesse,7
WY,M,1970,Joe,7
WY,M,1970,Kurt,7
WY,M,1970,Lawrence,7
WY,M,1970,Leslie,7
WY,M,1970,Neil,7
WY,M,1970,Roger,7
WY,M,1970,Roy,7
WY,M,1970,Spencer,7
WY,M,1970,Terry,7
WY,M,1970,Billy,6
WY,M,1970,Clinton,6
WY,M,1970,Darrin,6
WY,M,1970,Duane,6
WY,M,1970,Ernest,6
WY,M,1970,Gerald,6
WY,M,1970,Jim,6
WY,M,1970,Johnny,6
WY,M,1970,Jose,6
WY,M,1970,Karl,6
WY,M,1970,Kenny,6
WY,M,1970,Kirk,6
WY,M,1970,Lee,6
WY,M,1970,Lewis,6
WY,M,1970,Nathan,6
WY,M,1970,Shaun,6
WY,M,1970,Steve,6
WY,M,1970,Tom,6
WY,M,1970,Tony,6
WY,M,1970,Bart,5
WY,M,1970,Clifford,5
WY,M,1970,Darrell,5
WY,M,1970,Dean,5
WY,M,1970,Glenn,5
WY,M,1970,Harold,5
WY,M,1970,Leroy,5
WY,M,1970,Luke,5
WY,M,1970,Nicholas,5
WY,M,1970,Philip,5
WY,M,1970,Ralph,5
WY,M,1970,Ricky,5
WY,M,1970,Ron,5
WY,M,1970,Shannon,5
WY,M,1970,Tracy,5
WY,M,1970,Trent,5
WY,M,1970,Trevor,5
WY,M,1970,Victor,5
WY,M,1970,Wade,5
WY,M,1971,Michael,136
WY,M,1971,David,93
WY,M,1971,Robert,80
WY,M,1971,John,76
WY,M,1971,James,72
WY,M,1971,Jason,64
WY,M,1971,Christopher,61
WY,M,1971,Brian,54
WY,M,1971,William,52
WY,M,1971,Scott,50
WY,M,1971,Kevin,46
WY,M,1971,Matthew,46
WY,M,1971,Daniel,44
WY,M,1971,Jeffrey,43
WY,M,1971,Richard,42
WY,M,1971,Charles,41
WY,M,1971,Steven,37
WY,M,1971,Mark,35
WY,M,1971,Shawn,34
WY,M,1971,Paul,32
WY,M,1971,Travis,32
WY,M,1971,Chad,31
WY,M,1971,Justin,31
WY,M,1971,Eric,28
WY,M,1971,Joseph,28
WY,M,1971,Shane,26
WY,M,1971,Donald,25
WY,M,1971,Timothy,24
WY,M,1971,Troy,24
WY,M,1971,Aaron,22
WY,M,1971,Kenneth,22
WY,M,1971,Todd,22
WY,M,1971,Andrew,21
WY,M,1971,Ronald,21
WY,M,1971,Patrick,19
WY,M,1971,Sean,19
WY,M,1971,Thomas,19
WY,M,1971,Gregory,18
WY,M,1971,Stephen,17
WY,M,1971,Cory,16
WY,M,1971,Jeremy,16
WY,M,1971,Ryan,15
WY,M,1971,Gary,14
WY,M,1971,Brent,13
WY,M,1971,Clinton,13
WY,M,1971,Edward,13
WY,M,1971,Frank,13
WY,M,1971,George,13
WY,M,1971,Russell,13
WY,M,1971,Tony,13
WY,M,1971,Dustin,12
WY,M,1971,Larry,12
WY,M,1971,Terry,12
WY,M,1971,Wayne,12
WY,M,1971,Brandon,11
WY,M,1971,Jon,11
WY,M,1971,Lance,11
WY,M,1971,Raymond,11
WY,M,1971,Wesley,11
WY,M,1971,Brett,10
WY,M,1971,Bryan,10
WY,M,1971,Craig,10
WY,M,1971,Dale,10
WY,M,1971,Philip,10
WY,M,1971,Wade,10
WY,M,1971,Billy,9
WY,M,1971,Curtis,9
WY,M,1971,Gerald,9
WY,M,1971,Greg,9
WY,M,1971,Jack,9
WY,M,1971,Jeffery,9
WY,M,1971,Nathan,9
WY,M,1971,Roger,9
WY,M,1971,Adam,8
WY,M,1971,Anthony,8
WY,M,1971,Benjamin,8
WY,M,1971,Bradley,8
WY,M,1971,Clayton,8
WY,M,1971,Cody,8
WY,M,1971,Dennis,8
WY,M,1971,Jerry,8
WY,M,1971,Jonathan,8
WY,M,1971,Kelly,8
WY,M,1971,Kyle,8
WY,M,1971,Lawrence,8
WY,M,1971,Marc,8
WY,M,1971,Derek,7
WY,M,1971,Douglas,7
WY,M,1971,Erik,7
WY,M,1971,Guy,7
WY,M,1971,Ian,7
WY,M,1971,Joshua,7
WY,M,1971,Mike,7
WY,M,1971,Randy,7
WY,M,1971,Rick,7
WY,M,1971,Ricky,7
WY,M,1971,Rodney,7
WY,M,1971,Tyler,7
WY,M,1971,Adrian,6
WY,M,1971,Arthur,6
WY,M,1971,Barry,6
WY,M,1971,Brad,6
WY,M,1971,Chris,6
WY,M,1971,Danny,6
WY,M,1971,Dean,6
WY,M,1971,Jamie,6
WY,M,1971,Joel,6
WY,M,1971,Leslie,6
WY,M,1971,Martin,6
WY,M,1971,Micheal,6
WY,M,1971,Allen,5
WY,M,1971,Bruce,5
WY,M,1971,Byron,5
WY,M,1971,Carl,5
WY,M,1971,Corey,5
WY,M,1971,Don,5
WY,M,1971,Eugene,5
WY,M,1971,Glen,5
WY,M,1971,Jesse,5
WY,M,1971,Jimmy,5
WY,M,1971,Keith,5
WY,M,1971,Marcus,5
WY,M,1971,Marvin,5
WY,M,1971,Neal,5
WY,M,1971,Phillip,5
WY,M,1971,Roy,5
WY,M,1971,Shannon,5
WY,M,1971,Toby,5
WY,M,1971,Vernon,5
WY,M,1971,Vincent,5
WY,M,1972,Michael,113
WY,M,1972,Robert,90
WY,M,1972,Brian,77
WY,M,1972,David,69
WY,M,1972,Jason,69
WY,M,1972,Christopher,68
WY,M,1972,John,66
WY,M,1972,James,57
WY,M,1972,Eric,44
WY,M,1972,Matthew,41
WY,M,1972,Daniel,40
WY,M,1972,Justin,40
WY,M,1972,Mark,39
WY,M,1972,Scott,38
WY,M,1972,Steven,37
WY,M,1972,Richard,36
WY,M,1972,Thomas,36
WY,M,1972,Shane,35
WY,M,1972,Jeffrey,34
WY,M,1972,William,33
WY,M,1972,Kevin,31
WY,M,1972,Travis,31
WY,M,1972,Troy,31
WY,M,1972,Chad,30
WY,M,1972,Ryan,29
WY,M,1972,Joseph,27
WY,M,1972,Shawn,27
WY,M,1972,Aaron,23
WY,M,1972,Donald,22
WY,M,1972,Paul,22
WY,M,1972,Patrick,20
WY,M,1972,Charles,19
WY,M,1972,Russell,19
WY,M,1972,Timothy,19
WY,M,1972,Kenneth,18
WY,M,1972,Bryan,17
WY,M,1972,Jeremy,17
WY,M,1972,Keith,16
WY,M,1972,Andrew,15
WY,M,1972,Ronald,15
WY,M,1972,Sean,15
WY,M,1972,Stephen,15
WY,M,1972,Terry,15
WY,M,1972,Todd,15
WY,M,1972,Gary,14
WY,M,1972,Cody,13
WY,M,1972,Anthony,12
WY,M,1972,Brandon,12
WY,M,1972,Chris,12
WY,M,1972,Douglas,12
WY,M,1972,Joshua,12
WY,M,1972,Kyle,12
WY,M,1972,Brett,11
WY,M,1972,Dustin,11
WY,M,1972,Edward,11
WY,M,1972,Larry,11
WY,M,1972,Adam,10
WY,M,1972,Bradley,10
WY,M,1972,Brent,10
WY,M,1972,Casey,10
WY,M,1972,Clinton,10
WY,M,1972,Derek,10
WY,M,1972,Frank,10
WY,M,1972,Gregory,10
WY,M,1972,Kelly,10
WY,M,1972,Nathan,10
WY,M,1972,Raymond,10
WY,M,1972,Curtis,9
WY,M,1972,Jacob,9
WY,M,1972,Micheal,9
WY,M,1972,Phillip,9
WY,M,1972,Samuel,9
WY,M,1972,Bruce,8
WY,M,1972,Dennis,8
WY,M,1972,George,8
WY,M,1972,Jeffery,8
WY,M,1972,Jerry,8
WY,M,1972,Kurt,8
WY,M,1972,Lance,8
WY,M,1972,Tracy,8
WY,M,1972,Ty,8
WY,M,1972,Albert,7
WY,M,1972,Benjamin,7
WY,M,1972,Corey,7
WY,M,1972,Craig,7
WY,M,1972,Jamie,7
WY,M,1972,Jon,7
WY,M,1972,Jonathan,7
WY,M,1972,Kirk,7
WY,M,1972,Martin,7
WY,M,1972,Peter,7
WY,M,1972,Tony,7
WY,M,1972,Wesley,7
WY,M,1972,Alan,6
WY,M,1972,Brad,6
WY,M,1972,Carl,6
WY,M,1972,Gerald,6
WY,M,1972,Jared,6
WY,M,1972,Jeff,6
WY,M,1972,Jesse,6
WY,M,1972,Jim,6
WY,M,1972,Joe,6
WY,M,1972,Kent,6
WY,M,1972,Philip,6
WY,M,1972,Shannon,6
WY,M,1972,Victor,6
WY,M,1972,Billy,5
WY,M,1972,Byron,5
WY,M,1972,Dale,5
WY,M,1972,Jay,5
WY,M,1972,Jimmy,5
WY,M,1972,Louis,5
WY,M,1972,Randy,5
WY,M,1972,Ricky,5
WY,M,1972,Rodney,5
WY,M,1972,Ronnie,5
WY,M,1972,Toby,5
WY,M,1972,Trevor,5
WY,M,1972,Wade,5
WY,M,1972,Walter,5
WY,M,1973,Michael,119
WY,M,1973,Jason,109
WY,M,1973,Christopher,83
WY,M,1973,James,81
WY,M,1973,Robert,76
WY,M,1973,John,64
WY,M,1973,David,62
WY,M,1973,Brian,58
WY,M,1973,Justin,54
WY,M,1973,Matthew,49
WY,M,1973,William,48
WY,M,1973,Daniel,45
WY,M,1973,Ryan,41
WY,M,1973,Travis,40
WY,M,1973,Jeffrey,39
WY,M,1973,Chad,36
WY,M,1973,Steven,33
WY,M,1973,Thomas,33
WY,M,1973,Kevin,32
WY,M,1973,Paul,32
WY,M,1973,Eric,31
WY,M,1973,Scott,31
WY,M,1973,Richard,30
WY,M,1973,Jeremy,29
WY,M,1973,Mark,29
WY,M,1973,Charles,28
WY,M,1973,Aaron,26
WY,M,1973,Shawn,26
WY,M,1973,Patrick,25
WY,M,1973,Timothy,23
WY,M,1973,Kenneth,22
WY,M,1973,Troy,22
WY,M,1973,Anthony,21
WY,M,1973,Shane,21
WY,M,1973,Todd,21
WY,M,1973,Joshua,20
WY,M,1973,Andrew,19
WY,M,1973,Cody,19
WY,M,1973,Joseph,19
WY,M,1973,Clinton,17
WY,M,1973,Nathan,17
WY,M,1973,Bryan,16
WY,M,1973,Benjamin,15
WY,M,1973,Gary,15
WY,M,1973,Jared,15
WY,M,1973,Sean,15
WY,M,1973,Stephen,15
WY,M,1973,Brandon,14
WY,M,1973,Gregory,14
WY,M,1973,Adam,13
WY,M,1973,Brett,13
WY,M,1973,Cory,13
WY,M,1973,Douglas,13
WY,M,1973,Peter,13
WY,M,1973,Bradley,12
WY,M,1973,Randy,12
WY,M,1973,Kelly,11
WY,M,1973,Lance,11
WY,M,1973,Phillip,10
WY,M,1973,Ronald,10
WY,M,1973,Darren,9
WY,M,1973,Dustin,9
WY,M,1973,Edward,9
WY,M,1973,Jonathan,9
WY,M,1973,Raymond,9
WY,M,1973,Allen,8
WY,M,1973,Billy,8
WY,M,1973,George,8
WY,M,1973,Jay,8
WY,M,1973,Jon,8
WY,M,1973,Wayne,8
WY,M,1973,Casey,7
WY,M,1973,Chris,7
WY,M,1973,Christian,7
WY,M,1973,Erik,7
WY,M,1973,Jerry,7
WY,M,1973,Keith,7
WY,M,1973,Larry,7
WY,M,1973,Philip,7
WY,M,1973,Russell,7
WY,M,1973,Trevor,7
WY,M,1973,Brady,6
WY,M,1973,Brent,6
WY,M,1973,Clayton,6
WY,M,1973,Craig,6
WY,M,1973,Darin,6
WY,M,1973,Dennis,6
WY,M,1973,Jeffery,6
WY,M,1973,Kent,6
WY,M,1973,Kurt,6
WY,M,1973,Kyle,6
WY,M,1973,Samuel,6
WY,M,1973,Shannon,6
WY,M,1973,Terry,6
WY,M,1973,Toby,6
WY,M,1973,Arthur,5
WY,M,1973,Brad,5
WY,M,1973,Bryon,5
WY,M,1973,Carl,5
WY,M,1973,Corey,5
WY,M,1973,Curtis,5
WY,M,1973,Donald,5
WY,M,1973,Duane,5
WY,M,1973,Gerald,5
WY,M,1973,Heath,5
WY,M,1973,Jack,5
WY,M,1973,Jamie,5
WY,M,1973,Jeremiah,5
WY,M,1973,Jesse,5
WY,M,1973,Joe,5
WY,M,1973,Joel,5
WY,M,1973,Johnathan,5
WY,M,1973,Jory,5
WY,M,1973,Kirk,5
WY,M,1973,Lee,5
WY,M,1973,Marc,5
WY,M,1973,Marcus,5
WY,M,1973,Martin,5
WY,M,1973,Mathew,5
WY,M,1973,Steve,5
WY,M,1973,Tyler,5
WY,M,1974,Jason,127
WY,M,1974,Michael,124
WY,M,1974,Christopher,86
WY,M,1974,Robert,81
WY,M,1974,John,74
WY,M,1974,James,64
WY,M,1974,David,62
WY,M,1974,Brian,59
WY,M,1974,Matthew,57
WY,M,1974,Justin,51
WY,M,1974,William,49
WY,M,1974,Ryan,46
WY,M,1974,Travis,45
WY,M,1974,Chad,43
WY,M,1974,Aaron,40
WY,M,1974,Joseph,40
WY,M,1974,Mark,40
WY,M,1974,Joshua,39
WY,M,1974,Daniel,36
WY,M,1974,Richard,36
WY,M,1974,Scott,35
WY,M,1974,Shawn,35
WY,M,1974,Eric,34
WY,M,1974,Charles,32
WY,M,1974,Shane,30
WY,M,1974,Kevin,29
WY,M,1974,Steven,29
WY,M,1974,Jeffrey,28
WY,M,1974,Jeremy,27
WY,M,1974,Andrew,26
WY,M,1974,Kenneth,25
WY,M,1974,Anthony,24
WY,M,1974,Paul,23
WY,M,1974,Thomas,23
WY,M,1974,Troy,23
WY,M,1974,Bryan,20
WY,M,1974,Patrick,20
WY,M,1974,Timothy,20
WY,M,1974,Brandon,18
WY,M,1974,Dustin,18
WY,M,1974,Gregory,18
WY,M,1974,Donald,16
WY,M,1974,Brent,15
WY,M,1974,Cody,15
WY,M,1974,Jacob,15
WY,M,1974,Jay,15
WY,M,1974,Nathan,15
WY,M,1974,Raymond,15
WY,M,1974,Stephen,15
WY,M,1974,Adam,14
WY,M,1974,Todd,14
WY,M,1974,Benjamin,13
WY,M,1974,Clinton,12
WY,M,1974,Douglas,12
WY,M,1974,Gary,12
WY,M,1974,Jonathan,12
WY,M,1974,Kelly,12
WY,M,1974,Lance,12
WY,M,1974,Casey,11
WY,M,1974,Dale,11
WY,M,1974,Jared,11
WY,M,1974,Jesse,11
WY,M,1974,Keith,11
WY,M,1974,Dennis,10
WY,M,1974,Derek,10
WY,M,1974,Sean,10
WY,M,1974,Craig,9
WY,M,1974,Edward,9
WY,M,1974,Joe,9
WY,M,1974,Jon,9
WY,M,1974,Micheal,9
WY,M,1974,Ronald,9
WY,M,1974,Samuel,9
WY,M,1974,Seth,9
WY,M,1974,Terry,9
WY,M,1974,Brad,8
WY,M,1974,Chris,8
WY,M,1974,Joel,8
WY,M,1974,Phillip,8
WY,M,1974,Russell,8
WY,M,1974,Wade,8
WY,M,1974,Bobby,7
WY,M,1974,Bradley,7
WY,M,1974,Brett,7
WY,M,1974,Carl,7
WY,M,1974,Cory,7
WY,M,1974,Jeffery,7
WY,M,1974,Jeremiah,7
WY,M,1974,Kyle,7
WY,M,1974,Levi,7
WY,M,1974,Tony,7
WY,M,1974,Trevor,7
WY,M,1974,Cameron,6
WY,M,1974,Christian,6
WY,M,1974,Clint,6
WY,M,1974,Corey,6
WY,M,1974,Damon,6
WY,M,1974,Duane,6
WY,M,1974,Frank,6
WY,M,1974,Henry,6
WY,M,1974,Jerry,6
WY,M,1974,Jimmy,6
WY,M,1974,Nicholas,6
WY,M,1974,Preston,6
WY,M,1974,Toby,6
WY,M,1974,Wayne,6
WY,M,1974,Byron,5
WY,M,1974,Clifford,5
WY,M,1974,Darren,5
WY,M,1974,Gabriel,5
WY,M,1974,Greg,5
WY,M,1974,Juan,5
WY,M,1974,Karl,5
WY,M,1974,Larry,5
WY,M,1974,Marc,5
WY,M,1974,Marcus,5
WY,M,1974,Martin,5
WY,M,1974,Mathew,5
WY,M,1974,Neil,5
WY,M,1974,Randall,5
WY,M,1974,Randy,5
WY,M,1974,Tyler,5
WY,M,1975,Michael,131
WY,M,1975,Jason,109
WY,M,1975,James,78
WY,M,1975,Christopher,74
WY,M,1975,Brian,72
WY,M,1975,David,71
WY,M,1975,Justin,71
WY,M,1975,Robert,66
WY,M,1975,John,60
WY,M,1975,Matthew,58
WY,M,1975,Ryan,53
WY,M,1975,Joshua,48
WY,M,1975,William,48
WY,M,1975,Jeremy,46
WY,M,1975,Scott,45
WY,M,1975,Daniel,40
WY,M,1975,Eric,39
WY,M,1975,Nathan,35
WY,M,1975,Steven,35
WY,M,1975,Chad,34
WY,M,1975,Charles,33
WY,M,1975,Shawn,33
WY,M,1975,Joseph,32
WY,M,1975,Mark,32
WY,M,1975,Richard,31
WY,M,1975,Travis,30
WY,M,1975,Jeffrey,29
WY,M,1975,Kevin,29
WY,M,1975,Thomas,29
WY,M,1975,Aaron,26
WY,M,1975,Paul,26
WY,M,1975,Andrew,25
WY,M,1975,Anthony,25
WY,M,1975,Sean,25
WY,M,1975,Brandon,24
WY,M,1975,Adam,21
WY,M,1975,Dustin,21
WY,M,1975,Timothy,21
WY,M,1975,Jared,20
WY,M,1975,Kenneth,18
WY,M,1975,Patrick,17
WY,M,1975,Shane,17
WY,M,1975,Todd,17
WY,M,1975,Benjamin,16
WY,M,1975,Bradley,16
WY,M,1975,Craig,16
WY,M,1975,Gary,16
WY,M,1975,Jacob,16
WY,M,1975,Douglas,15
WY,M,1975,Keith,15
WY,M,1975,Bryan,14
WY,M,1975,Donald,14
WY,M,1975,Troy,13
WY,M,1975,Clinton,12
WY,M,1975,Cody,12
WY,M,1975,Jerry,12
WY,M,1975,Jesse,12
WY,M,1975,Lance,12
WY,M,1975,Stephen,12
WY,M,1975,Jonathan,11
WY,M,1975,Larry,11
WY,M,1975,Phillip,11
WY,M,1975,Brett,10
WY,M,1975,Casey,10
WY,M,1975,Curtis,10
WY,M,1975,Edward,10
WY,M,1975,Kyle,10
WY,M,1975,Ronald,10
WY,M,1975,Cory,9
WY,M,1975,Jeremiah,9
WY,M,1975,Raymond,9
WY,M,1975,Toby,9
WY,M,1975,Alan,8
WY,M,1975,Clint,8
WY,M,1975,Corey,8
WY,M,1975,Jack,8
WY,M,1975,Jay,8
WY,M,1975,Levi,8
WY,M,1975,Randy,8
WY,M,1975,Samuel,8
WY,M,1975,Tyler,8
WY,M,1975,Carl,7
WY,M,1975,Clayton,7
WY,M,1975,Dale,7
WY,M,1975,George,7
WY,M,1975,Nicholas,7
WY,M,1975,Russell,7
WY,M,1975,Shannon,7
WY,M,1975,Terry,7
WY,M,1975,Adrian,6
WY,M,1975,Brad,6
WY,M,1975,Branden,6
WY,M,1975,Duane,6
WY,M,1975,Frank,6
WY,M,1975,Gabriel,6
WY,M,1975,Gregory,6
WY,M,1975,Joel,6
WY,M,1975,Jon,6
WY,M,1975,Lawrence,6
WY,M,1975,Lucas,6
WY,M,1975,Micheal,6
WY,M,1975,Trevor,6
WY,M,1975,Tyson,6
WY,M,1975,Wesley,6
WY,M,1975,Billy,5
WY,M,1975,Brent,5
WY,M,1975,Bryce,5
WY,M,1975,Christian,5
WY,M,1975,Colby,5
WY,M,1975,Darrell,5
WY,M,1975,Dean,5
WY,M,1975,Derek,5
WY,M,1975,Gerald,5
WY,M,1975,Heath,5
WY,M,1975,Jamie,5
WY,M,1975,Jerome,5
WY,M,1975,Joe,5
WY,M,1975,Leo,5
WY,M,1975,Neal,5
WY,M,1975,Randall,5
WY,M,1975,Rick,5
WY,M,1975,Rodney,5
WY,M,1975,Roy,5
WY,M,1975,Seth,5
WY,M,1975,Tommy,5
WY,M,1975,Tracy,5
WY,M,1976,Jason,124
WY,M,1976,Michael,102
WY,M,1976,Christopher,79
WY,M,1976,Matthew,78
WY,M,1976,David,75
WY,M,1976,Brian,73
WY,M,1976,Robert,70
WY,M,1976,John,62
WY,M,1976,Ryan,58
WY,M,1976,Jeremy,57
WY,M,1976,Justin,56
WY,M,1976,James,54
WY,M,1976,Daniel,50
WY,M,1976,Joshua,48
WY,M,1976,William,48
WY,M,1976,Travis,47
WY,M,1976,Eric,44
WY,M,1976,Kevin,40
WY,M,1976,Richard,38
WY,M,1976,Aaron,37
WY,M,1976,Chad,37
WY,M,1976,Paul,34
WY,M,1976,Thomas,34
WY,M,1976,Steven,33
WY,M,1976,Brandon,32
WY,M,1976,Mark,32
WY,M,1976,Nathan,32
WY,M,1976,Scott,30
WY,M,1976,Shawn,29
WY,M,1976,Timothy,29
WY,M,1976,Shane,28
WY,M,1976,Benjamin,27
WY,M,1976,Joseph,27
WY,M,1976,Cody,26
WY,M,1976,Anthony,24
WY,M,1976,Dustin,23
WY,M,1976,Jeffrey,23
WY,M,1976,Kenneth,23
WY,M,1976,Sean,22
WY,M,1976,Donald,21
WY,M,1976,Jacob,21
WY,M,1976,Patrick,21
WY,M,1976,Jeremiah,20
WY,M,1976,Cory,19
WY,M,1976,Jonathan,19
WY,M,1976,Jesse,18
WY,M,1976,Bryan,17
WY,M,1976,Charles,17
WY,M,1976,Gregory,16
WY,M,1976,Casey,15
WY,M,1976,Edward,15
WY,M,1976,Troy,15
WY,M,1976,Jared,14
WY,M,1976,Stephen,14
WY,M,1976,Bradley,13
WY,M,1976,Clinton,13
WY,M,1976,Todd,13
WY,M,1976,Zachary,13
WY,M,1976,Andrew,12
WY,M,1976,Brent,12
WY,M,1976,Keith,12
WY,M,1976,Peter,12
WY,M,1976,Ronald,12
WY,M,1976,Adam,11
WY,M,1976,George,11
WY,M,1976,Jerry,11
WY,M,1976,Larry,11
WY,M,1976,Samuel,11
WY,M,1976,Terry,11
WY,M,1976,Corey,10
WY,M,1976,Gary,10
WY,M,1976,Kelly,10
WY,M,1976,Lance,10
WY,M,1976,Mathew,10
WY,M,1976,Russell,10
WY,M,1976,Wesley,10
WY,M,1976,Beau,9
WY,M,1976,Craig,9
WY,M,1976,Douglas,9
WY,M,1976,Joel,9
WY,M,1976,Kyle,9
WY,M,1976,Martin,9
WY,M,1976,Tyler,9
WY,M,1976,Clayton,8
WY,M,1976,Dennis,8
WY,M,1976,Derek,8
WY,M,1976,Gabriel,8
WY,M,1976,Jack,8
WY,M,1976,Kristopher,8
WY,M,1976,Tony,8
WY,M,1976,Billy,7
WY,M,1976,Brett,7
WY,M,1976,Cameron,7
WY,M,1976,Clint,7
WY,M,1976,Dale,7
WY,M,1976,Erik,7
WY,M,1976,Greg,7
WY,M,1976,Jamie,7
WY,M,1976,Jeff,7
WY,M,1976,Levi,7
WY,M,1976,Nathaniel,7
WY,M,1976,Nicholas,7
WY,M,1976,Roy,7
WY,M,1976,Wade,7
WY,M,1976,Bill,6
WY,M,1976,Carl,6
WY,M,1976,Curtis,6
WY,M,1976,Frank,6
WY,M,1976,Jay,6
WY,M,1976,Jerome,6
WY,M,1976,Jon,6
WY,M,1976,Marshall,6
WY,M,1976,Micheal,6
WY,M,1976,Phillip,6
WY,M,1976,Randy,6
WY,M,1976,Raymond,6
WY,M,1976,Alan,5
WY,M,1976,Allen,5
WY,M,1976,Damon,5
WY,M,1976,Ernest,5
WY,M,1976,Gilbert,5
WY,M,1976,Heath,5
WY,M,1976,Isaac,5
WY,M,1976,Jeramie,5
WY,M,1976,Luke,5
WY,M,1976,Marcus,5
WY,M,1976,Shaun,5
WY,M,1976,Toby,5
WY,M,1976,Trent,5
WY,M,1976,Ty,5
WY,M,1976,Vincent,5
WY,M,1977,Michael,136
WY,M,1977,Jason,103
WY,M,1977,Christopher,92
WY,M,1977,Matthew,87
WY,M,1977,David,85
WY,M,1977,Justin,80
WY,M,1977,Joshua,79
WY,M,1977,James,76
WY,M,1977,John,73
WY,M,1977,Robert,72
WY,M,1977,Ryan,72
WY,M,1977,Joseph,61
WY,M,1977,Daniel,60
WY,M,1977,Jeremy,58
WY,M,1977,Travis,56
WY,M,1977,William,52
WY,M,1977,Kevin,47
WY,M,1977,Brian,46
WY,M,1977,Aaron,45
WY,M,1977,Benjamin,45
WY,M,1977,Mark,38
WY,M,1977,Jeffrey,37
WY,M,1977,Brandon,34
WY,M,1977,Thomas,34
WY,M,1977,Richard,32
WY,M,1977,Steven,32
WY,M,1977,Dustin,31
WY,M,1977,Chad,30
WY,M,1977,Charles,30
WY,M,1977,Eric,30
WY,M,1977,Nathan,30
WY,M,1977,Shane,30
WY,M,1977,Timothy,30
WY,M,1977,Adam,26
WY,M,1977,Cody,26
WY,M,1977,Jesse,25
WY,M,1977,Paul,25
WY,M,1977,Donald,24
WY,M,1977,Shawn,24
WY,M,1977,Anthony,22
WY,M,1977,Jacob,22
WY,M,1977,Bryan,21
WY,M,1977,Jeremiah,21
WY,M,1977,Jonathan,21
WY,M,1977,Scott,21
WY,M,1977,Casey,20
WY,M,1977,Cory,20
WY,M,1977,Patrick,20
WY,M,1977,Jared,19
WY,M,1977,Kenneth,19
WY,M,1977,Andrew,18
WY,M,1977,Bradley,18
WY,M,1977,Gregory,18
WY,M,1977,Kristopher,18
WY,M,1977,Stephen,17
WY,M,1977,Todd,17
WY,M,1977,Craig,16
WY,M,1977,Kyle,16
WY,M,1977,Sean,16
WY,M,1977,Wesley,15
WY,M,1977,Brent,13
WY,M,1977,Edward,12
WY,M,1977,Ian,12
WY,M,1977,Zachary,12
WY,M,1977,Carl,11
WY,M,1977,Clayton,11
WY,M,1977,Corey,11
WY,M,1977,Gary,11
WY,M,1977,Jerry,11
WY,M,1977,Lance,11
WY,M,1977,Russell,11
WY,M,1977,Erik,10
WY,M,1977,Jack,10
WY,M,1977,Kelly,10
WY,M,1977,Phillip,10
WY,M,1977,Seth,10
WY,M,1977,Alan,9
WY,M,1977,Allen,9
WY,M,1977,Damon,9
WY,M,1977,Douglas,9
WY,M,1977,Micheal,9
WY,M,1977,Philip,9
WY,M,1977,Ronald,9
WY,M,1977,Samuel,9
WY,M,1977,Terry,9
WY,M,1977,Trenton,9
WY,M,1977,Chris,8
WY,M,1977,Dennis,8
WY,M,1977,Gabriel,8
WY,M,1977,Heath,8
WY,M,1977,Jody,8
WY,M,1977,Keith,8
WY,M,1977,Luke,8
WY,M,1977,Martin,8
WY,M,1977,Nicholas,8
WY,M,1977,Peter,8
WY,M,1977,Ross,8
WY,M,1977,Tony,8
WY,M,1977,Tyler,8
WY,M,1977,Billy,7
WY,M,1977,Brad,7
WY,M,1977,Brett,7
WY,M,1977,Derek,7
WY,M,1977,George,7
WY,M,1977,Henry,7
WY,M,1977,Jeffery,7
WY,M,1977,Johnny,7
WY,M,1977,Jon,7
WY,M,1977,Lee,7
WY,M,1977,Levi,7
WY,M,1977,Lucas,7
WY,M,1977,Randy,7
WY,M,1977,Roy,7
WY,M,1977,Alexander,6
WY,M,1977,Christian,6
WY,M,1977,Clinton,6
WY,M,1977,Colin,6
WY,M,1977,Jamie,6
WY,M,1977,Joel,6
WY,M,1977,Juan,6
WY,M,1977,Larry,6
WY,M,1977,Mathew,6
WY,M,1977,Nathaniel,6
WY,M,1977,Raymond,6
WY,M,1977,Troy,6
WY,M,1977,Wade,6
WY,M,1977,Wayne,6
WY,M,1977,Alex,5
WY,M,1977,Blake,5
WY,M,1977,Brady,5
WY,M,1977,Carlos,5
WY,M,1977,Clint,5
WY,M,1977,Curtis,5
WY,M,1977,Dale,5
WY,M,1977,Dusty,5
WY,M,1977,Jake,5
WY,M,1977,Jay,5
WY,M,1977,Lloyd,5
WY,M,1977,Manuel,5
WY,M,1977,Matt,5
WY,M,1977,Monte,5
WY,M,1977,Quentin,5
WY,M,1977,Ricky,5
WY,M,1977,Tracy,5
WY,M,1977,Victor,5
WY,M,1977,Waylon,5
WY,M,1978,Michael,145
WY,M,1978,Jason,130
WY,M,1978,Christopher,127
WY,M,1978,James,97
WY,M,1978,Matthew,94
WY,M,1978,David,88
WY,M,1978,Joshua,87
WY,M,1978,John,81
WY,M,1978,Justin,80
WY,M,1978,Robert,72
WY,M,1978,Ryan,64
WY,M,1978,Brian,61
WY,M,1978,William,61
WY,M,1978,Joseph,58
WY,M,1978,Travis,55
WY,M,1978,Eric,51
WY,M,1978,Jeremy,51
WY,M,1978,Daniel,47
WY,M,1978,Aaron,41
WY,M,1978,Nathan,40
WY,M,1978,Charles,39
WY,M,1978,Nicholas,39
WY,M,1978,Timothy,39
WY,M,1978,Dustin,37
WY,M,1978,Steven,36
WY,M,1978,Shane,35
WY,M,1978,Kevin,34
WY,M,1978,Richard,34
WY,M,1978,Jeffrey,33
WY,M,1978,Patrick,33
WY,M,1978,Andrew,32
WY,M,1978,Mark,32
WY,M,1978,Scott,31
WY,M,1978,Benjamin,29
WY,M,1978,Jacob,28
WY,M,1978,Thomas,28
WY,M,1978,Adam,27
WY,M,1978,Chad,27
WY,M,1978,Paul,27
WY,M,1978,Shawn,27
WY,M,1978,Brandon,26
WY,M,1978,Anthony,25
WY,M,1978,Jesse,24
WY,M,1978,Jeremiah,23
WY,M,1978,Jonathan,22
WY,M,1978,Casey,21
WY,M,1978,Cody,21
WY,M,1978,Kyle,21
WY,M,1978,Sean,21
WY,M,1978,Bryan,20
WY,M,1978,Craig,20
WY,M,1978,Cory,18
WY,M,1978,Donald,18
WY,M,1978,Kenneth,18
WY,M,1978,Samuel,17
WY,M,1978,Todd,17
WY,M,1978,Kristopher,16
WY,M,1978,Corey,15
WY,M,1978,Jared,15
WY,M,1978,Keith,15
WY,M,1978,Raymond,15
WY,M,1978,Stephen,15
WY,M,1978,Bradley,14
WY,M,1978,Gary,14
WY,M,1978,Gregory,14
WY,M,1978,Shaun,14
WY,M,1978,Curtis,13
WY,M,1978,Levi,13
WY,M,1978,Troy,13
WY,M,1978,Tyler,13
WY,M,1978,Brent,12
WY,M,1978,Lucas,12
WY,M,1978,Cameron,11
WY,M,1978,Carl,11
WY,M,1978,George,11
WY,M,1978,Ronald,11
WY,M,1978,Kelly,10
WY,M,1978,Marcus,10
WY,M,1978,Randy,10
WY,M,1978,Seth,10
WY,M,1978,Wesley,10
WY,M,1978,Zachary,10
WY,M,1978,Erik,9
WY,M,1978,Joel,9
WY,M,1978,Larry,9
WY,M,1978,Leonard,9
WY,M,1978,Luke,9
WY,M,1978,Nathaniel,9
WY,M,1978,Russell,9
WY,M,1978,Terry,9
WY,M,1978,Trevor,9
WY,M,1978,Wayne,9
WY,M,1978,Caleb,8
WY,M,1978,Christian,8
WY,M,1978,Clayton,8
WY,M,1978,Clinton,8
WY,M,1978,Jimmy,8
WY,M,1978,Derek,7
WY,M,1978,Douglas,7
WY,M,1978,Gabriel,7
WY,M,1978,Jake,7
WY,M,1978,Johnny,7
WY,M,1978,Lance,7
WY,M,1978,Neal,7
WY,M,1978,Peter,7
WY,M,1978,Phillip,7
WY,M,1978,Roger,7
WY,M,1978,Tony,7
WY,M,1978,Ty,7
WY,M,1978,Tyson,7
WY,M,1978,Wade,7
WY,M,1978,Bruce,6
WY,M,1978,Dale,6
WY,M,1978,Edward,6
WY,M,1978,Grant,6
WY,M,1978,Jamie,6
WY,M,1978,Jay,6
WY,M,1978,Jeffery,6
WY,M,1978,Jerry,6
WY,M,1978,Lee,6
WY,M,1978,Zachariah,6
WY,M,1978,Abraham,5
WY,M,1978,Allen,5
WY,M,1978,Brett,5
WY,M,1978,Bryce,5
WY,M,1978,Dean,5
WY,M,1978,Dennis,5
WY,M,1978,Derrick,5
WY,M,1978,Dylan,5
WY,M,1978,Gerald,5
WY,M,1978,Ian,5
WY,M,1978,Joe,5
WY,M,1978,Jon,5
WY,M,1978,Kade,5
WY,M,1978,Kory,5
WY,M,1978,Mathew,5
WY,M,1978,Philip,5
WY,M,1978,Preston,5
WY,M,1978,Randall,5
WY,M,1978,Roy,5
WY,M,1978,Rusty,5
WY,M,1978,Shannon,5
WY,M,1978,Spencer,5
WY,M,1978,Trent,5
WY,M,1979,Michael,154
WY,M,1979,Jason,126
WY,M,1979,Joshua,121
WY,M,1979,Christopher,107
WY,M,1979,David,100
WY,M,1979,John,89
WY,M,1979,James,87
WY,M,1979,Matthew,81
WY,M,1979,Ryan,80
WY,M,1979,Robert,79
WY,M,1979,Justin,78
WY,M,1979,Brian,77
WY,M,1979,Daniel,65
WY,M,1979,Jeremy,65
WY,M,1979,Joseph,63
WY,M,1979,William,57
WY,M,1979,Nicholas,55
WY,M,1979,Timothy,52
WY,M,1979,Eric,51
WY,M,1979,Jacob,48
WY,M,1979,Andrew,47
WY,M,1979,Travis,47
WY,M,1979,Adam,46
WY,M,1979,Benjamin,45
WY,M,1979,Nathan,44
WY,M,1979,Thomas,43
WY,M,1979,Aaron,40
WY,M,1979,Charles,40
WY,M,1979,Richard,39
WY,M,1979,Scott,39
WY,M,1979,Jeffrey,36
WY,M,1979,Brandon,34
WY,M,1979,Anthony,33
WY,M,1979,Kevin,31
WY,M,1979,Shawn,31
WY,M,1979,Paul,30
WY,M,1979,Jeremiah,29
WY,M,1979,Chad,28
WY,M,1979,Cody,28
WY,M,1979,Mark,28
WY,M,1979,Steven,28
WY,M,1979,Dustin,27
WY,M,1979,Jesse,27
WY,M,1979,Shane,27
WY,M,1979,Patrick,26
WY,M,1979,Jared,25
WY,M,1979,Cory,24
WY,M,1979,Zachary,23
WY,M,1979,Levi,21
WY,M,1979,Samuel,21
WY,M,1979,Kenneth,20
WY,M,1979,Tyler,19
WY,M,1979,Craig,18
WY,M,1979,Sean,18
WY,M,1979,Randy,17
WY,M,1979,Bradley,16
WY,M,1979,Brent,16
WY,M,1979,Jonathan,16
WY,M,1979,Kyle,16
WY,M,1979,Casey,15
WY,M,1979,Donald,15
WY,M,1979,Gregory,15
WY,M,1979,Russell,14
WY,M,1979,Seth,14
WY,M,1979,Keith,13
WY,M,1979,Bryan,12
WY,M,1979,Douglas,12
WY,M,1979,Edward,12
WY,M,1979,Erik,12
WY,M,1979,Dennis,11
WY,M,1979,Lucas,11
WY,M,1979,Luke,11
WY,M,1979,Raymond,11
WY,M,1979,Ronald,11
WY,M,1979,Clint,10
WY,M,1979,George,10
WY,M,1979,Jerry,10
WY,M,1979,Kristopher,10
WY,M,1979,Philip,10
WY,M,1979,Shaun,10
WY,M,1979,Troy,10
WY,M,1979,Corey,9
WY,M,1979,Curtis,9
WY,M,1979,Jack,9
WY,M,1979,Lance,9
WY,M,1979,Todd,9
WY,M,1979,Brady,8
WY,M,1979,Bruce,8
WY,M,1979,Cameron,8
WY,M,1979,Clinton,8
WY,M,1979,Danny,8
WY,M,1979,Heath,8
WY,M,1979,Peter,8
WY,M,1979,Alexander,7
WY,M,1979,Austin,7
WY,M,1979,Beau,7
WY,M,1979,Billy,7
WY,M,1979,Dallas,7
WY,M,1979,Garrett,7
WY,M,1979,Jake,7
WY,M,1979,Jay,7
WY,M,1979,Jess,7
WY,M,1979,Joe,7
WY,M,1979,Terry,7
WY,M,1979,Tony,7
WY,M,1979,Trevor,7
WY,M,1979,Wesley,7
WY,M,1979,Adrian,6
WY,M,1979,Allen,6
WY,M,1979,Andy,6
WY,M,1979,Caleb,6
WY,M,1979,Carl,6
WY,M,1979,Carlos,6
WY,M,1979,Colin,6
WY,M,1979,Drew,6
WY,M,1979,Gabriel,6
WY,M,1979,Ian,6
WY,M,1979,Jon,6
WY,M,1979,Jordan,6
WY,M,1979,Micheal,6
WY,M,1979,Mitchell,6
WY,M,1979,Morgan,6
WY,M,1979,Nickolas,6
WY,M,1979,Phillip,6
WY,M,1979,Ricky,6
WY,M,1979,Riley,6
WY,M,1979,Ross,6
WY,M,1979,Stephen,6
WY,M,1979,Ted,6
WY,M,1979,Wayne,6
WY,M,1979,Zane,6
WY,M,1979,Alan,5
WY,M,1979,Barry,5
WY,M,1979,Bret,5
WY,M,1979,Brett,5
WY,M,1979,Clayton,5
WY,M,1979,Clifford,5
WY,M,1979,Darrell,5
WY,M,1979,Derek,5
WY,M,1979,Derrick,5
WY,M,1979,Devin,5
WY,M,1979,Dylan,5
WY,M,1979,Franklin,5
WY,M,1979,Frederick,5
WY,M,1979,Gary,5
WY,M,1979,Gerald,5
WY,M,1979,Gilbert,5
WY,M,1979,Gordon,5
WY,M,1979,Jamie,5
WY,M,1979,Jedediah,5
WY,M,1979,Jedidiah,5
WY,M,1979,Jeffery,5
WY,M,1979,Joel,5
WY,M,1979,Kasey,5
WY,M,1979,Kirk,5
WY,M,1979,Kurt,5
WY,M,1979,Leonard,5
WY,M,1979,Louis,5
WY,M,1979,Marc,5
WY,M,1979,Martin,5
WY,M,1979,Micah,5
WY,M,1979,Nathaniel,5
WY,M,1979,Preston,5
WY,M,1979,Randall,5
WY,M,1979,Ray,5
WY,M,1979,Rocky,5
WY,M,1979,Tyson,5
WY,M,1979,Vincent,5
WY,M,1979,Wade,5
WY,M,1980,Michael,174
WY,M,1980,Joshua,136
WY,M,1980,Christopher,132
WY,M,1980,Matthew,119
WY,M,1980,Justin,110
WY,M,1980,Jason,109
WY,M,1980,David,107
WY,M,1980,James,95
WY,M,1980,Robert,87
WY,M,1980,Ryan,84
WY,M,1980,John,81
WY,M,1980,Joseph,81
WY,M,1980,Brian,71
WY,M,1980,William,66
WY,M,1980,Daniel,63
WY,M,1980,Jeremy,62
WY,M,1980,Eric,61
WY,M,1980,Nicholas,54
WY,M,1980,Travis,54
WY,M,1980,Aaron,51
WY,M,1980,Nathan,51
WY,M,1980,Dustin,49
WY,M,1980,Thomas,49
WY,M,1980,Andrew,48
WY,M,1980,Brandon,48
WY,M,1980,Adam,44
WY,M,1980,Steven,44
WY,M,1980,Timothy,43
WY,M,1980,Jacob,39
WY,M,1980,Scott,39
WY,M,1980,Anthony,38
WY,M,1980,Chad,38
WY,M,1980,Kenneth,38
WY,M,1980,Richard,38
WY,M,1980,Benjamin,37
WY,M,1980,Jeffrey,36
WY,M,1980,Charles,35
WY,M,1980,Cody,35
WY,M,1980,Kevin,34
WY,M,1980,Patrick,33
WY,M,1980,Jeremiah,32
WY,M,1980,Jonathan,32
WY,M,1980,Shane,30
WY,M,1980,Jesse,29
WY,M,1980,Mark,28
WY,M,1980,Jared,25
WY,M,1980,Lucas,25
WY,M,1980,Stephen,25
WY,M,1980,Samuel,22
WY,M,1980,Shawn,22
WY,M,1980,Cory,21
WY,M,1980,Gregory,21
WY,M,1980,Tyler,21
WY,M,1980,Zachary,21
WY,M,1980,Bryan,20
WY,M,1980,Kyle,20
WY,M,1980,Bradley,19
WY,M,1980,Douglas,19
WY,M,1980,Levi,19
WY,M,1980,Derek,18
WY,M,1980,Luke,18
WY,M,1980,Paul,18
WY,M,1980,Sean,18
WY,M,1980,Clinton,17
WY,M,1980,Donald,17
WY,M,1980,Erik,16
WY,M,1980,Russell,16
WY,M,1980,Casey,15
WY,M,1980,Gary,15
WY,M,1980,Curtis,14
WY,M,1980,Joel,14
WY,M,1980,Todd,14
WY,M,1980,Alan,13
WY,M,1980,George,13
WY,M,1980,Lance,13
WY,M,1980,Billy,12
WY,M,1980,Brent,12
WY,M,1980,Brett,12
WY,M,1980,Corey,12
WY,M,1980,Nathaniel,12
WY,M,1980,Ronald,12
WY,M,1980,Seth,12
WY,M,1980,Troy,12
WY,M,1980,Beau,11
WY,M,1980,Jack,11
WY,M,1980,Brady,10
WY,M,1980,Jay,10
WY,M,1980,Raymond,10
WY,M,1980,Danny,9
WY,M,1980,Randall,9
WY,M,1980,Trevor,9
WY,M,1980,Tyson,9
WY,M,1980,Allen,8
WY,M,1980,Dusty,8
WY,M,1980,Keith,8
WY,M,1980,Larry,8
WY,M,1980,Micheal,8
WY,M,1980,Peter,8
WY,M,1980,Randy,8
WY,M,1980,Rodney,8
WY,M,1980,Shaun,8
WY,M,1980,Victor,8
WY,M,1980,Wesley,8
WY,M,1980,Cameron,7
WY,M,1980,Craig,7
WY,M,1980,Dylan,7
WY,M,1980,Ian,7
WY,M,1980,Jake,7
WY,M,1980,Jedidiah,7
WY,M,1980,Jeffery,7
WY,M,1980,Jonathon,7
WY,M,1980,Kelly,7
WY,M,1980,Kirk,7
WY,M,1980,Marcus,7
WY,M,1980,Philip,7
WY,M,1980,Ross,7
WY,M,1980,Toby,7
WY,M,1980,Wade,7
WY,M,1980,Walter,7
WY,M,1980,Blake,6
WY,M,1980,Brad,6
WY,M,1980,Clay,6
WY,M,1980,Cole,6
WY,M,1980,Dale,6
WY,M,1980,Dallas,6
WY,M,1980,Derrick,6
WY,M,1980,Edward,6
WY,M,1980,Isaac,6
WY,M,1980,Jamie,6
WY,M,1980,Juan,6
WY,M,1980,Kristopher,6
WY,M,1980,Lawrence,6
WY,M,1980,Phillip,6
WY,M,1980,Terry,6
WY,M,1980,Trenton,6
WY,M,1980,Wayne,6
WY,M,1980,Adrian,5
WY,M,1980,Alvin,5
WY,M,1980,Bret,5
WY,M,1980,Caleb,5
WY,M,1980,Christian,5
WY,M,1980,Clayton,5
WY,M,1980,Dennis,5
WY,M,1980,Frank,5
WY,M,1980,Gabriel,5
WY,M,1980,Garrett,5
WY,M,1980,Glenn,5
WY,M,1980,Grant,5
WY,M,1980,Jerome,5
WY,M,1980,Jerry,5
WY,M,1980,Johnathan,5
WY,M,1980,Jordan,5
WY,M,1980,Jose,5
WY,M,1980,Lee,5
WY,M,1980,Morgan,5
WY,M,1980,Neil,5
WY,M,1980,Nickolas,5
WY,M,1980,Norman,5
WY,M,1980,Preston,5
WY,M,1980,Tony,5
WY,M,1980,Vernon,5
WY,M,1980,Zachariah,5
WY,M,1981,Joshua,160
WY,M,1981,Michael,145
WY,M,1981,Matthew,129
WY,M,1981,Christopher,128
WY,M,1981,Robert,112
WY,M,1981,Justin,109
WY,M,1981,Jason,101
WY,M,1981,David,98
WY,M,1981,Daniel,92
WY,M,1981,John,92
WY,M,1981,James,88
WY,M,1981,Ryan,78
WY,M,1981,Joseph,74
WY,M,1981,Brandon,68
WY,M,1981,Jacob,64
WY,M,1981,Nicholas,63
WY,M,1981,Eric,62
WY,M,1981,William,60
WY,M,1981,Dustin,56
WY,M,1981,Aaron,55
WY,M,1981,Jeremy,55
WY,M,1981,Steven,55
WY,M,1981,Adam,53
WY,M,1981,Benjamin,48
WY,M,1981,Brian,48
WY,M,1981,Thomas,46
WY,M,1981,Travis,45
WY,M,1981,Nathan,44
WY,M,1981,Andrew,43
WY,M,1981,Anthony,40
WY,M,1981,Richard,38
WY,M,1981,Scott,37
WY,M,1981,Casey,35
WY,M,1981,Charles,34
WY,M,1981,Timothy,34
WY,M,1981,Jeffrey,32
WY,M,1981,Jesse,32
WY,M,1981,Patrick,31
WY,M,1981,Zachary,31
WY,M,1981,Shane,30
WY,M,1981,Cody,29
WY,M,1981,Jonathan,29
WY,M,1981,Chad,28
WY,M,1981,Kenneth,27
WY,M,1981,Levi,27
WY,M,1981,Kevin,26
WY,M,1981,Tyler,26
WY,M,1981,Shawn,24
WY,M,1981,Jared,23
WY,M,1981,Jeremiah,23
WY,M,1981,Kyle,23
WY,M,1981,Samuel,23
WY,M,1981,Bryan,22
WY,M,1981,Mark,22
WY,M,1981,Derek,21
WY,M,1981,Brett,20
WY,M,1981,Douglas,20
WY,M,1981,Paul,20
WY,M,1981,Craig,19
WY,M,1981,Sean,19
WY,M,1981,Bradley,18
WY,M,1981,Nathaniel,18
WY,M,1981,Seth,18
WY,M,1981,Donald,17
WY,M,1981,Gregory,17
WY,M,1981,Lucas,16
WY,M,1981,Stephen,16
WY,M,1981,Wesley,16
WY,M,1981,Cory,15
WY,M,1981,Curtis,15
WY,M,1981,George,15
WY,M,1981,Luke,15
WY,M,1981,Clinton,14
WY,M,1981,Edward,14
WY,M,1981,Ronald,14
WY,M,1981,Trevor,14
WY,M,1981,Austin,13
WY,M,1981,Gabriel,13
WY,M,1981,Jeffery,13
WY,M,1981,Joel,13
WY,M,1981,Raymond,12
WY,M,1981,Allen,11
WY,M,1981,Beau,11
WY,M,1981,Corey,11
WY,M,1981,Derrick,11
WY,M,1981,Garrett,11
WY,M,1981,Philip,11
WY,M,1981,Phillip,11
WY,M,1981,Shaun,11
WY,M,1981,Billy,10
WY,M,1981,Frank,10
WY,M,1981,Ian,10
WY,M,1981,Todd,10
WY,M,1981,Alan,9
WY,M,1981,Alexander,9
WY,M,1981,Erik,9
WY,M,1981,Gary,9
WY,M,1981,Morgan,9
WY,M,1981,Troy,9
WY,M,1981,Tyrel,9
WY,M,1981,Tyson,9
WY,M,1981,Caleb,8
WY,M,1981,Cameron,8
WY,M,1981,Cole,8
WY,M,1981,Devin,8
WY,M,1981,Grant,8
WY,M,1981,Jake,8
WY,M,1981,Jonathon,8
WY,M,1981,Jordan,8
WY,M,1981,Kelly,8
WY,M,1981,Kristopher,8
WY,M,1981,Martin,8
WY,M,1981,Mathew,8
WY,M,1981,Albert,7
WY,M,1981,Clayton,7
WY,M,1981,Dusty,7
WY,M,1981,Evan,7
WY,M,1981,Jack,7
WY,M,1981,Jay,7
WY,M,1981,Jerry,7
WY,M,1981,Jose,7
WY,M,1981,Lance,7
WY,M,1981,Mitchell,7
WY,M,1981,Brad,6
WY,M,1981,Carlos,6
WY,M,1981,Darrell,6
WY,M,1981,Earl,6
WY,M,1981,Isaac,6
WY,M,1981,Jon,6
WY,M,1981,Juan,6
WY,M,1981,Keith,6
WY,M,1981,Kory,6
WY,M,1981,Kurt,6
WY,M,1981,Louis,6
WY,M,1981,Marc,6
WY,M,1981,Peter,6
WY,M,1981,Spencer,6
WY,M,1981,Theodore,6
WY,M,1981,Toby,6
WY,M,1981,Warren,6
WY,M,1981,Blake,5
WY,M,1981,Brady,5
WY,M,1981,Branden,5
WY,M,1981,Brent,5
WY,M,1981,Clint,5
WY,M,1981,Darren,5
WY,M,1981,Dennis,5
WY,M,1981,Drew,5
WY,M,1981,Glenn,5
WY,M,1981,Greg,5
WY,M,1981,Jimmy,5
WY,M,1981,Johnathan,5
WY,M,1981,Josh,5
WY,M,1981,Karl,5
WY,M,1981,Kirk,5
WY,M,1981,Logan,5
WY,M,1981,Marcus,5
WY,M,1981,Riley,5
WY,M,1981,Rodney,5
WY,M,1981,Roger,5
WY,M,1981,Russell,5
WY,M,1981,Terry,5
WY,M,1981,Trenton,5
WY,M,1981,Ty,5
WY,M,1981,Victor,5
WY,M,1981,Vincent,5
WY,M,1982,Michael,162
WY,M,1982,Christopher,157
WY,M,1982,Joshua,150
WY,M,1982,Matthew,127
WY,M,1982,James,110
WY,M,1982,Justin,110
WY,M,1982,Jason,100
WY,M,1982,Ryan,95
WY,M,1982,Robert,88
WY,M,1982,John,86
WY,M,1982,David,85
WY,M,1982,Daniel,77
WY,M,1982,Joseph,69
WY,M,1982,William,67
WY,M,1982,Brian,62
WY,M,1982,Andrew,59
WY,M,1982,Jeremy,57
WY,M,1982,Dustin,56
WY,M,1982,Eric,55
WY,M,1982,Jesse,55
WY,M,1982,Adam,53
WY,M,1982,Jacob,53
WY,M,1982,Nicholas,52
WY,M,1982,Aaron,51
WY,M,1982,Nathan,49
WY,M,1982,Travis,49
WY,M,1982,Brandon,48
WY,M,1982,Steven,45
WY,M,1982,Timothy,45
WY,M,1982,Tyler,45
WY,M,1982,Benjamin,44
WY,M,1982,Richard,43
WY,M,1982,Anthony,39
WY,M,1982,Jeffrey,39
WY,M,1982,Paul,39
WY,M,1982,Kyle,38
WY,M,1982,Scott,36
WY,M,1982,Thomas,36
WY,M,1982,Shawn,35
WY,M,1982,Zachary,34
WY,M,1982,Jonathan,33
WY,M,1982,Patrick,33
WY,M,1982,Bradley,32
WY,M,1982,Kevin,32
WY,M,1982,Cody,31
WY,M,1982,Kenneth,31
WY,M,1982,Chad,30
WY,M,1982,Charles,30
WY,M,1982,Jared,30
WY,M,1982,Shane,30
WY,M,1982,Mark,29
WY,M,1982,Stephen,25
WY,M,1982,Jeremiah,24
WY,M,1982,Samuel,24
WY,M,1982,Casey,23
WY,M,1982,Luke,21
WY,M,1982,Bryan,19
WY,M,1982,Sean,19
WY,M,1982,Gregory,18
WY,M,1982,Ian,17
WY,M,1982,Kelly,17
WY,M,1982,Cory,16
WY,M,1982,Derek,16
WY,M,1982,Seth,16
WY,M,1982,Erik,14
WY,M,1982,Russell,14
WY,M,1982,Brent,13
WY,M,1982,Brett,13
WY,M,1982,Douglas,13
WY,M,1982,Levi,13
WY,M,1982,Phillip,13
WY,M,1982,Ronald,12
WY,M,1982,Shaun,12
WY,M,1982,Wesley,12
WY,M,1982,Alexander,11
WY,M,1982,Austin,11
WY,M,1982,Caleb,11
WY,M,1982,Clayton,11
WY,M,1982,Donald,11
WY,M,1982,Keith,11
WY,M,1982,Roy,11
WY,M,1982,Corey,10
WY,M,1982,George,10
WY,M,1982,Jeffery,10
WY,M,1982,Johnathan,10
WY,M,1982,Marcus,10
WY,M,1982,Alan,9
WY,M,1982,Cole,9
WY,M,1982,Jake,9
WY,M,1982,Peter,9
WY,M,1982,Randy,9
WY,M,1982,Trevor,9
WY,M,1982,Troy,9
WY,M,1982,Tyson,9
WY,M,1982,Blake,8
WY,M,1982,Christian,8
WY,M,1982,Clinton,8
WY,M,1982,Edward,8
WY,M,1982,Eugene,8
WY,M,1982,Gabriel,8
WY,M,1982,Grant,8
WY,M,1982,Jack,8
WY,M,1982,Larry,8
WY,M,1982,Lucas,8
WY,M,1982,Philip,8
WY,M,1982,Tyrel,8
WY,M,1982,Allen,7
WY,M,1982,Carl,7
WY,M,1982,Clint,7
WY,M,1982,Dennis,7
WY,M,1982,Gary,7
WY,M,1982,Jimmy,7
WY,M,1982,Juan,7
WY,M,1982,Micah,7
WY,M,1982,Micheal,7
WY,M,1982,Nathaniel,7
WY,M,1982,Raymond,7
WY,M,1982,Spencer,7
WY,M,1982,Terry,7
WY,M,1982,Ty,7
WY,M,1982,Tyrell,7
WY,M,1982,Zachariah,7
WY,M,1982,Beau,6
WY,M,1982,Bobby,6
WY,M,1982,Curtis,6
WY,M,1982,Henry,6
WY,M,1982,Jamie,6
WY,M,1982,Joe,6
WY,M,1982,Joel,6
WY,M,1982,Jonathon,6
WY,M,1982,Jordan,6
WY,M,1982,Jose,6
WY,M,1982,Julian,6
WY,M,1982,Kristopher,6
WY,M,1982,Lawrence,6
WY,M,1982,Marc,6
WY,M,1982,Mathew,6
WY,M,1982,Tanner,6
WY,M,1982,Todd,6
WY,M,1982,Tony,6
WY,M,1982,Trent,6
WY,M,1982,Trenton,6
WY,M,1982,Victor,6
WY,M,1982,Billy,5
WY,M,1982,Brad,5
WY,M,1982,Brady,5
WY,M,1982,Cameron,5
WY,M,1982,Clay,5
WY,M,1982,Colin,5
WY,M,1982,Colt,5
WY,M,1982,Craig,5
WY,M,1982,Eli,5
WY,M,1982,Evan,5
WY,M,1982,Gerald,5
WY,M,1982,Graham,5
WY,M,1982,Isaac,5
WY,M,1982,Jon,5
WY,M,1982,Max,5
WY,M,1982,Noah,5
WY,M,1982,Ross,5
WY,M,1982,Rusty,5
WY,M,1982,Toby,5
WY,M,1982,Vincent,5
WY,M,1983,Michael,171
WY,M,1983,Christopher,162
WY,M,1983,Matthew,145
WY,M,1983,Joshua,128
WY,M,1983,Ryan,89
WY,M,1983,John,85
WY,M,1983,Justin,85
WY,M,1983,Jason,84
WY,M,1983,Brandon,82
WY,M,1983,James,82
WY,M,1983,David,81
WY,M,1983,Daniel,72
WY,M,1983,Robert,70
WY,M,1983,Kyle,67
WY,M,1983,Andrew,65
WY,M,1983,Jacob,62
WY,M,1983,Eric,61
WY,M,1983,Joseph,61
WY,M,1983,Aaron,60
WY,M,1983,Brian,59
WY,M,1983,Adam,54
WY,M,1983,Benjamin,50
WY,M,1983,William,48
WY,M,1983,Nathan,47
WY,M,1983,Scott,47
WY,M,1983,Anthony,45
WY,M,1983,Nicholas,45
WY,M,1983,Richard,45
WY,M,1983,Dustin,44
WY,M,1983,Travis,42
WY,M,1983,Jeremy,41
WY,M,1983,Steven,41
WY,M,1983,Thomas,41
WY,M,1983,Cody,38
WY,M,1983,Jared,38
WY,M,1983,Jonathan,37
WY,M,1983,Jesse,36
WY,M,1983,Jeffrey,35
WY,M,1983,Tyler,35
WY,M,1983,Zachary,35
WY,M,1983,Chad,33
WY,M,1983,Bryan,32
WY,M,1983,Charles,32
WY,M,1983,Derek,32
WY,M,1983,Timothy,32
WY,M,1983,Kevin,30
WY,M,1983,Sean,29
WY,M,1983,Mark,27
WY,M,1983,Paul,25
WY,M,1983,Kenneth,24
WY,M,1983,Casey,23
WY,M,1983,Bradley,20
WY,M,1983,Patrick,20
WY,M,1983,Shane,20
WY,M,1983,Shawn,20
WY,M,1983,Edward,19
WY,M,1983,Brett,18
WY,M,1983,Jeremiah,18
WY,M,1983,Samuel,18
WY,M,1983,Cory,17
WY,M,1983,Levi,17
WY,M,1983,Seth,17
WY,M,1983,Luke,16
WY,M,1983,Donald,15
WY,M,1983,Jordan,15
WY,M,1983,Keith,14
WY,M,1983,Phillip,14
WY,M,1983,Cole,13
WY,M,1983,Erik,13
WY,M,1983,Gregory,13
WY,M,1983,Nathaniel,13
WY,M,1983,Philip,13
WY,M,1983,Trevor,13
WY,M,1983,Craig,12
WY,M,1983,Douglas,12
WY,M,1983,Gary,12
WY,M,1983,Jeffery,12
WY,M,1983,Stephen,12
WY,M,1983,Austin,11
WY,M,1983,Clayton,11
WY,M,1983,Dennis,11
WY,M,1983,Garrett,11
WY,M,1983,Jake,11
WY,M,1983,Jerry,11
WY,M,1983,Kristopher,11
WY,M,1983,Peter,11
WY,M,1983,Russell,11
WY,M,1983,Todd,11
WY,M,1983,Corey,10
WY,M,1983,Curtis,10
WY,M,1983,Raymond,10
WY,M,1983,Ronald,10
WY,M,1983,Cameron,9
WY,M,1983,Chase,9
WY,M,1983,Jack,9
WY,M,1983,Lucas,9
WY,M,1983,Beau,8
WY,M,1983,Dale,8
WY,M,1983,Evan,8
WY,M,1983,Lance,8
WY,M,1983,Randy,8
WY,M,1983,Wesley,8
WY,M,1983,Caleb,7
WY,M,1983,Colton,7
WY,M,1983,Derrick,7
WY,M,1983,Gabriel,7
WY,M,1983,Ian,7
WY,M,1983,Joel,7
WY,M,1983,Johnathan,7
WY,M,1983,Jon,7
WY,M,1983,Mathew,7
WY,M,1983,Shaun,7
WY,M,1983,Spencer,7
WY,M,1983,Ty,7
WY,M,1983,Allen,6
WY,M,1983,Ben,6
WY,M,1983,Brock,6
WY,M,1983,Bryce,6
WY,M,1983,Calvin,6
WY,M,1983,Danny,6
WY,M,1983,Dean,6
WY,M,1983,Elijah,6
WY,M,1983,Glen,6
WY,M,1983,Grant,6
WY,M,1983,Loren,6
WY,M,1983,Micheal,6
WY,M,1983,Roy,6
WY,M,1983,Troy,6
WY,M,1983,Tyson,6
WY,M,1983,Wade,6
WY,M,1983,Wayne,6
WY,M,1983,Zane,6
WY,M,1983,Alan,5
WY,M,1983,Alex,5
WY,M,1983,Alexander,5
WY,M,1983,Barry,5
WY,M,1983,Brady,5
WY,M,1983,Carl,5
WY,M,1983,Colby,5
WY,M,1983,Colter,5
WY,M,1983,Geoffrey,5
WY,M,1983,George,5
WY,M,1983,Gerald,5
WY,M,1983,Henry,5
WY,M,1983,Jessie,5
WY,M,1983,Kelly,5
WY,M,1983,Kurt,5
WY,M,1983,Larry,5
WY,M,1983,Lee,5
WY,M,1983,Marcus,5
WY,M,1983,Marshall,5
WY,M,1983,Mitchell,5
WY,M,1983,Noah,5
WY,M,1983,Nolan,5
WY,M,1983,Tanner,5
WY,M,1983,Taylor,5
WY,M,1983,Terry,5
WY,M,1983,Victor,5
WY,M,1984,Michael,144
WY,M,1984,Matthew,130
WY,M,1984,Christopher,121
WY,M,1984,Joshua,115
WY,M,1984,Ryan,108
WY,M,1984,Justin,86
WY,M,1984,David,85
WY,M,1984,Daniel,79
WY,M,1984,James,74
WY,M,1984,John,70
WY,M,1984,Adam,67
WY,M,1984,Brandon,65
WY,M,1984,Jason,62
WY,M,1984,Brian,60
WY,M,1984,William,60
WY,M,1984,Robert,59
WY,M,1984,Eric,56
WY,M,1984,Jacob,56
WY,M,1984,Kyle,56
WY,M,1984,Steven,54
WY,M,1984,Cody,53
WY,M,1984,Nicholas,53
WY,M,1984,Andrew,52
WY,M,1984,Joseph,51
WY,M,1984,Anthony,50
WY,M,1984,Thomas,50
WY,M,1984,Aaron,49
WY,M,1984,Travis,49
WY,M,1984,Tyler,45
WY,M,1984,Jonathan,43
WY,M,1984,Benjamin,40
WY,M,1984,Jeremy,38
WY,M,1984,Timothy,38
WY,M,1984,Nathan,37
WY,M,1984,Mark,36
WY,M,1984,Dustin,35
WY,M,1984,Zachary,35
WY,M,1984,Jesse,34
WY,M,1984,Kevin,33
WY,M,1984,Patrick,31
WY,M,1984,Jeffrey,29
WY,M,1984,Sean,28
WY,M,1984,Derek,26
WY,M,1984,Richard,25
WY,M,1984,Bryan,23
WY,M,1984,Jared,23
WY,M,1984,Stephen,23
WY,M,1984,Paul,21
WY,M,1984,Austin,20
WY,M,1984,Charles,20
WY,M,1984,Scott,20
WY,M,1984,Shane,19
WY,M,1984,Shawn,19
WY,M,1984,Wesley,19
WY,M,1984,Jordan,18
WY,M,1984,Casey,17
WY,M,1984,Samuel,17
WY,M,1984,Seth,16
WY,M,1984,Chad,15
WY,M,1984,Clinton,15
WY,M,1984,Jeremiah,15
WY,M,1984,Kenneth,15
WY,M,1984,Levi,15
WY,M,1984,Luke,15
WY,M,1984,Peter,15
WY,M,1984,Bradley,14
WY,M,1984,Cory,14
WY,M,1984,Clayton,13
WY,M,1984,Erik,13
WY,M,1984,Gregory,13
WY,M,1984,Ian,13
WY,M,1984,Marcus,13
WY,M,1984,Brenton,12
WY,M,1984,Brett,12
WY,M,1984,Drew,12
WY,M,1984,Taylor,12
WY,M,1984,Alex,11
WY,M,1984,Caleb,11
WY,M,1984,Chance,11
WY,M,1984,Donald,11
WY,M,1984,George,11
WY,M,1984,Lance,11
WY,M,1984,Mathew,11
WY,M,1984,Bryce,10
WY,M,1984,Cameron,10
WY,M,1984,Edward,10
WY,M,1984,Jeffery,10
WY,M,1984,Jonathon,10
WY,M,1984,Kristopher,10
WY,M,1984,Phillip,10
WY,M,1984,Ronald,10
WY,M,1984,Beau,9
WY,M,1984,Garrett,9
WY,M,1984,Joel,9
WY,M,1984,Raymond,9
WY,M,1984,Todd,9
WY,M,1984,Carl,8
WY,M,1984,Christian,8
WY,M,1984,Corey,8
WY,M,1984,Curtis,8
WY,M,1984,Derrick,8
WY,M,1984,Evan,8
WY,M,1984,Jack,8
WY,M,1984,Jamie,8
WY,M,1984,Lee,8
WY,M,1984,Logan,8
WY,M,1984,Troy,8
WY,M,1984,Tyson,8
WY,M,1984,Wade,8
WY,M,1984,Adrian,7
WY,M,1984,Alan,7
WY,M,1984,Alexander,7
WY,M,1984,Allen,7
WY,M,1984,Chase,7
WY,M,1984,Clifford,7
WY,M,1984,Dennis,7
WY,M,1984,Devin,7
WY,M,1984,Keith,7
WY,M,1984,Kelly,7
WY,M,1984,Louis,7
WY,M,1984,Micheal,7
WY,M,1984,Mitchell,7
WY,M,1984,Nathaniel,7
WY,M,1984,Trent,7
WY,M,1984,Trenton,7
WY,M,1984,Trevor,7
WY,M,1984,Ty,7
WY,M,1984,Brent,6
WY,M,1984,Douglas,6
WY,M,1984,Jay,6
WY,M,1984,Lucas,6
WY,M,1984,Ross,6
WY,M,1984,Russell,6
WY,M,1984,Tony,6
WY,M,1984,Vincent,6
WY,M,1984,Andy,5
WY,M,1984,Brad,5
WY,M,1984,Branden,5
WY,M,1984,Brice,5
WY,M,1984,Brock,5
WY,M,1984,Calvin,5
WY,M,1984,Colter,5
WY,M,1984,Darren,5
WY,M,1984,Dylan,5
WY,M,1984,Frank,5
WY,M,1984,Gabriel,5
WY,M,1984,Isaac,5
WY,M,1984,Jose,5
WY,M,1984,Juan,5
WY,M,1984,Kent,5
WY,M,1984,Micah,5
WY,M,1984,Randy,5
WY,M,1984,Shaun,5
WY,M,1984,Steve,5
WY,M,1984,Tanner,5
WY,M,1984,Terry,5
WY,M,1985,Christopher,142
WY,M,1985,Michael,125
WY,M,1985,Joshua,121
WY,M,1985,Matthew,112
WY,M,1985,Andrew,82
WY,M,1985,Robert,73
WY,M,1985,Ryan,71
WY,M,1985,James,69
WY,M,1985,John,68
WY,M,1985,Daniel,66
WY,M,1985,David,64
WY,M,1985,Justin,61
WY,M,1985,Kyle,59
WY,M,1985,Brandon,58
WY,M,1985,Jacob,58
WY,M,1985,Jason,58
WY,M,1985,Zachary,57
WY,M,1985,Nicholas,56
WY,M,1985,William,54
WY,M,1985,Adam,53
WY,M,1985,Travis,52
WY,M,1985,Brian,50
WY,M,1985,Eric,49
WY,M,1985,Cody,48
WY,M,1985,Tyler,46
WY,M,1985,Thomas,43
WY,M,1985,Dustin,40
WY,M,1985,Aaron,37
WY,M,1985,Joseph,37
WY,M,1985,Jeremy,35
WY,M,1985,Jonathan,35
WY,M,1985,Anthony,33
WY,M,1985,Benjamin,33
WY,M,1985,Nathan,33
WY,M,1985,Steven,33
WY,M,1985,Jared,32
WY,M,1985,Jesse,32
WY,M,1985,Richard,31
WY,M,1985,Casey,29
WY,M,1985,Charles,29
WY,M,1985,Jeffrey,28
WY,M,1985,Shawn,28
WY,M,1985,Kevin,27
WY,M,1985,Patrick,26
WY,M,1985,Paul,26
WY,M,1985,Chad,25
WY,M,1985,Mark,25
WY,M,1985,Sean,25
WY,M,1985,Timothy,25
WY,M,1985,Bryan,21
WY,M,1985,Jordan,21
WY,M,1985,Derek,20
WY,M,1985,Donald,19
WY,M,1985,Scott,18
WY,M,1985,Kenneth,17
WY,M,1985,Bradley,16
WY,M,1985,Gregory,16
WY,M,1985,Keith,16
WY,M,1985,Samuel,16
WY,M,1985,Seth,16
WY,M,1985,Trevor,16
WY,M,1985,Brett,15
WY,M,1985,Cole,15
WY,M,1985,Shane,15
WY,M,1985,Alexander,14
WY,M,1985,Austin,14
WY,M,1985,Cory,14
WY,M,1985,Stephen,14
WY,M,1985,Wesley,14
WY,M,1985,Levi,13
WY,M,1985,Raymond,13
WY,M,1985,Alex,12
WY,M,1985,Devin,12
WY,M,1985,Taylor,12
WY,M,1985,Troy,12
WY,M,1985,Jake,11
WY,M,1985,Jeremiah,11
WY,M,1985,Luke,11
WY,M,1985,Russell,11
WY,M,1985,Clinton,10
WY,M,1985,Ian,10
WY,M,1985,Joel,10
WY,M,1985,Kristopher,10
WY,M,1985,Nathaniel,10
WY,M,1985,Tyson,10
WY,M,1985,Chase,9
WY,M,1985,Clayton,9
WY,M,1985,Corey,9
WY,M,1985,Craig,9
WY,M,1985,Curtis,9
WY,M,1985,Erik,9
WY,M,1985,Evan,9
WY,M,1985,Gary,9
WY,M,1985,Lance,9
WY,M,1985,Todd,9
WY,M,1985,Brent,8
WY,M,1985,Caleb,8
WY,M,1985,Carl,8
WY,M,1985,Douglas,8
WY,M,1985,Garrett,8
WY,M,1985,Lee,8
WY,M,1985,Logan,8
WY,M,1985,Lucas,8
WY,M,1985,Mathew,8
WY,M,1985,Peter,8
WY,M,1985,Phillip,8
WY,M,1985,Randy,8
WY,M,1985,Terry,8
WY,M,1985,Allen,7
WY,M,1985,Beau,7
WY,M,1985,Bryce,7
WY,M,1985,Chance,7
WY,M,1985,Dane,7
WY,M,1985,Drew,7
WY,M,1985,Kelly,7
WY,M,1985,Larry,7
WY,M,1985,Marcus,7
WY,M,1985,Randall,7
WY,M,1985,Spencer,7
WY,M,1985,Zachery,7
WY,M,1985,Calvin,6
WY,M,1985,Cameron,6
WY,M,1985,Dale,6
WY,M,1985,Dallas,6
WY,M,1985,Grant,6
WY,M,1985,Jack,6
WY,M,1985,Jay,6
WY,M,1985,Jeffery,6
WY,M,1985,Marc,6
WY,M,1985,Philip,6
WY,M,1985,Ronald,6
WY,M,1985,Shaun,6
WY,M,1985,Trenton,6
WY,M,1985,Wade,6
WY,M,1985,Adrian,5
WY,M,1985,Alan,5
WY,M,1985,Blake,5
WY,M,1985,Brad,5
WY,M,1985,Brady,5
WY,M,1985,Colin,5
WY,M,1985,Colter,5
WY,M,1985,Dylan,5
WY,M,1985,Ethan,5
WY,M,1985,Forrest,5
WY,M,1985,Frank,5
WY,M,1985,Jon,5
WY,M,1985,Louis,5
WY,M,1985,Mason,5
WY,M,1985,Morgan,5
WY,M,1985,Riley,5
WY,M,1985,Ross,5
WY,M,1985,Roy,5
WY,M,1985,Theodore,5
WY,M,1986,Christopher,125
WY,M,1986,Michael,118
WY,M,1986,Matthew,101
WY,M,1986,Joshua,97
WY,M,1986,Andrew,93
WY,M,1986,Ryan,81
WY,M,1986,Daniel,79
WY,M,1986,Kyle,69
WY,M,1986,Jacob,64
WY,M,1986,James,62
WY,M,1986,Justin,61
WY,M,1986,Robert,61
WY,M,1986,David,59
WY,M,1986,John,56
WY,M,1986,Brandon,54
WY,M,1986,Brian,54
WY,M,1986,Nicholas,50
WY,M,1986,William,49
WY,M,1986,Tyler,48
WY,M,1986,Adam,43
WY,M,1986,Anthony,43
WY,M,1986,Eric,42
WY,M,1986,Jason,42
WY,M,1986,Dustin,37
WY,M,1986,Jeremy,35
WY,M,1986,Joseph,35
WY,M,1986,Cody,34
WY,M,1986,Kevin,34
WY,M,1986,Patrick,34
WY,M,1986,Steven,33
WY,M,1986,Zachary,33
WY,M,1986,Benjamin,32
WY,M,1986,Jesse,32
WY,M,1986,Nathan,32
WY,M,1986,Aaron,31
WY,M,1986,Travis,31
WY,M,1986,Thomas,30
WY,M,1986,Timothy,30
WY,M,1986,Charles,29
WY,M,1986,Sean,29
WY,M,1986,Shane,27
WY,M,1986,Paul,26
WY,M,1986,Scott,24
WY,M,1986,Jordan,23
WY,M,1986,Jonathan,22
WY,M,1986,Mark,22
WY,M,1986,Cory,21
WY,M,1986,Richard,21
WY,M,1986,Chad,20
WY,M,1986,Samuel,20
WY,M,1986,Craig,18
WY,M,1986,Derek,18
WY,M,1986,Gregory,18
WY,M,1986,Alex,17
WY,M,1986,Mathew,17
WY,M,1986,Bryan,16
WY,M,1986,Jared,16
WY,M,1986,Jeffrey,16
WY,M,1986,Levi,16
WY,M,1986,Shawn,16
WY,M,1986,Brett,15
WY,M,1986,Casey,15
WY,M,1986,Jeremiah,15
WY,M,1986,Stephen,15
WY,M,1986,Joel,14
WY,M,1986,Seth,14
WY,M,1986,Cameron,13
WY,M,1986,Kenneth,12
WY,M,1986,Kristopher,12
WY,M,1986,Trevor,12
WY,M,1986,Brent,11
WY,M,1986,Evan,11
WY,M,1986,Logan,11
WY,M,1986,Todd,11
WY,M,1986,Bradley,10
WY,M,1986,Ian,10
WY,M,1986,Jake,10
WY,M,1986,Mitchell,10
WY,M,1986,Wesley,10
WY,M,1986,Alexander,9
WY,M,1986,Douglas,9
WY,M,1986,Gabriel,9
WY,M,1986,Lucas,9
WY,M,1986,Nathaniel,9
WY,M,1986,Brady,8
WY,M,1986,Bryce,8
WY,M,1986,Clinton,8
WY,M,1986,Corey,8
WY,M,1986,Drew,8
WY,M,1986,Erik,8
WY,M,1986,Jeffery,8
WY,M,1986,Lance,8
WY,M,1986,Nickolas,8
WY,M,1986,Peter,8
WY,M,1986,Phillip,8
WY,M,1986,Tyrell,8
WY,M,1986,Allen,7
WY,M,1986,Blake,7
WY,M,1986,Caleb,7
WY,M,1986,Dean,7
WY,M,1986,Dennis,7
WY,M,1986,Derrick,7
WY,M,1986,Garrett,7
WY,M,1986,Noah,7
WY,M,1986,Raymond,7
WY,M,1986,Spencer,7
WY,M,1986,Austin,6
WY,M,1986,Carl,6
WY,M,1986,Cole,6
WY,M,1986,Curtis,6
WY,M,1986,Dillon,6
WY,M,1986,Gary,6
WY,M,1986,Jonathon,6
WY,M,1986,Keith,6
WY,M,1986,Kelly,6
WY,M,1986,Luke,6
WY,M,1986,Marcus,6
WY,M,1986,Miles,6
WY,M,1986,Tony,6
WY,M,1986,Troy,6
WY,M,1986,Tyson,6
WY,M,1986,Vincent,6
WY,M,1986,Chase,5
WY,M,1986,Dane,5
WY,M,1986,Edward,5
WY,M,1986,Isaac,5
WY,M,1986,Jack,5
WY,M,1986,Johnathan,5
WY,M,1986,Jose,5
WY,M,1986,Keegan,5
WY,M,1986,Kody,5
WY,M,1986,Philip,5
WY,M,1986,Rex,5
WY,M,1986,Ronald,5
WY,M,1986,Stuart,5
WY,M,1986,Tyrel,5
WY,M,1986,Victor,5
WY,M,1986,Wade,5
WY,M,1987,Michael,95
WY,M,1987,Matthew,85
WY,M,1987,Joshua,78
WY,M,1987,Christopher,70
WY,M,1987,James,66
WY,M,1987,Ryan,63
WY,M,1987,Daniel,61
WY,M,1987,Tyler,57
WY,M,1987,William,55
WY,M,1987,Brandon,52
WY,M,1987,Kyle,52
WY,M,1987,Justin,51
WY,M,1987,David,50
WY,M,1987,Cody,48
WY,M,1987,John,48
WY,M,1987,Andrew,47
WY,M,1987,Robert,46
WY,M,1987,Brian,45
WY,M,1987,Jacob,44
WY,M,1987,Joseph,40
WY,M,1987,Nicholas,40
WY,M,1987,Benjamin,37
WY,M,1987,Adam,36
WY,M,1987,Anthony,36
WY,M,1987,Jason,36
WY,M,1987,Steven,36
WY,M,1987,Dustin,34
WY,M,1987,Thomas,33
WY,M,1987,Zachary,32
WY,M,1987,Jonathan,29
WY,M,1987,Aaron,28
WY,M,1987,Jeffrey,28
WY,M,1987,Nathan,28
WY,M,1987,Eric,27
WY,M,1987,Jesse,27
WY,M,1987,Charles,26
WY,M,1987,Sean,26
WY,M,1987,Scott,25
WY,M,1987,Travis,24
WY,M,1987,Jared,23
WY,M,1987,Jeremy,23
WY,M,1987,Mark,23
WY,M,1987,Kevin,22
WY,M,1987,Samuel,22
WY,M,1987,Seth,22
WY,M,1987,Shawn,22
WY,M,1987,Jordan,20
WY,M,1987,Richard,20
WY,M,1987,Cory,19
WY,M,1987,Stephen,19
WY,M,1987,Timothy,18
WY,M,1987,Paul,17
WY,M,1987,Shane,17
WY,M,1987,Levi,16
WY,M,1987,Casey,15
WY,M,1987,Trevor,15
WY,M,1987,Alexander,14
WY,M,1987,Patrick,14
WY,M,1987,Bradley,13
WY,M,1987,Derek,13
WY,M,1987,Spencer,13
WY,M,1987,Alex,12
WY,M,1987,Bryan,12
WY,M,1987,Cole,12
WY,M,1987,Joel,12
WY,M,1987,Logan,12
WY,M,1987,Lucas,12
WY,M,1987,Corey,11
WY,M,1987,Ian,11
WY,M,1987,Caleb,10
WY,M,1987,Cameron,10
WY,M,1987,Chad,10
WY,M,1987,Chase,10
WY,M,1987,Jeremiah,10
WY,M,1987,Ronald,10
WY,M,1987,Austin,9
WY,M,1987,Brady,9
WY,M,1987,Brett,9
WY,M,1987,Colton,9
WY,M,1987,Donald,9
WY,M,1987,Kelly,9
WY,M,1987,Kenneth,9
WY,M,1987,Clayton,8
WY,M,1987,Douglas,8
WY,M,1987,Edward,8
WY,M,1987,Garrett,8
WY,M,1987,Gregory,8
WY,M,1987,Keith,8
WY,M,1987,Philip,8
WY,M,1987,Phillip,8
WY,M,1987,Alan,7
WY,M,1987,Bryce,7
WY,M,1987,George,7
WY,M,1987,Lance,7
WY,M,1987,Peter,7
WY,M,1987,Craig,6
WY,M,1987,Curtis,6
WY,M,1987,Devin,6
WY,M,1987,Isaac,6
WY,M,1987,Isaiah,6
WY,M,1987,Jonathon,6
WY,M,1987,Lawrence,6
WY,M,1987,Luke,6
WY,M,1987,Mathew,6
WY,M,1987,Nathaniel,6
WY,M,1987,Taylor,6
WY,M,1987,Trenton,6
WY,M,1987,Tyson,6
WY,M,1987,Arthur,5
WY,M,1987,Clinton,5
WY,M,1987,Dusty,5
WY,M,1987,Dylan,5
WY,M,1987,Erik,5
WY,M,1987,Evan,5
WY,M,1987,Jake,5
WY,M,1987,Jon,5
WY,M,1987,Kasey,5
WY,M,1987,Kellen,5
WY,M,1987,Lane,5
WY,M,1987,Louis,5
WY,M,1987,Marcus,5
WY,M,1987,Mitchell,5
WY,M,1987,Preston,5
WY,M,1987,Russell,5
WY,M,1987,Ty,5
WY,M,1987,Zachariah,5
WY,M,1988,Michael,100
WY,M,1988,Joshua,83
WY,M,1988,Christopher,79
WY,M,1988,Matthew,78
WY,M,1988,Daniel,61
WY,M,1988,Andrew,55
WY,M,1988,Ryan,54
WY,M,1988,Robert,52
WY,M,1988,James,48
WY,M,1988,Justin,45
WY,M,1988,Cody,43
WY,M,1988,John,43
WY,M,1988,Anthony,41
WY,M,1988,Kyle,41
WY,M,1988,Tyler,41
WY,M,1988,Brandon,40
WY,M,1988,Joseph,40
WY,M,1988,Thomas,36
WY,M,1988,William,36
WY,M,1988,Zachary,36
WY,M,1988,David,34
WY,M,1988,Aaron,33
WY,M,1988,Jacob,33
WY,M,1988,Nicholas,33
WY,M,1988,Dustin,32
WY,M,1988,Jason,32
WY,M,1988,Adam,31
WY,M,1988,Casey,28
WY,M,1988,Eric,28
WY,M,1988,Jeremy,28
WY,M,1988,Timothy,28
WY,M,1988,Travis,28
WY,M,1988,Steven,27
WY,M,1988,Charles,26
WY,M,1988,Jordan,26
WY,M,1988,Mark,26
WY,M,1988,Nathan,26
WY,M,1988,Brian,25
WY,M,1988,Jeffrey,24
WY,M,1988,Kevin,23
WY,M,1988,Richard,23
WY,M,1988,Kenneth,22
WY,M,1988,Benjamin,21
WY,M,1988,Shawn,21
WY,M,1988,Austin,20
WY,M,1988,Jesse,20
WY,M,1988,Patrick,20
WY,M,1988,Bradley,19
WY,M,1988,Sean,19
WY,M,1988,Seth,19
WY,M,1988,Jonathan,18
WY,M,1988,Cameron,17
WY,M,1988,Shane,17
WY,M,1988,Alex,16
WY,M,1988,Levi,16
WY,M,1988,Paul,16
WY,M,1988,Corey,15
WY,M,1988,Cory,15
WY,M,1988,Gregory,15
WY,M,1988,Samuel,15
WY,M,1988,Trevor,15
WY,M,1988,Chad,14
WY,M,1988,Stephen,14
WY,M,1988,Alexander,13
WY,M,1988,Brett,13
WY,M,1988,Bryan,13
WY,M,1988,Derek,13
WY,M,1988,Scott,13
WY,M,1988,Caleb,12
WY,M,1988,Jared,12
WY,M,1988,Mathew,12
WY,M,1988,Evan,11
WY,M,1988,Ian,11
WY,M,1988,Taylor,11
WY,M,1988,Colby,10
WY,M,1988,Colton,9
WY,M,1988,Craig,9
WY,M,1988,Derrick,9
WY,M,1988,Jay,9
WY,M,1988,Joel,9
WY,M,1988,Larry,9
WY,M,1988,Mitchell,9
WY,M,1988,Ross,9
WY,M,1988,Troy,9
WY,M,1988,Chase,8
WY,M,1988,Drew,8
WY,M,1988,Erik,8
WY,M,1988,Jerry,8
WY,M,1988,Lucas,8
WY,M,1988,Marcus,8
WY,M,1988,Ronald,8
WY,M,1988,Tyson,8
WY,M,1988,Blake,7
WY,M,1988,Clay,7
WY,M,1988,Dylan,7
WY,M,1988,Garrett,7
WY,M,1988,Jeffery,7
WY,M,1988,Kelly,7
WY,M,1988,Logan,7
WY,M,1988,Luke,7
WY,M,1988,Morgan,7
WY,M,1988,Nathaniel,7
WY,M,1988,Ty,7
WY,M,1988,Wesley,7
WY,M,1988,Brady,6
WY,M,1988,Chance,6
WY,M,1988,Clayton,6
WY,M,1988,Colin,6
WY,M,1988,Curtis,6
WY,M,1988,Dallin,6
WY,M,1988,Dillon,6
WY,M,1988,Douglas,6
WY,M,1988,Jack,6
WY,M,1988,Jake,6
WY,M,1988,Jonathon,6
WY,M,1988,Lee,6
WY,M,1988,Peter,6
WY,M,1988,Tanner,6
WY,M,1988,Bryce,5
WY,M,1988,Clinton,5
WY,M,1988,Donald,5
WY,M,1988,Dusty,5
WY,M,1988,Frank,5
WY,M,1988,Gabriel,5
WY,M,1988,Isaac,5
WY,M,1988,Jeremiah,5
WY,M,1988,Kory,5
WY,M,1988,Neil,5
WY,M,1988,Russell,5
WY,M,1988,Spencer,5
WY,M,1988,Vincent,5
WY,M,1989,Michael,102
WY,M,1989,Christopher,91
WY,M,1989,Kyle,65
WY,M,1989,Joshua,62
WY,M,1989,Matthew,62
WY,M,1989,Tyler,58
WY,M,1989,David,55
WY,M,1989,Andrew,54
WY,M,1989,Jacob,54
WY,M,1989,Daniel,46
WY,M,1989,Joseph,46
WY,M,1989,Robert,45
WY,M,1989,James,44
WY,M,1989,Ryan,44
WY,M,1989,Nicholas,43
WY,M,1989,Thomas,41
WY,M,1989,Benjamin,40
WY,M,1989,Justin,37
WY,M,1989,John,36
WY,M,1989,Zachary,36
WY,M,1989,Travis,35
WY,M,1989,Brandon,34
WY,M,1989,Cody,33
WY,M,1989,Nathan,33
WY,M,1989,Adam,32
WY,M,1989,Dustin,31
WY,M,1989,Jordan,30
WY,M,1989,Jeremy,29
WY,M,1989,Eric,28
WY,M,1989,William,26
WY,M,1989,Anthony,24
WY,M,1989,Jason,24
WY,M,1989,Kevin,24
WY,M,1989,Sean,24
WY,M,1989,Stephen,23
WY,M,1989,Aaron,22
WY,M,1989,Jonathan,22
WY,M,1989,Jared,21
WY,M,1989,Steven,21
WY,M,1989,Timothy,21
WY,M,1989,Cameron,19
WY,M,1989,Brian,18
WY,M,1989,Paul,18
WY,M,1989,Austin,17
WY,M,1989,Casey,17
WY,M,1989,Derek,17
WY,M,1989,Jeffrey,16
WY,M,1989,Jesse,16
WY,M,1989,Levi,16
WY,M,1989,Charles,15
WY,M,1989,Ethan,15
WY,M,1989,Samuel,15
WY,M,1989,Bradley,14
WY,M,1989,Shane,14
WY,M,1989,Trevor,14
WY,M,1989,Douglas,13
WY,M,1989,Mitchell,13
WY,M,1989,Taylor,13
WY,M,1989,Caleb,12
WY,M,1989,Corey,12
WY,M,1989,Scott,12
WY,M,1989,Shawn,12
WY,M,1989,Spencer,12
WY,M,1989,Troy,12
WY,M,1989,Bryan,11
WY,M,1989,Colton,11
WY,M,1989,Cory,11
WY,M,1989,Logan,11
WY,M,1989,Mark,11
WY,M,1989,Patrick,11
WY,M,1989,Richard,11
WY,M,1989,Garrett,10
WY,M,1989,Gregory,10
WY,M,1989,Lucas,10
WY,M,1989,Phillip,10
WY,M,1989,Chase,9
WY,M,1989,Ian,9
WY,M,1989,Jake,9
WY,M,1989,Luke,9
WY,M,1989,Tanner,9
WY,M,1989,Alex,8
WY,M,1989,Alexander,8
WY,M,1989,Clayton,8
WY,M,1989,Dillon,8
WY,M,1989,Dylan,8
WY,M,1989,Jeremiah,8
WY,M,1989,Mathew,8
WY,M,1989,Raymond,8
WY,M,1989,Seth,8
WY,M,1989,Blake,7
WY,M,1989,Chad,7
WY,M,1989,Dane,7
WY,M,1989,Devin,7
WY,M,1989,Evan,7
WY,M,1989,George,7
WY,M,1989,Nathaniel,7
WY,M,1989,Vincent,7
WY,M,1989,Allen,6
WY,M,1989,Calvin,6
WY,M,1989,Colin,6
WY,M,1989,Colten,6
WY,M,1989,Drew,6
WY,M,1989,Grant,6
WY,M,1989,Kenneth,6
WY,M,1989,Kody,6
WY,M,1989,Kristopher,6
WY,M,1989,Rory,6
WY,M,1989,Russell,6
WY,M,1989,Todd,6
WY,M,1989,Tucker,6
WY,M,1989,Tyson,6
WY,M,1989,Adrian,5
WY,M,1989,Brett,5
WY,M,1989,Bryce,5
WY,M,1989,Carlos,5
WY,M,1989,Craig,5
WY,M,1989,Derrick,5
WY,M,1989,Donald,5
WY,M,1989,Edward,5
WY,M,1989,Gabriel,5
WY,M,1989,Gary,5
WY,M,1989,Josiah,5
WY,M,1989,Lance,5
WY,M,1989,Miles,5
WY,M,1989,Philip,5
WY,M,1989,Randy,5
WY,M,1989,Riley,5
WY,M,1989,Roger,5
WY,M,1989,Ronald,5
WY,M,1989,Ross,5
WY,M,1989,Ty,5
WY,M,1989,Tyrell,5
WY,M,1990,Michael,83
WY,M,1990,Christopher,69
WY,M,1990,Joshua,67
WY,M,1990,Tyler,65
WY,M,1990,Jacob,64
WY,M,1990,Ryan,64
WY,M,1990,Matthew,60
WY,M,1990,Andrew,50
WY,M,1990,John,49
WY,M,1990,Justin,49
WY,M,1990,Kyle,49
WY,M,1990,Cody,47
WY,M,1990,James,47
WY,M,1990,Joseph,46
WY,M,1990,Robert,46
WY,M,1990,David,45
WY,M,1990,Brandon,40
WY,M,1990,Daniel,38
WY,M,1990,Steven,38
WY,M,1990,Zachary,37
WY,M,1990,Anthony,33
WY,M,1990,Jordan,32
WY,M,1990,Jonathan,31
WY,M,1990,William,31
WY,M,1990,Aaron,30
WY,M,1990,Travis,30
WY,M,1990,Nicholas,29
WY,M,1990,Cameron,25
WY,M,1990,Timothy,25
WY,M,1990,Kevin,24
WY,M,1990,Thomas,24
WY,M,1990,Alexander,23
WY,M,1990,Eric,23
WY,M,1990,Ethan,23
WY,M,1990,Nathan,23
WY,M,1990,Sean,23
WY,M,1990,Benjamin,22
WY,M,1990,Jesse,22
WY,M,1990,Levi,22
WY,M,1990,Jeffrey,21
WY,M,1990,Richard,21
WY,M,1990,Trevor,21
WY,M,1990,Adam,19
WY,M,1990,Derek,19
WY,M,1990,Dustin,19
WY,M,1990,Samuel,19
WY,M,1990,Brian,18
WY,M,1990,Jared,18
WY,M,1990,Patrick,18
WY,M,1990,Stephen,18
WY,M,1990,Scott,17
WY,M,1990,Casey,16
WY,M,1990,Jeremy,16
WY,M,1990,Austin,15
WY,M,1990,Colton,15
WY,M,1990,Jason,15
WY,M,1990,Taylor,15
WY,M,1990,Mark,14
WY,M,1990,Nathaniel,14
WY,M,1990,Bradley,13
WY,M,1990,Dylan,13
WY,M,1990,Shane,13
WY,M,1990,Shawn,13
WY,M,1990,Wesley,13
WY,M,1990,Garrett,12
WY,M,1990,Joel,12
WY,M,1990,Spencer,12
WY,M,1990,Paul,11
WY,M,1990,Seth,11
WY,M,1990,Alex,10
WY,M,1990,Caleb,10
WY,M,1990,Gary,10
WY,M,1990,Gregory,10
WY,M,1990,Ian,10
WY,M,1990,Mitchell,10
WY,M,1990,Ty,10
WY,M,1990,Charles,9
WY,M,1990,Clinton,9
WY,M,1990,Cory,9
WY,M,1990,Kenneth,9
WY,M,1990,Logan,9
WY,M,1990,Philip,9
WY,M,1990,Brett,8
WY,M,1990,Bryce,8
WY,M,1990,Derrick,8
WY,M,1990,Jeremiah,8
WY,M,1990,Tanner,8
WY,M,1990,Bryan,7
WY,M,1990,Bryant,7
WY,M,1990,Chase,7
WY,M,1990,Cole,7
WY,M,1990,Dakota,7
WY,M,1990,Devin,7
WY,M,1990,Dillon,7
WY,M,1990,Erik,7
WY,M,1990,George,7
WY,M,1990,Jack,7
WY,M,1990,Lucas,7
WY,M,1990,Wade,7
WY,M,1990,Zane,7
WY,M,1990,Adrian,6
WY,M,1990,Chad,6
WY,M,1990,Corey,6
WY,M,1990,Dalton,6
WY,M,1990,Donald,6
WY,M,1990,Evan,6
WY,M,1990,Marcus,6
WY,M,1990,Martin,6
WY,M,1990,Riley,6
WY,M,1990,Russell,6
WY,M,1990,Todd,6
WY,M,1990,Troy,6
WY,M,1990,Vincent,6
WY,M,1990,Weston,6
WY,M,1990,Christian,5
WY,M,1990,Clay,5
WY,M,1990,Dale,5
WY,M,1990,Gabriel,5
WY,M,1990,Kaleb,5
WY,M,1990,Kasey,5
WY,M,1990,Keith,5
WY,M,1990,Mathew,5
WY,M,1990,Trent,5
WY,M,1991,Michael,85
WY,M,1991,Christopher,82
WY,M,1991,Joshua,67
WY,M,1991,Matthew,57
WY,M,1991,Tyler,56
WY,M,1991,Andrew,54
WY,M,1991,Jacob,54
WY,M,1991,Cody,53
WY,M,1991,Kyle,52
WY,M,1991,Daniel,42
WY,M,1991,David,38
WY,M,1991,John,38
WY,M,1991,Jordan,38
WY,M,1991,Justin,38
WY,M,1991,Joseph,36
WY,M,1991,Ryan,35
WY,M,1991,Zachary,35
WY,M,1991,Robert,34
WY,M,1991,Brandon,31
WY,M,1991,James,29
WY,M,1991,William,28
WY,M,1991,Sean,27
WY,M,1991,Aaron,26
WY,M,1991,Benjamin,26
WY,M,1991,Eric,26
WY,M,1991,Nicholas,26
WY,M,1991,Taylor,26
WY,M,1991,Travis,26
WY,M,1991,Austin,24
WY,M,1991,Jonathan,24
WY,M,1991,Ethan,22
WY,M,1991,Samuel,22
WY,M,1991,Thomas,21
WY,M,1991,Alexander,20
WY,M,1991,Dustin,20
WY,M,1991,Jason,20
WY,M,1991,Patrick,20
WY,M,1991,Brian,19
WY,M,1991,Jeremy,19
WY,M,1991,Steven,18
WY,M,1991,Timothy,18
WY,M,1991,Adam,17
WY,M,1991,Anthony,17
WY,M,1991,Garrett,17
WY,M,1991,Jared,17
WY,M,1991,Kevin,17
WY,M,1991,Richard,16
WY,M,1991,Shane,16
WY,M,1991,Derek,15
WY,M,1991,Trevor,15
WY,M,1991,Christian,14
WY,M,1991,Gregory,14
WY,M,1991,Levi,14
WY,M,1991,Alex,13
WY,M,1991,Casey,13
WY,M,1991,Chase,13
WY,M,1991,Jake,13
WY,M,1991,Bradley,12
WY,M,1991,Charles,12
WY,M,1991,Jesse,12
WY,M,1991,Nathan,12
WY,M,1991,Shawn,12
WY,M,1991,Spencer,12
WY,M,1991,Cameron,11
WY,M,1991,Colter,11
WY,M,1991,Colton,11
WY,M,1991,Jeffrey,11
WY,M,1991,Johnathan,11
WY,M,1991,Logan,11
WY,M,1991,Troy,11
WY,M,1991,Dalton,10
WY,M,1991,Dillon,10
WY,M,1991,Paul,10
WY,M,1991,Seth,10
WY,M,1991,Brady,9
WY,M,1991,Bryan,9
WY,M,1991,Caleb,9
WY,M,1991,Drew,9
WY,M,1991,Dylan,9
WY,M,1991,Evan,9
WY,M,1991,Mark,9
WY,M,1991,Peter,9
WY,M,1991,Stephen,9
WY,M,1991,Tanner,9
WY,M,1991,Trenton,9
WY,M,1991,Blake,8
WY,M,1991,Brett,8
WY,M,1991,Chance,8
WY,M,1991,Clinton,8
WY,M,1991,Corey,8
WY,M,1991,Donald,8
WY,M,1991,Ian,8
WY,M,1991,Kenneth,8
WY,M,1991,Marcus,8
WY,M,1991,Micheal,8
WY,M,1991,Randy,8
WY,M,1991,Scott,8
WY,M,1991,Bryce,7
WY,M,1991,Dallas,7
WY,M,1991,Jose,7
WY,M,1991,Kaleb,7
WY,M,1991,Keith,7
WY,M,1991,Luke,7
WY,M,1991,Mathew,7
WY,M,1991,Ty,7
WY,M,1991,Chad,6
WY,M,1991,Cole,6
WY,M,1991,Cory,6
WY,M,1991,Devin,6
WY,M,1991,Douglas,6
WY,M,1991,Gage,6
WY,M,1991,Gavin,6
WY,M,1991,George,6
WY,M,1991,Isaac,6
WY,M,1991,Jack,6
WY,M,1991,Joel,6
WY,M,1991,Jon,6
WY,M,1991,Kameron,6
WY,M,1991,Lucas,6
WY,M,1991,Nathaniel,6
WY,M,1991,Ronald,6
WY,M,1991,Tyrel,6
WY,M,1991,Tyson,6
WY,M,1991,Wesley,6
WY,M,1991,Brent,5
WY,M,1991,Clayton,5
WY,M,1991,Colby,5
WY,M,1991,Dakota,5
WY,M,1991,Derrick,5
WY,M,1991,Erik,5
WY,M,1991,Gabriel,5
WY,M,1991,Isaiah,5
WY,M,1991,Jackson,5
WY,M,1991,Jeffery,5
WY,M,1991,Jessie,5
WY,M,1991,Jonathon,5
WY,M,1991,Kelby,5
WY,M,1991,Kolby,5
WY,M,1991,Marshall,5
WY,M,1991,Max,5
WY,M,1991,Mitchell,5
WY,M,1991,Philip,5
WY,M,1991,Phillip,5
WY,M,1991,Preston,5
WY,M,1991,Russell,5
WY,M,1991,Skyler,5
WY,M,1991,Sterling,5
WY,M,1991,Todd,5
WY,M,1991,Vincent,5
WY,M,1992,Michael,74
WY,M,1992,Joshua,70
WY,M,1992,Tyler,70
WY,M,1992,Jacob,59
WY,M,1992,James,56
WY,M,1992,Matthew,52
WY,M,1992,Andrew,47
WY,M,1992,Cody,46
WY,M,1992,Robert,43
WY,M,1992,Christopher,41
WY,M,1992,Joseph,41
WY,M,1992,Austin,38
WY,M,1992,Zachary,37
WY,M,1992,Daniel,36
WY,M,1992,Kyle,36
WY,M,1992,Brandon,35
WY,M,1992,Justin,35
WY,M,1992,Ryan,35
WY,M,1992,David,32
WY,M,1992,Nathan,32
WY,M,1992,Jordan,31
WY,M,1992,Dylan,30
WY,M,1992,Nicholas,30
WY,M,1992,William,30
WY,M,1992,Benjamin,29
WY,M,1992,John,28
WY,M,1992,Taylor,26
WY,M,1992,Aaron,23
WY,M,1992,Alexander,23
WY,M,1992,Jesse,23
WY,M,1992,Kevin,23
WY,M,1992,Samuel,21
WY,M,1992,Jonathan,20
WY,M,1992,Steven,20
WY,M,1992,Thomas,20
WY,M,1992,Dustin,19
WY,M,1992,Patrick,19
WY,M,1992,Sean,19
WY,M,1992,Timothy,19
WY,M,1992,Cameron,18
WY,M,1992,Casey,18
WY,M,1992,Ethan,18
WY,M,1992,Travis,18
WY,M,1992,Adam,17
WY,M,1992,Anthony,17
WY,M,1992,Brian,16
WY,M,1992,Jared,16
WY,M,1992,Tanner,16
WY,M,1992,Trevor,16
WY,M,1992,Cory,15
WY,M,1992,Jeremy,15
WY,M,1992,Richard,15
WY,M,1992,Seth,15
WY,M,1992,Chase,14
WY,M,1992,Caleb,13
WY,M,1992,Devin,13
WY,M,1992,Mark,13
WY,M,1992,Scott,13
WY,M,1992,Kenneth,12
WY,M,1992,Levi,12
WY,M,1992,Luke,12
WY,M,1992,Mitchell,12
WY,M,1992,Alex,11
WY,M,1992,Blake,11
WY,M,1992,Charles,11
WY,M,1992,Christian,11
WY,M,1992,Dakota,11
WY,M,1992,Dillon,11
WY,M,1992,Eric,11
WY,M,1992,Jason,11
WY,M,1992,Shane,11
WY,M,1992,Chance,10
WY,M,1992,Cole,10
WY,M,1992,Colton,10
WY,M,1992,Derek,10
WY,M,1992,Jeffrey,10
WY,M,1992,Kaleb,10
WY,M,1992,Nathaniel,10
WY,M,1992,Spencer,10
WY,M,1992,Dalton,9
WY,M,1992,Ian,9
WY,M,1992,Jonathon,9
WY,M,1992,Shawn,9
WY,M,1992,Vincent,9
WY,M,1992,Clayton,8
WY,M,1992,Douglas,8
WY,M,1992,Garrett,8
WY,M,1992,Jeremiah,8
WY,M,1992,Micheal,8
WY,M,1992,Paul,8
WY,M,1992,Stephen,8
WY,M,1992,Trenton,8
WY,M,1992,Colby,7
WY,M,1992,Johnathan,7
WY,M,1992,Logan,7
WY,M,1992,Lucas,7
WY,M,1992,Mason,7
WY,M,1992,Skyler,7
WY,M,1992,Trey,7
WY,M,1992,Alan,6
WY,M,1992,Bradley,6
WY,M,1992,Brendan,6
WY,M,1992,Bryan,6
WY,M,1992,Chad,6
WY,M,1992,Colter,6
WY,M,1992,Connor,6
WY,M,1992,Curtis,6
WY,M,1992,Damon,6
WY,M,1992,Devon,6
WY,M,1992,Erik,6
WY,M,1992,Frank,6
WY,M,1992,Gabriel,6
WY,M,1992,Gregory,6
WY,M,1992,Hunter,6
WY,M,1992,Isaac,6
WY,M,1992,Lane,6
WY,M,1992,Marcus,6
WY,M,1992,Mathew,6
WY,M,1992,Riley,6
WY,M,1992,Ronald,6
WY,M,1992,Zackary,6
WY,M,1992,Brady,5
WY,M,1992,Brock,5
WY,M,1992,Bryce,5
WY,M,1992,Clinton,5
WY,M,1992,Colten,5
WY,M,1992,Corey,5
WY,M,1992,Donald,5
WY,M,1992,Eli,5
WY,M,1992,Evan,5
WY,M,1992,Gage,5
WY,M,1992,Hayden,5
WY,M,1992,Jackson,5
WY,M,1992,Jeffery,5
WY,M,1992,Joel,5
WY,M,1992,Kasey,5
WY,M,1992,Kelly,5
WY,M,1992,Kristopher,5
WY,M,1992,Raymond,5
WY,M,1992,Sawyer,5
WY,M,1992,Ty,5
WY,M,1992,Wesley,5
WY,M,1993,Tyler,90
WY,M,1993,Christopher,64
WY,M,1993,Michael,58
WY,M,1993,Joshua,54
WY,M,1993,Brandon,52
WY,M,1993,Jacob,49
WY,M,1993,Ryan,48
WY,M,1993,Matthew,47
WY,M,1993,Cody,45
WY,M,1993,Zachary,45
WY,M,1993,Andrew,44
WY,M,1993,Austin,44
WY,M,1993,Nicholas,41
WY,M,1993,John,38
WY,M,1993,Justin,36
WY,M,1993,Kyle,36
WY,M,1993,David,35
WY,M,1993,Daniel,34
WY,M,1993,James,34
WY,M,1993,Jordan,31
WY,M,1993,Joseph,29
WY,M,1993,Dylan,26
WY,M,1993,William,25
WY,M,1993,Nathan,24
WY,M,1993,Robert,23
WY,M,1993,Thomas,23
WY,M,1993,Alexander,21
WY,M,1993,Anthony,21
WY,M,1993,Logan,21
WY,M,1993,Garrett,20
WY,M,1993,Steven,20
WY,M,1993,Timothy,20
WY,M,1993,Aaron,19
WY,M,1993,Derek,19
WY,M,1993,Eric,19
WY,M,1993,Seth,19
WY,M,1993,Taylor,19
WY,M,1993,Shawn,18
WY,M,1993,Adam,17
WY,M,1993,Alex,17
WY,M,1993,Benjamin,17
WY,M,1993,Chase,17
WY,M,1993,Ian,17
WY,M,1993,Jason,17
WY,M,1993,Jesse,17
WY,M,1993,Tanner,17
WY,M,1993,Christian,16
WY,M,1993,Dillon,15
WY,M,1993,Jeremy,15
WY,M,1993,Samuel,15
WY,M,1993,Brian,14
WY,M,1993,Chance,14
WY,M,1993,Charles,14
WY,M,1993,Jared,14
WY,M,1993,Jonathan,14
WY,M,1993,Kevin,14
WY,M,1993,Scott,14
WY,M,1993,Cory,13
WY,M,1993,Dalton,13
WY,M,1993,Mark,13
WY,M,1993,Nathaniel,13
WY,M,1993,Patrick,13
WY,M,1993,Cameron,12
WY,M,1993,Casey,12
WY,M,1993,Dakota,12
WY,M,1993,Dustin,12
WY,M,1993,Mitchell,12
WY,M,1993,Brady,11
WY,M,1993,Colter,11
WY,M,1993,Kenneth,11
WY,M,1993,Luke,11
WY,M,1993,Sean,11
WY,M,1993,Caleb,10
WY,M,1993,Cole,10
WY,M,1993,Connor,10
WY,M,1993,Drew,10
WY,M,1993,Jeffrey,10
WY,M,1993,Spencer,10
WY,M,1993,Travis,10
WY,M,1993,Trevor,10
WY,M,1993,Wyatt,10
WY,M,1993,Bryan,9
WY,M,1993,Colton,9
WY,M,1993,Hunter,9
WY,M,1993,Johnathan,9
WY,M,1993,Stephen,9
WY,M,1993,Bryce,8
WY,M,1993,Corey,8
WY,M,1993,Devin,8
WY,M,1993,Gage,8
WY,M,1993,Lance,8
WY,M,1993,Riley,8
WY,M,1993,Ty,8
WY,M,1993,Dominic,7
WY,M,1993,Ethan,7
WY,M,1993,Mathew,7
WY,M,1993,Billy,6
WY,M,1993,Blake,6
WY,M,1993,Bradley,6
WY,M,1993,Chad,6
WY,M,1993,Devon,6
WY,M,1993,Edward,6
WY,M,1993,Gavin,6
WY,M,1993,Gregory,6
WY,M,1993,Kaleb,6
WY,M,1993,Kody,6
WY,M,1993,Levi,6
WY,M,1993,Marcus,6
WY,M,1993,Mason,6
WY,M,1993,Paul,6
WY,M,1993,Richard,6
WY,M,1993,Russell,6
WY,M,1993,Zane,6
WY,M,1993,Alec,5
WY,M,1993,Ashton,5
WY,M,1993,Braden,5
WY,M,1993,Brett,5
WY,M,1993,Clayton,5
WY,M,1993,Conor,5
WY,M,1993,Derrick,5
WY,M,1993,Erik,5
WY,M,1993,Gary,5
WY,M,1993,Hayden,5
WY,M,1993,Jace,5
WY,M,1993,Jeremiah,5
WY,M,1993,Joel,5
WY,M,1993,Randy,5
WY,M,1993,Shane,5
WY,M,1993,Tylor,5
WY,M,1993,Vincent,5
WY,M,1994,Austin,71
WY,M,1994,Jacob,63
WY,M,1994,Tyler,63
WY,M,1994,Michael,61
WY,M,1994,Joshua,51
WY,M,1994,Christopher,49
WY,M,1994,Zachary,47
WY,M,1994,Matthew,43
WY,M,1994,Brandon,42
WY,M,1994,Cody,42
WY,M,1994,Andrew,40
WY,M,1994,Nicholas,37
WY,M,1994,Dylan,35
WY,M,1994,Kyle,34
WY,M,1994,Ryan,32
WY,M,1994,Jordan,31
WY,M,1994,James,29
WY,M,1994,Joseph,29
WY,M,1994,William,29
WY,M,1994,Justin,28
WY,M,1994,Robert,26
WY,M,1994,Taylor,26
WY,M,1994,David,25
WY,M,1994,John,25
WY,M,1994,Anthony,24
WY,M,1994,Daniel,24
WY,M,1994,Thomas,24
WY,M,1994,Alexander,22
WY,M,1994,Jonathan,21
WY,M,1994,Nathan,21
WY,M,1994,Samuel,21
WY,M,1994,Timothy,21
WY,M,1994,Dalton,20
WY,M,1994,Jesse,20
WY,M,1994,Steven,20
WY,M,1994,Dustin,19
WY,M,1994,Garrett,19
WY,M,1994,Trevor,18
WY,M,1994,Adam,17
WY,M,1994,Benjamin,17
WY,M,1994,Eric,17
WY,M,1994,Hunter,17
WY,M,1994,Kevin,17
WY,M,1994,Aaron,16
WY,M,1994,Alex,15
WY,M,1994,Dillon,15
WY,M,1994,Bryce,14
WY,M,1994,Cameron,14
WY,M,1994,Colton,14
WY,M,1994,Logan,14
WY,M,1994,Wyatt,14
WY,M,1994,Caleb,13
WY,M,1994,Isaac,13
WY,M,1994,Jeremy,13
WY,M,1994,Richard,13
WY,M,1994,Sean,13
WY,M,1994,Stephen,13
WY,M,1994,Charles,12
WY,M,1994,Christian,12
WY,M,1994,Cole,12
WY,M,1994,Connor,12
WY,M,1994,Dakota,12
WY,M,1994,Tanner,12
WY,M,1994,Jared,11
WY,M,1994,Seth,11
WY,M,1994,Travis,11
WY,M,1994,Brian,10
WY,M,1994,Derek,10
WY,M,1994,Jeremiah,10
WY,M,1994,Lane,10
WY,M,1994,Lucas,10
WY,M,1994,Nathaniel,10
WY,M,1994,Ty,10
WY,M,1994,Bradley,9
WY,M,1994,Clayton,9
WY,M,1994,Colter,9
WY,M,1994,Ian,9
WY,M,1994,Kenneth,9
WY,M,1994,Mark,9
WY,M,1994,Scott,9
WY,M,1994,Brady,8
WY,M,1994,Bryan,8
WY,M,1994,Chase,8
WY,M,1994,Collin,8
WY,M,1994,Corey,8
WY,M,1994,Evan,8
WY,M,1994,Gabriel,8
WY,M,1994,Levi,8
WY,M,1994,Mitchell,8
WY,M,1994,Spencer,8
WY,M,1994,Beau,7
WY,M,1994,Colby,7
WY,M,1994,Dallas,7
WY,M,1994,Devin,7
WY,M,1994,Devon,7
WY,M,1994,Drew,7
WY,M,1994,Hayden,7
WY,M,1994,Jason,7
WY,M,1994,Jeffrey,7
WY,M,1994,Wesley,7
WY,M,1994,Alec,6
WY,M,1994,Brenden,6
WY,M,1994,Casey,6
WY,M,1994,Chad,6
WY,M,1994,Clay,6
WY,M,1994,Cory,6
WY,M,1994,Donald,6
WY,M,1994,Gage,6
WY,M,1994,Marcus,6
WY,M,1994,Patrick,6
WY,M,1994,Paul,6
WY,M,1994,Shawn,6
WY,M,1994,Trey,6
WY,M,1994,Blake,5
WY,M,1994,Branden,5
WY,M,1994,Brendan,5
WY,M,1994,Dean,5
WY,M,1994,Eli,5
WY,M,1994,Forrest,5
WY,M,1994,Gregory,5
WY,M,1994,Jake,5
WY,M,1994,Jay,5
WY,M,1994,Kaleb,5
WY,M,1994,Keith,5
WY,M,1994,Micheal,5
WY,M,1994,Roger,5
WY,M,1994,Ross,5
WY,M,1994,Shane,5
WY,M,1994,Skylar,5
WY,M,1995,Joshua,62
WY,M,1995,Tyler,58
WY,M,1995,Austin,52
WY,M,1995,Brandon,49
WY,M,1995,Michael,49
WY,M,1995,Christopher,47
WY,M,1995,Cody,44
WY,M,1995,Jacob,44
WY,M,1995,Justin,44
WY,M,1995,James,36
WY,M,1995,Ryan,35
WY,M,1995,Matthew,34
WY,M,1995,Daniel,32
WY,M,1995,William,32
WY,M,1995,Andrew,31
WY,M,1995,Alexander,30
WY,M,1995,Joseph,30
WY,M,1995,Nicholas,30
WY,M,1995,Zachary,29
WY,M,1995,Nathan,27
WY,M,1995,John,26
WY,M,1995,Robert,26
WY,M,1995,Benjamin,25
WY,M,1995,David,24
WY,M,1995,Dylan,24
WY,M,1995,Colton,23
WY,M,1995,Jordan,23
WY,M,1995,Kyle,23
WY,M,1995,Garrett,22
WY,M,1995,Dalton,20
WY,M,1995,Thomas,20
WY,M,1995,Anthony,19
WY,M,1995,Logan,19
WY,M,1995,Samuel,19
WY,M,1995,Aaron,17
WY,M,1995,Dillon,17
WY,M,1995,Tristan,17
WY,M,1995,Jesse,16
WY,M,1995,Caleb,15
WY,M,1995,Christian,15
WY,M,1995,Cole,15
WY,M,1995,Tanner,15
WY,M,1995,Taylor,15
WY,M,1995,Trevor,15
WY,M,1995,Charles,14
WY,M,1995,Jason,14
WY,M,1995,Richard,14
WY,M,1995,Dakota,13
WY,M,1995,Kevin,13
WY,M,1995,Sean,13
WY,M,1995,Spencer,13
WY,M,1995,Wyatt,13
WY,M,1995,Cameron,12
WY,M,1995,Chase,12
WY,M,1995,Jonathan,12
WY,M,1995,Lane,12
WY,M,1995,Steven,12
WY,M,1995,Adam,11
WY,M,1995,Connor,11
WY,M,1995,Dustin,11
WY,M,1995,Mark,11
WY,M,1995,Timothy,11
WY,M,1995,Chance,10
WY,M,1995,Devin,10
WY,M,1995,Hunter,10
WY,M,1995,Isaac,10
WY,M,1995,Alex,9
WY,M,1995,Blake,9
WY,M,1995,Cory,9
WY,M,1995,Eric,9
WY,M,1995,Ethan,9
WY,M,1995,Hayden,9
WY,M,1995,Kenneth,9
WY,M,1995,Levi,9
WY,M,1995,Luke,9
WY,M,1995,Patrick,9
WY,M,1995,Stephen,9
WY,M,1995,Brett,8
WY,M,1995,Bryan,8
WY,M,1995,Clayton,8
WY,M,1995,Gabriel,8
WY,M,1995,Jeremy,8
WY,M,1995,Johnathan,8
WY,M,1995,Kaleb,8
WY,M,1995,Marcus,8
WY,M,1995,Mason,8
WY,M,1995,Seth,8
WY,M,1995,Shane,8
WY,M,1995,Skyler,8
WY,M,1995,Travis,8
WY,M,1995,Trey,8
WY,M,1995,Brady,7
WY,M,1995,Brian,7
WY,M,1995,Bryce,7
WY,M,1995,Casey,7
WY,M,1995,Colter,7
WY,M,1995,Edward,7
WY,M,1995,Ian,7
WY,M,1995,Jared,7
WY,M,1995,Jeffery,7
WY,M,1995,Keenan,7
WY,M,1995,Preston,7
WY,M,1995,Riley,7
WY,M,1995,Ty,7
WY,M,1995,Wesley,7
WY,M,1995,Carlos,6
WY,M,1995,Collin,6
WY,M,1995,Corey,6
WY,M,1995,Derek,6
WY,M,1995,George,6
WY,M,1995,Isaiah,6
WY,M,1995,Jeffrey,6
WY,M,1995,Mitchell,6
WY,M,1995,Morgan,6
WY,M,1995,Nathaniel,6
WY,M,1995,Zane,6
WY,M,1995,Adrian,5
WY,M,1995,Bradley,5
WY,M,1995,Curtis,5
WY,M,1995,Damon,5
WY,M,1995,Darren,5
WY,M,1995,Devon,5
WY,M,1995,Donald,5
WY,M,1995,Grant,5
WY,M,1995,Joel,5
WY,M,1995,Jonah,5
WY,M,1995,Jonathon,5
WY,M,1995,Larry,5
WY,M,1995,Paul,5
WY,M,1995,Roy,5
WY,M,1995,Sawyer,5
WY,M,1995,Shawn,5
WY,M,1996,Tyler,68
WY,M,1996,Jacob,54
WY,M,1996,Austin,47
WY,M,1996,Michael,42
WY,M,1996,Brandon,41
WY,M,1996,Joshua,41
WY,M,1996,Matthew,41
WY,M,1996,Zachary,36
WY,M,1996,Andrew,34
WY,M,1996,John,34
WY,M,1996,Cody,32
WY,M,1996,Christopher,31
WY,M,1996,Ryan,31
WY,M,1996,Justin,30
WY,M,1996,Jordan,29
WY,M,1996,William,29
WY,M,1996,James,27
WY,M,1996,Joseph,27
WY,M,1996,Nicholas,25
WY,M,1996,Colton,24
WY,M,1996,Daniel,24
WY,M,1996,Kyle,22
WY,M,1996,Nathan,22
WY,M,1996,Alexander,21
WY,M,1996,Hunter,21
WY,M,1996,Robert,21
WY,M,1996,Anthony,20
WY,M,1996,Benjamin,20
WY,M,1996,David,20
WY,M,1996,Logan,20
WY,M,1996,Samuel,20
WY,M,1996,Trevor,20
WY,M,1996,Dylan,19
WY,M,1996,Garrett,19
WY,M,1996,Taylor,17
WY,M,1996,Dillon,16
WY,M,1996,Ethan,16
WY,M,1996,Seth,16
WY,M,1996,Wyatt,16
WY,M,1996,Caleb,15
WY,M,1996,Cameron,15
WY,M,1996,Jesse,15
WY,M,1996,Jonathan,15
WY,M,1996,Thomas,15
WY,M,1996,Tristan,15
WY,M,1996,Connor,14
WY,M,1996,Eric,14
WY,M,1996,Isaac,14
WY,M,1996,Timothy,14
WY,M,1996,Chance,13
WY,M,1996,Dakota,13
WY,M,1996,Gabriel,13
WY,M,1996,Lane,13
WY,M,1996,Charles,12
WY,M,1996,Ian,12
WY,M,1996,Aaron,11
WY,M,1996,Brady,11
WY,M,1996,Dustin,11
WY,M,1996,Jason,11
WY,M,1996,Levi,11
WY,M,1996,Luke,11
WY,M,1996,Noah,11
WY,M,1996,Patrick,11
WY,M,1996,Sean,11
WY,M,1996,Tanner,11
WY,M,1996,Adam,10
WY,M,1996,Bradley,10
WY,M,1996,Chase,10
WY,M,1996,Christian,10
WY,M,1996,Cole,10
WY,M,1996,Dalton,10
WY,M,1996,Devon,10
WY,M,1996,Erik,10
WY,M,1996,Kenneth,10
WY,M,1996,Mason,10
WY,M,1996,Riley,10
WY,M,1996,Steven,10
WY,M,1996,Bryce,9
WY,M,1996,Devin,9
WY,M,1996,Jeremy,9
WY,M,1996,Kaleb,9
WY,M,1996,Kevin,9
WY,M,1996,Travis,9
WY,M,1996,Trenton,9
WY,M,1996,Adrian,8
WY,M,1996,Alex,8
WY,M,1996,Blake,8
WY,M,1996,Brett,8
WY,M,1996,Casey,8
WY,M,1996,Clayton,8
WY,M,1996,Dominic,8
WY,M,1996,Edward,8
WY,M,1996,Jared,8
WY,M,1996,Mark,8
WY,M,1996,Mathew,8
WY,M,1996,Morgan,8
WY,M,1996,Parker,8
WY,M,1996,Paul,8
WY,M,1996,Preston,8
WY,M,1996,Spencer,8
WY,M,1996,Trey,8
WY,M,1996,Tristen,8
WY,M,1996,Ty,8
WY,M,1996,Brian,7
WY,M,1996,Collin,7
WY,M,1996,Jackson,7
WY,M,1996,Jeffrey,7
WY,M,1996,Kristopher,7
WY,M,1996,Marcus,7
WY,M,1996,Nathaniel,7
WY,M,1996,Skyler,7
WY,M,1996,Triston,7
WY,M,1996,Brenden,6
WY,M,1996,Bryan,6
WY,M,1996,Chandler,6
WY,M,1996,Colter,6
WY,M,1996,Cory,6
WY,M,1996,Damian,6
WY,M,1996,Evan,6
WY,M,1996,Gregory,6
WY,M,1996,Hayden,6
WY,M,1996,Isaiah,6
WY,M,1996,Johnathan,6
WY,M,1996,Landon,6
WY,M,1996,Richard,6
WY,M,1996,Walker,6
WY,M,1996,Alan,5
WY,M,1996,Braxton,5
WY,M,1996,Carson,5
WY,M,1996,Chad,5
WY,M,1996,Colten,5
WY,M,1996,Devyn,5
WY,M,1996,Drew,5
WY,M,1996,Ezra,5
WY,M,1996,Gage,5
WY,M,1996,Jeffery,5
WY,M,1996,Juan,5
WY,M,1996,Kegan,5
WY,M,1996,Lucas,5
WY,M,1996,Max,5
WY,M,1996,Phillip,5
WY,M,1996,Randy,5
WY,M,1996,Raymond,5
WY,M,1996,Shawn,5
WY,M,1996,Tristin,5
WY,M,1996,Tucker,5
WY,M,1996,Zane,5
WY,M,1997,Jacob,55
WY,M,1997,Austin,54
WY,M,1997,Tyler,44
WY,M,1997,Michael,40
WY,M,1997,Cody,36
WY,M,1997,Andrew,35
WY,M,1997,Christopher,35
WY,M,1997,William,35
WY,M,1997,Zachary,34
WY,M,1997,Anthony,33
WY,M,1997,Brandon,33
WY,M,1997,Joshua,33
WY,M,1997,Matthew,32
WY,M,1997,Nicholas,32
WY,M,1997,Justin,30
WY,M,1997,James,29
WY,M,1997,Ryan,27
WY,M,1997,Dylan,26
WY,M,1997,Joseph,24
WY,M,1997,Benjamin,23
WY,M,1997,Kyle,23
WY,M,1997,Jordan,22
WY,M,1997,Steven,22
WY,M,1997,Ethan,21
WY,M,1997,Taylor,21
WY,M,1997,Jonathan,20
WY,M,1997,Nathan,20
WY,M,1997,Thomas,20
WY,M,1997,Dalton,19
WY,M,1997,Noah,19
WY,M,1997,Robert,19
WY,M,1997,Wyatt,19
WY,M,1997,Alex,18
WY,M,1997,Daniel,18
WY,M,1997,Samuel,18
WY,M,1997,Alexander,17
WY,M,1997,Caleb,17
WY,M,1997,Cameron,17
WY,M,1997,Colton,17
WY,M,1997,Logan,17
WY,M,1997,Patrick,17
WY,M,1997,Sean,17
WY,M,1997,Tanner,17
WY,M,1997,Chase,16
WY,M,1997,Hunter,16
WY,M,1997,Jesse,16
WY,M,1997,John,16
WY,M,1997,David,15
WY,M,1997,Jason,15
WY,M,1997,Lane,15
WY,M,1997,Trevor,15
WY,M,1997,Tristan,15
WY,M,1997,Aaron,14
WY,M,1997,Brian,14
WY,M,1997,Dakota,14
WY,M,1997,Dustin,14
WY,M,1997,Gabriel,14
WY,M,1997,Chance,13
WY,M,1997,Jared,13
WY,M,1997,Elijah,12
WY,M,1997,Garrett,12
WY,M,1997,Paul,12
WY,M,1997,Adam,11
WY,M,1997,Casey,11
WY,M,1997,Christian,11
WY,M,1997,Levi,11
WY,M,1997,Luke,11
WY,M,1997,Clayton,10
WY,M,1997,Colten,10
WY,M,1997,Jace,10
WY,M,1997,Mark,10
WY,M,1997,Nathaniel,10
WY,M,1997,Timothy,10
WY,M,1997,Antonio,9
WY,M,1997,Bryce,9
WY,M,1997,Cole,9
WY,M,1997,Connor,9
WY,M,1997,Dillon,9
WY,M,1997,Evan,9
WY,M,1997,Isaac,9
WY,M,1997,Marcus,9
WY,M,1997,Trenton,9
WY,M,1997,Chandler,8
WY,M,1997,Derek,8
WY,M,1997,Devin,8
WY,M,1997,Devon,8
WY,M,1997,Drew,8
WY,M,1997,Eric,8
WY,M,1997,Hayden,8
WY,M,1997,Ian,8
WY,M,1997,Johnathan,8
WY,M,1997,Kenneth,8
WY,M,1997,Riley,8
WY,M,1997,Scott,8
WY,M,1997,Trey,8
WY,M,1997,Blake,7
WY,M,1997,Carter,7
WY,M,1997,Charles,7
WY,M,1997,Gage,7
WY,M,1997,Isaiah,7
WY,M,1997,Marshall,7
WY,M,1997,Parker,7
WY,M,1997,Seth,7
WY,M,1997,Shawn,7
WY,M,1997,Stephen,7
WY,M,1997,Adrian,6
WY,M,1997,Bailey,6
WY,M,1997,Brendan,6
WY,M,1997,Bryan,6
WY,M,1997,Cory,6
WY,M,1997,Donald,6
WY,M,1997,Jeffrey,6
WY,M,1997,Jerry,6
WY,M,1997,Joel,6
WY,M,1997,Jose,6
WY,M,1997,Juan,6
WY,M,1997,Keaton,6
WY,M,1997,Keegan,6
WY,M,1997,Kevin,6
WY,M,1997,Kody,6
WY,M,1997,Kolten,6
WY,M,1997,Kyler,6
WY,M,1997,Micheal,6
WY,M,1997,Phillip,6
WY,M,1997,Spencer,6
WY,M,1997,Travis,6
WY,M,1997,Tristen,6
WY,M,1997,Zachariah,6
WY,M,1997,Braydon,5
WY,M,1997,Caden,5
WY,M,1997,Darian,5
WY,M,1997,Duncan,5
WY,M,1997,Gavin,5
WY,M,1997,George,5
WY,M,1997,Jeremy,5
WY,M,1997,Keenan,5
WY,M,1997,Kristopher,5
WY,M,1997,Luis,5
WY,M,1997,Morgan,5
WY,M,1997,Preston,5
WY,M,1997,Richard,5
WY,M,1997,Shane,5
WY,M,1997,Simon,5
WY,M,1998,Austin,55
WY,M,1998,Jacob,49
WY,M,1998,Matthew,47
WY,M,1998,Michael,46
WY,M,1998,Tyler,44
WY,M,1998,Christopher,37
WY,M,1998,William,35
WY,M,1998,Dylan,34
WY,M,1998,Brandon,30
WY,M,1998,Anthony,29
WY,M,1998,James,29
WY,M,1998,Andrew,28
WY,M,1998,Cody,28
WY,M,1998,Joshua,28
WY,M,1998,Kyle,28
WY,M,1998,Trevor,28
WY,M,1998,Joseph,26
WY,M,1998,Nicholas,26
WY,M,1998,Hunter,25
WY,M,1998,Thomas,25
WY,M,1998,Caleb,23
WY,M,1998,Logan,23
WY,M,1998,Ryan,23
WY,M,1998,Taylor,23
WY,M,1998,Zachary,23
WY,M,1998,Ethan,21
WY,M,1998,John,21
WY,M,1998,Tanner,21
WY,M,1998,Daniel,20
WY,M,1998,David,20
WY,M,1998,Samuel,20
WY,M,1998,Alexander,18
WY,M,1998,Justin,18
WY,M,1998,Steven,18
WY,M,1998,Robert,16
WY,M,1998,Tristan,16
WY,M,1998,Benjamin,15
WY,M,1998,Chase,15
WY,M,1998,Christian,15
WY,M,1998,Colton,15
WY,M,1998,Dalton,15
WY,M,1998,Garrett,15
WY,M,1998,Jared,15
WY,M,1998,Lane,15
WY,M,1998,Nathaniel,15
WY,M,1998,Aaron,14
WY,M,1998,Ian,14
WY,M,1998,Jonathan,14
WY,M,1998,Riley,14
WY,M,1998,Cameron,13
WY,M,1998,Dakota,13
WY,M,1998,Elijah,13
WY,M,1998,Gabriel,13
WY,M,1998,Mason,13
WY,M,1998,Noah,13
WY,M,1998,Sean,13
WY,M,1998,Timothy,13
WY,M,1998,Trey,13
WY,M,1998,Blake,12
WY,M,1998,Cole,12
WY,M,1998,Connor,12
WY,M,1998,Nathan,12
WY,M,1998,Dawson,11
WY,M,1998,Isaac,11
WY,M,1998,Jack,11
WY,M,1998,Jordan,11
WY,M,1998,Seth,11
WY,M,1998,Spencer,11
WY,M,1998,Wyatt,11
WY,M,1998,Casey,10
WY,M,1998,Colter,10
WY,M,1998,Dominic,10
WY,M,1998,Dustin,10
WY,M,1998,Adam,9
WY,M,1998,Brenden,9
WY,M,1998,Bryce,9
WY,M,1998,Chance,9
WY,M,1998,Charles,9
WY,M,1998,Eric,9
WY,M,1998,Jason,9
WY,M,1998,Kenneth,9
WY,M,1998,Landon,9
WY,M,1998,Brady,8
WY,M,1998,Brayden,8
WY,M,1998,Gage,8
WY,M,1998,Gavin,8
WY,M,1998,Jeremy,8
WY,M,1998,Kaden,8
WY,M,1998,Marcus,8
WY,M,1998,Patrick,8
WY,M,1998,Trenton,8
WY,M,1998,Alex,7
WY,M,1998,Braden,7
WY,M,1998,Clayton,7
WY,M,1998,Dillon,7
WY,M,1998,Drew,7
WY,M,1998,Jace,7
WY,M,1998,Jesse,7
WY,M,1998,Jose,7
WY,M,1998,Luke,7
WY,M,1998,Richard,7
WY,M,1998,Skyler,7
WY,M,1998,Bailey,6
WY,M,1998,Evan,6
WY,M,1998,Hayden,6
WY,M,1998,Isaiah,6
WY,M,1998,Kaleb,6
WY,M,1998,Kevin,6
WY,M,1998,Kristopher,6
WY,M,1998,Mark,6
WY,M,1998,Shawn,6
WY,M,1998,Travis,6
WY,M,1998,Tucker,6
WY,M,1998,Tyson,6
WY,M,1998,Adrian,5
WY,M,1998,Aidan,5
WY,M,1998,Brett,5
WY,M,1998,Brian,5
WY,M,1998,Colby,5
WY,M,1998,Conner,5
WY,M,1998,Corbin,5
WY,M,1998,Corey,5
WY,M,1998,Coy,5
WY,M,1998,Derek,5
WY,M,1998,Devin,5
WY,M,1998,Devon,5
WY,M,1998,Jackson,5
WY,M,1998,Jayden,5
WY,M,1998,Jeremiah,5
WY,M,1998,Johnathan,5
WY,M,1998,Josiah,5
WY,M,1998,Kobe,5
WY,M,1998,Kyler,5
WY,M,1998,Levi,5
WY,M,1998,Mitchell,5
WY,M,1998,Nathanial,5
WY,M,1998,Paul,5
WY,M,1998,Preston,5
WY,M,1998,Reece,5
WY,M,1998,Russell,5
WY,M,1998,Scott,5
WY,M,1998,Shane,5
WY,M,1998,Tristin,5
WY,M,1998,Victor,5
WY,M,1999,Michael,52
WY,M,1999,Austin,45
WY,M,1999,Tyler,44
WY,M,1999,Joshua,43
WY,M,1999,Jacob,40
WY,M,1999,Ryan,33
WY,M,1999,Cody,29
WY,M,1999,James,29
WY,M,1999,Matthew,29
WY,M,1999,William,29
WY,M,1999,Zachary,29
WY,M,1999,Aaron,27
WY,M,1999,Andrew,27
WY,M,1999,Brandon,27
WY,M,1999,Nathan,27
WY,M,1999,Ethan,25
WY,M,1999,Justin,25
WY,M,1999,Benjamin,23
WY,M,1999,Dylan,23
WY,M,1999,Joseph,23
WY,M,1999,Kyle,23
WY,M,1999,Cameron,22
WY,M,1999,Garrett,21
WY,M,1999,Hunter,21
WY,M,1999,John,21
WY,M,1999,Jordan,21
WY,M,1999,Wyatt,21
WY,M,1999,Anthony,19
WY,M,1999,Christopher,19
WY,M,1999,Logan,19
WY,M,1999,Samuel,19
WY,M,1999,Tristan,19
WY,M,1999,Daniel,18
WY,M,1999,Seth,18
WY,M,1999,Alexander,17
WY,M,1999,Brayden,17
WY,M,1999,Dawson,17
WY,M,1999,Jonathan,17
WY,M,1999,Tanner,17
WY,M,1999,Dalton,16
WY,M,1999,David,16
WY,M,1999,Noah,16
WY,M,1999,Caleb,15
WY,M,1999,Nicholas,15
WY,M,1999,Devin,14
WY,M,1999,Gabriel,14
WY,M,1999,Isaac,14
WY,M,1999,Robert,14
WY,M,1999,Trevor,14
WY,M,1999,Cole,13
WY,M,1999,Dakota,13
WY,M,1999,Christian,12
WY,M,1999,Evan,12
WY,M,1999,Riley,12
WY,M,1999,Sean,12
WY,M,1999,Charles,11
WY,M,1999,Chase,11
WY,M,1999,Connor,11
WY,M,1999,Hayden,11
WY,M,1999,Isaiah,11
WY,M,1999,Jackson,11
WY,M,1999,Jeremy,11
WY,M,1999,Jesse,11
WY,M,1999,Lucas,11
WY,M,1999,Thomas,11
WY,M,1999,Bradley,10
WY,M,1999,Bryce,10
WY,M,1999,Carlos,10
WY,M,1999,Devon,10
WY,M,1999,Shawn,10
WY,M,1999,Timothy,10
WY,M,1999,Brett,9
WY,M,1999,Bryan,9
WY,M,1999,Colton,9
WY,M,1999,Jeremiah,9
WY,M,1999,Patrick,9
WY,M,1999,Taylor,9
WY,M,1999,Trenton,9
WY,M,1999,Ty,9
WY,M,1999,Colby,8
WY,M,1999,Cooper,8
WY,M,1999,Gavin,8
WY,M,1999,Gregory,8
WY,M,1999,Jack,8
WY,M,1999,Kaleb,8
WY,M,1999,Levi,8
WY,M,1999,Luke,8
WY,M,1999,Mason,8
WY,M,1999,Nathaniel,8
WY,M,1999,Scott,8
WY,M,1999,Skyler,8
WY,M,1999,Steven,8
WY,M,1999,Travis,8
WY,M,1999,Trey,8
WY,M,1999,Brady,7
WY,M,1999,Brendan,7
WY,M,1999,Brian,7
WY,M,1999,Chance,7
WY,M,1999,Chandler,7
WY,M,1999,Dominic,7
WY,M,1999,Eric,7
WY,M,1999,Jared,7
WY,M,1999,Kade,7
WY,M,1999,Parker,7
WY,M,1999,Spencer,7
WY,M,1999,Adam,6
WY,M,1999,Bailey,6
WY,M,1999,Braydon,6
WY,M,1999,Dillon,6
WY,M,1999,Eli,6
WY,M,1999,Ian,6
WY,M,1999,Jason,6
WY,M,1999,Kaden,6
WY,M,1999,Kenneth,6
WY,M,1999,Liam,6
WY,M,1999,Maxwell,6
WY,M,1999,Payton,6
WY,M,1999,Richard,6
WY,M,1999,Troy,6
WY,M,1999,Weston,6
WY,M,1999,Zane,6
WY,M,1999,Adrian,5
WY,M,1999,Alex,5
WY,M,1999,Blake,5
WY,M,1999,Braden,5
WY,M,1999,Braxton,5
WY,M,1999,Brendon,5
WY,M,1999,Caden,5
WY,M,1999,Dustin,5
WY,M,1999,Elijah,5
WY,M,1999,Gage,5
WY,M,1999,Jaden,5
WY,M,1999,Jaxon,5
WY,M,1999,Johnathan,5
WY,M,1999,Kyler,5
WY,M,1999,Landon,5
WY,M,1999,Marcus,5
WY,M,1999,Morgan,5
WY,M,1999,Nicolas,5
WY,M,1999,Paul,5
WY,M,1999,Quinn,5
WY,M,1999,Tristen,5
WY,M,1999,Triston,5
WY,M,1999,Zackary,5
WY,M,2000,Jacob,49
WY,M,2000,Michael,37
WY,M,2000,Ethan,36
WY,M,2000,Matthew,33
WY,M,2000,Hunter,32
WY,M,2000,Tyler,32
WY,M,2000,Zachary,32
WY,M,2000,Austin,30
WY,M,2000,Joshua,30
WY,M,2000,Nicholas,30
WY,M,2000,Andrew,29
WY,M,2000,David,28
WY,M,2000,Joseph,27
WY,M,2000,Justin,26
WY,M,2000,Benjamin,25
WY,M,2000,Christopher,25
WY,M,2000,Ryan,25
WY,M,2000,William,25
WY,M,2000,Daniel,24
WY,M,2000,Dylan,23
WY,M,2000,Brandon,22
WY,M,2000,James,22
WY,M,2000,Cameron,21
WY,M,2000,John,21
WY,M,2000,Caleb,20
WY,M,2000,Chase,20
WY,M,2000,Dalton,20
WY,M,2000,Samuel,20
WY,M,2000,Logan,19
WY,M,2000,Thomas,19
WY,M,2000,Wyatt,19
WY,M,2000,Isaac,18
WY,M,2000,Noah,17
WY,M,2000,Anthony,16
WY,M,2000,Hayden,16
WY,M,2000,Jared,16
WY,M,2000,Nathan,16
WY,M,2000,Nathaniel,16
WY,M,2000,Robert,16
WY,M,2000,Cole,15
WY,M,2000,Kaden,15
WY,M,2000,Steven,15
WY,M,2000,Christian,14
WY,M,2000,Cody,14
WY,M,2000,Connor,14
WY,M,2000,Tristan,14
WY,M,2000,Clayton,13
WY,M,2000,Dustin,13
WY,M,2000,Eric,13
WY,M,2000,Seth,13
WY,M,2000,Adam,12
WY,M,2000,Alexander,12
WY,M,2000,Colton,12
WY,M,2000,Dillon,12
WY,M,2000,Garrett,12
WY,M,2000,Mason,12
WY,M,2000,Tanner,12
WY,M,2000,Blake,11
WY,M,2000,Brady,11
WY,M,2000,Carson,11
WY,M,2000,Devon,11
WY,M,2000,Ian,11
WY,M,2000,Jackson,11
WY,M,2000,Riley,11
WY,M,2000,Trevor,11
WY,M,2000,Aaron,10
WY,M,2000,Bryce,10
WY,M,2000,Chance,10
WY,M,2000,Jason,10
WY,M,2000,Jordan,10
WY,M,2000,Sean,10
WY,M,2000,Charles,9
WY,M,2000,Dawson,9
WY,M,2000,Devin,9
WY,M,2000,Evan,9
WY,M,2000,Gabriel,9
WY,M,2000,Gavin,9
WY,M,2000,Jonathan,9
WY,M,2000,Kaleb,9
WY,M,2000,Preston,9
WY,M,2000,Alex,8
WY,M,2000,Isaiah,8
WY,M,2000,Jose,8
WY,M,2000,Kyle,8
WY,M,2000,Spencer,8
WY,M,2000,Timothy,8
WY,M,2000,Brayden,7
WY,M,2000,Brendan,7
WY,M,2000,Brenden,7
WY,M,2000,Chandler,7
WY,M,2000,Dante,7
WY,M,2000,Gage,7
WY,M,2000,Jesse,7
WY,M,2000,Lane,7
WY,M,2000,Lucas,7
WY,M,2000,Marcus,7
WY,M,2000,Patrick,7
WY,M,2000,Taylor,7
WY,M,2000,Trenton,7
WY,M,2000,Trey,7
WY,M,2000,Wesley,7
WY,M,2000,Aidan,6
WY,M,2000,Antonio,6
WY,M,2000,Braden,6
WY,M,2000,Brendon,6
WY,M,2000,Caden,6
WY,M,2000,Carlos,6
WY,M,2000,Casey,6
WY,M,2000,Colby,6
WY,M,2000,Collin,6
WY,M,2000,Conner,6
WY,M,2000,Dakota,6
WY,M,2000,Jaden,6
WY,M,2000,Jeremiah,6
WY,M,2000,Jeremy,6
WY,M,2000,Johnathan,6
WY,M,2000,Kayden,6
WY,M,2000,Keaton,6
WY,M,2000,Kevin,6
WY,M,2000,Parker,6
WY,M,2000,Richard,6
WY,M,2000,Ashton,5
WY,M,2000,Brian,5
WY,M,2000,Carter,5
WY,M,2000,Dominic,5
WY,M,2000,Drew,5
WY,M,2000,Elijah,5
WY,M,2000,Jeffrey,5
WY,M,2000,Kyler,5
WY,M,2000,Liam,5
WY,M,2000,Scott,5
WY,M,2000,Stephen,5
WY,M,2001,Jacob,44
WY,M,2001,Joshua,42
WY,M,2001,Michael,36
WY,M,2001,Tyler,35
WY,M,2001,Hunter,34
WY,M,2001,Logan,32
WY,M,2001,Ryan,32
WY,M,2001,William,29
WY,M,2001,Caleb,28
WY,M,2001,Christopher,27
WY,M,2001,Joseph,27
WY,M,2001,Nicholas,27
WY,M,2001,Austin,26
WY,M,2001,Ethan,26
WY,M,2001,Matthew,26
WY,M,2001,Justin,25
WY,M,2001,Zachary,25
WY,M,2001,Nathan,24
WY,M,2001,Alexander,23
WY,M,2001,Dylan,23
WY,M,2001,Robert,23
WY,M,2001,Anthony,21
WY,M,2001,Mason,21
WY,M,2001,Gabriel,20
WY,M,2001,Thomas,20
WY,M,2001,Cody,19
WY,M,2001,Garrett,19
WY,M,2001,Jonathan,19
WY,M,2001,Jordan,19
WY,M,2001,Wyatt,19
WY,M,2001,Benjamin,18
WY,M,2001,Brandon,17
WY,M,2001,James,17
WY,M,2001,Tanner,17
WY,M,2001,Blake,16
WY,M,2001,Cameron,16
WY,M,2001,Daniel,16
WY,M,2001,David,16
WY,M,2001,Isaac,16
WY,M,2001,John,16
WY,M,2001,Samuel,16
WY,M,2001,Kyle,15
WY,M,2001,Seth,15
WY,M,2001,Andrew,14
WY,M,2001,Colton,14
WY,M,2001,Dawson,14
WY,M,2001,Elijah,14
WY,M,2001,Isaiah,14
WY,M,2001,Kaleb,14
WY,M,2001,Chase,13
WY,M,2001,Jackson,13
WY,M,2001,Kaden,13
WY,M,2001,Trenton,13
WY,M,2001,Aaron,12
WY,M,2001,Dalton,12
WY,M,2001,Hayden,12
WY,M,2001,Nathaniel,12
WY,M,2001,Noah,12
WY,M,2001,Richard,12
WY,M,2001,Stephen,12
WY,M,2001,Zane,12
WY,M,2001,Brayden,11
WY,M,2001,Carter,11
WY,M,2001,Connor,11
WY,M,2001,Jared,11
WY,M,2001,Riley,11
WY,M,2001,Taylor,11
WY,M,2001,Brendan,10
WY,M,2001,Carson,10
WY,M,2001,Christian,10
WY,M,2001,Evan,10
WY,M,2001,Gage,10
WY,M,2001,Timothy,10
WY,M,2001,Tristan,10
WY,M,2001,Charles,9
WY,M,2001,Dominic,9
WY,M,2001,Jack,9
WY,M,2001,Jayden,9
WY,M,2001,Kyler,9
WY,M,2001,Luke,9
WY,M,2001,Vincent,9
WY,M,2001,Aiden,8
WY,M,2001,Brian,8
WY,M,2001,Colby,8
WY,M,2001,Cooper,8
WY,M,2001,Devin,8
WY,M,2001,Jesse,8
WY,M,2001,Johnathan,8
WY,M,2001,Marcus,8
WY,M,2001,Morgan,8
WY,M,2001,Parker,8
WY,M,2001,Spencer,8
WY,M,2001,Steven,8
WY,M,2001,Trevor,8
WY,M,2001,Adam,7
WY,M,2001,Alex,7
WY,M,2001,Bryce,7
WY,M,2001,Cole,7
WY,M,2001,Dakota,7
WY,M,2001,Devon,7
WY,M,2001,Ian,7
WY,M,2001,Levi,7
WY,M,2001,Lucas,7
WY,M,2001,Owen,7
WY,M,2001,Patrick,7
WY,M,2001,Preston,7
WY,M,2001,Antonio,6
WY,M,2001,Ashton,6
WY,M,2001,Brady,6
WY,M,2001,Braxton,6
WY,M,2001,Bridger,6
WY,M,2001,Carlos,6
WY,M,2001,Clayton,6
WY,M,2001,Conner,6
WY,M,2001,Dallas,6
WY,M,2001,Dustin,6
WY,M,2001,Elias,6
WY,M,2001,Gavin,6
WY,M,2001,Jason,6
WY,M,2001,Joel,6
WY,M,2001,Lane,6
WY,M,2001,Sean,6
WY,M,2001,Trent,6
WY,M,2001,Tyson,6
WY,M,2001,Aidan,5
WY,M,2001,Brody,5
WY,M,2001,Bryson,5
WY,M,2001,Colin,5
WY,M,2001,Colter,5
WY,M,2001,Damion,5
WY,M,2001,Dayton,5
WY,M,2001,Jeffrey,5
WY,M,2001,Josiah,5
WY,M,2001,Kameron,5
WY,M,2001,Kenneth,5
WY,M,2001,Nicolas,5
WY,M,2001,Travis,5
WY,M,2001,Tristin,5
WY,M,2002,Ethan,52
WY,M,2002,Jacob,49
WY,M,2002,Hunter,36
WY,M,2002,Joshua,35
WY,M,2002,Austin,29
WY,M,2002,Michael,28
WY,M,2002,Tyler,27
WY,M,2002,Logan,26
WY,M,2002,William,26
WY,M,2002,Christopher,25
WY,M,2002,Joseph,25
WY,M,2002,Justin,25
WY,M,2002,Matthew,25
WY,M,2002,Caleb,24
WY,M,2002,Brandon,23
WY,M,2002,David,23
WY,M,2002,Nicholas,23
WY,M,2002,Ryan,23
WY,M,2002,Andrew,22
WY,M,2002,Mason,22
WY,M,2002,Wyatt,22
WY,M,2002,Alexander,20
WY,M,2002,Gabriel,20
WY,M,2002,Gavin,20
WY,M,2002,Zachary,20
WY,M,2002,Cody,19
WY,M,2002,Hayden,19
WY,M,2002,James,19
WY,M,2002,Kaden,19
WY,M,2002,Samuel,19
WY,M,2002,Noah,18
WY,M,2002,Riley,18
WY,M,2002,Aaron,17
WY,M,2002,Cameron,17
WY,M,2002,Dylan,17
WY,M,2002,Isaac,17
WY,M,2002,John,17
WY,M,2002,Anthony,16
WY,M,2002,Cole,16
WY,M,2002,Elijah,16
WY,M,2002,Isaiah,16
WY,M,2002,Jordan,16
WY,M,2002,Kyle,16
WY,M,2002,Nathan,16
WY,M,2002,Daniel,15
WY,M,2002,Garrett,15
WY,M,2002,Christian,14
WY,M,2002,Nathaniel,14
WY,M,2002,Preston,14
WY,M,2002,Robert,14
WY,M,2002,Tanner,14
WY,M,2002,Chase,13
WY,M,2002,Jackson,13
WY,M,2002,Jesse,13
WY,M,2002,Jonathan,13
WY,M,2002,Luke,13
WY,M,2002,Seth,13
WY,M,2002,Carson,12
WY,M,2002,Colton,12
WY,M,2002,Connor,12
WY,M,2002,Jaden,12
WY,M,2002,Jason,12
WY,M,2002,Kyler,12
WY,M,2002,Trevor,12
WY,M,2002,Dominic,11
WY,M,2002,Jack,11
WY,M,2002,Jayden,11
WY,M,2002,Jose,11
WY,M,2002,Thomas,11
WY,M,2002,Xavier,11
WY,M,2002,Caden,10
WY,M,2002,Dalton,10
WY,M,2002,Kenneth,10
WY,M,2002,Kevin,10
WY,M,2002,Parker,10
WY,M,2002,Timothy,10
WY,M,2002,Tristan,10
WY,M,2002,Brady,9
WY,M,2002,Brian,9
WY,M,2002,Bryce,9
WY,M,2002,Dakota,9
WY,M,2002,Kaleb,9
WY,M,2002,Lane,9
WY,M,2002,Marcus,9
WY,M,2002,Sean,9
WY,M,2002,Trenton,9
WY,M,2002,Zane,9
WY,M,2002,Colter,8
WY,M,2002,Dawson,8
WY,M,2002,Gage,8
WY,M,2002,Owen,8
WY,M,2002,Patrick,8
WY,M,2002,Ty,8
WY,M,2002,Alex,7
WY,M,2002,Benjamin,7
WY,M,2002,Bradley,7
WY,M,2002,Casey,7
WY,M,2002,Chance,7
WY,M,2002,Dillon,7
WY,M,2002,Evan,7
WY,M,2002,Jeremiah,7
WY,M,2002,Landon,7
WY,M,2002,Mark,7
WY,M,2002,Spencer,7
WY,M,2002,Antonio,6
WY,M,2002,Braden,6
WY,M,2002,Bryan,6
WY,M,2002,Cade,6
WY,M,2002,Charles,6
WY,M,2002,Cooper,6
WY,M,2002,Devin,6
WY,M,2002,Devon,6
WY,M,2002,Eric,6
WY,M,2002,Ian,6
WY,M,2002,Jace,6
WY,M,2002,Jakob,6
WY,M,2002,Jared,6
WY,M,2002,Johnathan,6
WY,M,2002,Julian,6
WY,M,2002,Kolby,6
WY,M,2002,Rylan,6
WY,M,2002,Skyler,6
WY,M,2002,Sterling,6
WY,M,2002,Taylor,6
WY,M,2002,Aidan,5
WY,M,2002,Aiden,5
WY,M,2002,Ashton,5
WY,M,2002,Brayden,5
WY,M,2002,Brendan,5
WY,M,2002,Brody,5
WY,M,2002,Carter,5
WY,M,2002,Clayton,5
WY,M,2002,Colten,5
WY,M,2002,Damon,5
WY,M,2002,Dominick,5
WY,M,2002,Jasper,5
WY,M,2002,Jeremy,5
WY,M,2002,Kade,5
WY,M,2002,Kaiden,5
WY,M,2002,Kayden,5
WY,M,2002,Levi,5
WY,M,2002,Paul,5
WY,M,2002,Vincent,5
WY,M,2002,Weston,5
WY,M,2003,Jacob,47
WY,M,2003,Ethan,42
WY,M,2003,Joshua,34
WY,M,2003,Matthew,34
WY,M,2003,Hunter,32
WY,M,2003,James,31
WY,M,2003,Michael,30
WY,M,2003,Alexander,28
WY,M,2003,Zachary,28
WY,M,2003,Joseph,27
WY,M,2003,Caleb,26
WY,M,2003,Anthony,25
WY,M,2003,Tyler,25
WY,M,2003,Kaden,24
WY,M,2003,Logan,24
WY,M,2003,Andrew,23
WY,M,2003,Gabriel,23
WY,M,2003,John,23
WY,M,2003,William,23
WY,M,2003,Dylan,22
WY,M,2003,Samuel,22
WY,M,2003,Wyatt,22
WY,M,2003,Austin,21
WY,M,2003,David,21
WY,M,2003,Nicholas,21
WY,M,2003,Robert,21
WY,M,2003,Benjamin,20
WY,M,2003,Brandon,19
WY,M,2003,Brayden,19
WY,M,2003,Garrett,19
WY,M,2003,Tanner,19
WY,M,2003,Caden,18
WY,M,2003,Isaac,18
WY,M,2003,Mason,18
WY,M,2003,Ryan,18
WY,M,2003,Gavin,17
WY,M,2003,Jesse,17
WY,M,2003,Landon,17
WY,M,2003,Luke,17
WY,M,2003,Cameron,16
WY,M,2003,Connor,16
WY,M,2003,Daniel,16
WY,M,2003,Hayden,16
WY,M,2003,Aidan,15
WY,M,2003,Christian,15
WY,M,2003,Christopher,15
WY,M,2003,Cody,15
WY,M,2003,Cole,15
WY,M,2003,Noah,15
WY,M,2003,Thomas,15
WY,M,2003,Aiden,14
WY,M,2003,Ashton,14
WY,M,2003,Carson,14
WY,M,2003,Nathan,14
WY,M,2003,Aaron,13
WY,M,2003,Dalton,12
WY,M,2003,Ayden,11
WY,M,2003,Carter,11
WY,M,2003,Chance,11
WY,M,2003,Charles,11
WY,M,2003,Dawson,11
WY,M,2003,Elijah,11
WY,M,2003,Ian,11
WY,M,2003,Isaiah,11
WY,M,2003,Jackson,11
WY,M,2003,Jason,11
WY,M,2003,Jeremiah,11
WY,M,2003,Jonathan,11
WY,M,2003,Lucas,11
WY,M,2003,Sean,11
WY,M,2003,Tristan,11
WY,M,2003,Braden,10
WY,M,2003,Bryce,10
WY,M,2003,Chase,10
WY,M,2003,Conner,10
WY,M,2003,Dakota,10
WY,M,2003,Jordan,10
WY,M,2003,Riley,10
WY,M,2003,Adrian,9
WY,M,2003,Alex,9
WY,M,2003,Colton,9
WY,M,2003,Gage,9
WY,M,2003,Jace,9
WY,M,2003,Jack,9
WY,M,2003,Jaden,9
WY,M,2003,Jonah,9
WY,M,2003,Josiah,9
WY,M,2003,Nathaniel,9
WY,M,2003,Seth,9
WY,M,2003,Skyler,9
WY,M,2003,Blake,8
WY,M,2003,Damien,8
WY,M,2003,Devin,8
WY,M,2003,Dominic,8
WY,M,2003,Evan,8
WY,M,2003,Jeremy,8
WY,M,2003,Kyle,8
WY,M,2003,Kyler,8
WY,M,2003,Lane,8
WY,M,2003,Marcus,8
WY,M,2003,Richard,8
WY,M,2003,Timothy,8
WY,M,2003,Trevor,8
WY,M,2003,Zane,8
WY,M,2003,Brady,7
WY,M,2003,Brendan,7
WY,M,2003,Brock,7
WY,M,2003,Cayden,7
WY,M,2003,Colter,7
WY,M,2003,Dominick,7
WY,M,2003,Grant,7
WY,M,2003,Joel,7
WY,M,2003,Landen,7
WY,M,2003,Preston,7
WY,M,2003,Shane,7
WY,M,2003,Shawn,7
WY,M,2003,Travis,7
WY,M,2003,Trenton,7
WY,M,2003,Braeden,6
WY,M,2003,Braxton,6
WY,M,2003,Bridger,6
WY,M,2003,Camden,6
WY,M,2003,Clayton,6
WY,M,2003,Colby,6
WY,M,2003,Colin,6
WY,M,2003,Damian,6
WY,M,2003,Dillon,6
WY,M,2003,Jayden,6
WY,M,2003,Jose,6
WY,M,2003,Justin,6
WY,M,2003,Kaleb,6
WY,M,2003,Kayden,6
WY,M,2003,Keegan,6
WY,M,2003,Kolby,6
WY,M,2003,Luis,6
WY,M,2003,Malachi,6
WY,M,2003,Owen,6
WY,M,2003,Payton,6
WY,M,2003,Tate,6
WY,M,2003,Victor,6
WY,M,2003,Adam,5
WY,M,2003,Alejandro,5
WY,M,2003,Bryson,5
WY,M,2003,Devon,5
WY,M,2003,Edward,5
WY,M,2003,Enrique,5
WY,M,2003,Erik,5
WY,M,2003,Johnathan,5
WY,M,2003,Julian,5
WY,M,2003,Kenneth,5
WY,M,2003,Kevin,5
WY,M,2003,Levi,5
WY,M,2003,Maxwell,5
WY,M,2003,Miguel,5
WY,M,2003,Morgan,5
WY,M,2003,Nolan,5
WY,M,2003,Paul,5
WY,M,2003,Sebastian,5
WY,M,2003,Stephen,5
WY,M,2003,Steven,5
WY,M,2003,Talon,5
WY,M,2003,Trent,5
WY,M,2003,Trey,5
WY,M,2003,Tucker,5
WY,M,2003,Wesley,5
WY,M,2003,Weston,5
WY,M,2003,Xavier,5
WY,M,2004,Michael,34
WY,M,2004,Hunter,31
WY,M,2004,Jacob,31
WY,M,2004,Ethan,30
WY,M,2004,Joshua,29
WY,M,2004,Ryan,29
WY,M,2004,Alexander,27
WY,M,2004,Logan,27
WY,M,2004,Wyatt,27
WY,M,2004,Tyler,26
WY,M,2004,Austin,25
WY,M,2004,Jonathan,25
WY,M,2004,James,24
WY,M,2004,Joseph,24
WY,M,2004,Christopher,23
WY,M,2004,Dylan,22
WY,M,2004,Elijah,22
WY,M,2004,William,22
WY,M,2004,Anthony,21
WY,M,2004,Caleb,20
WY,M,2004,Jackson,20
WY,M,2004,Justin,20
WY,M,2004,Andrew,19
WY,M,2004,Isaac,19
WY,M,2004,Kaden,19
WY,M,2004,Matthew,19
WY,M,2004,Mason,18
WY,M,2004,Tanner,18
WY,M,2004,Ashton,17
WY,M,2004,Brayden,17
WY,M,2004,Cody,17
WY,M,2004,Daniel,17
WY,M,2004,Nathan,17
WY,M,2004,Connor,16
WY,M,2004,David,16
WY,M,2004,Gavin,16
WY,M,2004,Riley,16
WY,M,2004,Thomas,16
WY,M,2004,Gabriel,15
WY,M,2004,Zachary,15
WY,M,2004,Aiden,14
WY,M,2004,Isaiah,14
WY,M,2004,John,14
WY,M,2004,Robert,14
WY,M,2004,Benjamin,13
WY,M,2004,Brandon,13
WY,M,2004,Carter,13
WY,M,2004,Charles,13
WY,M,2004,Evan,13
WY,M,2004,Kyle,13
WY,M,2004,Noah,13
WY,M,2004,Samuel,13
WY,M,2004,Timothy,13
WY,M,2004,Trevor,13
WY,M,2004,Bradley,12
WY,M,2004,Christian,12
WY,M,2004,Cole,12
WY,M,2004,Gage,12
WY,M,2004,Garrett,12
WY,M,2004,Hayden,12
WY,M,2004,Jordan,12
WY,M,2004,Landon,12
WY,M,2004,Aidan,11
WY,M,2004,Ayden,11
WY,M,2004,Carson,11
WY,M,2004,Collin,11
WY,M,2004,Kyler,11
WY,M,2004,Aaron,10
WY,M,2004,Alex,10
WY,M,2004,Dakota,10
WY,M,2004,Jace,10
WY,M,2004,Jack,10
WY,M,2004,Jayden,10
WY,M,2004,Nathaniel,10
WY,M,2004,Seth,10
WY,M,2004,Blake,9
WY,M,2004,Caden,9
WY,M,2004,Chance,9
WY,M,2004,Dalton,9
WY,M,2004,Dominic,9
WY,M,2004,Jason,9
WY,M,2004,Kade,9
WY,M,2004,Kaleb,9
WY,M,2004,Lucas,9
WY,M,2004,Luke,9
WY,M,2004,Morgan,9
WY,M,2004,Parker,9
WY,M,2004,Sean,9
WY,M,2004,Tristan,9
WY,M,2004,Zane,9
WY,M,2004,Brody,8
WY,M,2004,Cameron,8
WY,M,2004,Chase,8
WY,M,2004,Colton,8
WY,M,2004,Devon,8
WY,M,2004,Dillon,8
WY,M,2004,Eric,8
WY,M,2004,Jaden,8
WY,M,2004,Jesse,8
WY,M,2004,Julian,8
WY,M,2004,Spencer,8
WY,M,2004,Steven,8
WY,M,2004,Trey,8
WY,M,2004,Xavier,8
WY,M,2004,Adam,7
WY,M,2004,Braxton,7
WY,M,2004,Brian,7
WY,M,2004,Brock,7
WY,M,2004,Bryce,7
WY,M,2004,Conner,7
WY,M,2004,Derek,7
WY,M,2004,Ian,7
WY,M,2004,Josiah,7
WY,M,2004,Kevin,7
WY,M,2004,Levi,7
WY,M,2004,Marcus,7
WY,M,2004,Peyton,7
WY,M,2004,Tucker,7
WY,M,2004,Braeden,6
WY,M,2004,Brendan,6
WY,M,2004,Colin,6
WY,M,2004,Colter,6
WY,M,2004,Damien,6
WY,M,2004,Edward,6
WY,M,2004,Eli,6
WY,M,2004,Jeremy,6
WY,M,2004,Jesus,6
WY,M,2004,Kayden,6
WY,M,2004,Nicholas,6
WY,M,2004,Nolan,6
WY,M,2004,Taylor,6
WY,M,2004,Tyson,6
WY,M,2004,Aden,5
WY,M,2004,Adrian,5
WY,M,2004,Alexis,5
WY,M,2004,Brodie,5
WY,M,2004,Cade,5
WY,M,2004,Cooper,5
WY,M,2004,Dane,5
WY,M,2004,Dominick,5
WY,M,2004,Grant,5
WY,M,2004,Jeffrey,5
WY,M,2004,Jeremiah,5
WY,M,2004,Kaiden,5
WY,M,2004,Keaton,5
WY,M,2004,Max,5
WY,M,2004,Owen,5
WY,M,2004,Peter,5
WY,M,2004,Preston,5
WY,M,2004,Richard,5
WY,M,2004,Shawn,5
WY,M,2004,Stephen,5
WY,M,2004,Xander,5
WY,M,2005,Jacob,41
WY,M,2005,Ethan,40
WY,M,2005,Tyler,35
WY,M,2005,Michael,31
WY,M,2005,Joseph,30
WY,M,2005,James,28
WY,M,2005,Joshua,28
WY,M,2005,Connor,27
WY,M,2005,David,27
WY,M,2005,Alexander,26
WY,M,2005,Caleb,26
WY,M,2005,Hunter,26
WY,M,2005,Wyatt,26
WY,M,2005,Austin,25
WY,M,2005,Andrew,24
WY,M,2005,Dylan,24
WY,M,2005,Noah,24
WY,M,2005,Aiden,23
WY,M,2005,Evan,23
WY,M,2005,Gabriel,23
WY,M,2005,Gavin,23
WY,M,2005,Owen,23
WY,M,2005,Logan,22
WY,M,2005,Mason,22
WY,M,2005,Riley,22
WY,M,2005,William,22
WY,M,2005,Daniel,21
WY,M,2005,Kaden,21
WY,M,2005,Brandon,20
WY,M,2005,Jackson,20
WY,M,2005,Landon,20
WY,M,2005,Matthew,20
WY,M,2005,Anthony,19
WY,M,2005,Ryan,19
WY,M,2005,Benjamin,18
WY,M,2005,Brayden,18
WY,M,2005,Carter,18
WY,M,2005,Christopher,18
WY,M,2005,Nathan,18
WY,M,2005,Christian,17
WY,M,2005,Justin,17
WY,M,2005,Robert,17
WY,M,2005,Tristan,17
WY,M,2005,Ashton,16
WY,M,2005,Chase,16
WY,M,2005,Cole,16
WY,M,2005,Elijah,16
WY,M,2005,Hayden,16
WY,M,2005,Jesse,16
WY,M,2005,Tanner,16
WY,M,2005,Zachary,16
WY,M,2005,Seth,15
WY,M,2005,John,14
WY,M,2005,Luke,14
WY,M,2005,Samuel,14
WY,M,2005,Adam,13
WY,M,2005,Colton,13
WY,M,2005,Garrett,13
WY,M,2005,Jack,13
WY,M,2005,Aidan,12
WY,M,2005,Blake,12
WY,M,2005,Bryce,12
WY,M,2005,Jonathan,12
WY,M,2005,Nicholas,12
WY,M,2005,Thomas,12
WY,M,2005,Cody,11
WY,M,2005,Conner,11
WY,M,2005,Dakota,11
WY,M,2005,Jaden,11
WY,M,2005,Nathaniel,11
WY,M,2005,Aaron,10
WY,M,2005,Alex,10
WY,M,2005,Cameron,10
WY,M,2005,Carson,10
WY,M,2005,Charles,10
WY,M,2005,Jason,10
WY,M,2005,Jayden,10
WY,M,2005,Levi,10
WY,M,2005,Timothy,10
WY,M,2005,Trevor,10
WY,M,2005,Xavier,10
WY,M,2005,Antonio,9
WY,M,2005,Dillon,9
WY,M,2005,Donovan,9
WY,M,2005,Ian,9
WY,M,2005,Isaac,9
WY,M,2005,Jace,9
WY,M,2005,Micah,9
WY,M,2005,Colby,8
WY,M,2005,Dante,8
WY,M,2005,Diego,8
WY,M,2005,Dominic,8
WY,M,2005,Gage,8
WY,M,2005,Jared,8
WY,M,2005,Jordan,8
WY,M,2005,Jose,8
WY,M,2005,Kyle,8
WY,M,2005,Lane,8
WY,M,2005,Lucas,8
WY,M,2005,Skyler,8
WY,M,2005,Spencer,8
WY,M,2005,Steven,8
WY,M,2005,Trey,8
WY,M,2005,Zander,8
WY,M,2005,Bridger,7
WY,M,2005,Caden,7
WY,M,2005,Collin,7
WY,M,2005,Colter,7
WY,M,2005,Devin,7
WY,M,2005,Dominick,7
WY,M,2005,Eric,7
WY,M,2005,Henry,7
WY,M,2005,Isaiah,7
WY,M,2005,Joel,7
WY,M,2005,Jonah,7
WY,M,2005,Kevin,7
WY,M,2005,Kyler,7
WY,M,2005,Payton,7
WY,M,2005,Quentin,7
WY,M,2005,Richard,7
WY,M,2005,Zane,7
WY,M,2005,Adrian,6
WY,M,2005,Avery,6
WY,M,2005,Ayden,6
WY,M,2005,Beau,6
WY,M,2005,Brendan,6
WY,M,2005,Cade,6
WY,M,2005,Cayden,6
WY,M,2005,Devon,6
WY,M,2005,Gunnar,6
WY,M,2005,Jeremy,6
WY,M,2005,Johnathan,6
WY,M,2005,Josiah,6
WY,M,2005,Juan,6
WY,M,2005,Kenneth,6
WY,M,2005,Marcus,6
WY,M,2005,Mathew,6
WY,M,2005,Miles,6
WY,M,2005,Parker,6
WY,M,2005,Patrick,6
WY,M,2005,Peyton,6
WY,M,2005,Sean,6
WY,M,2005,Braden,5
WY,M,2005,Bradley,5
WY,M,2005,Brodie,5
WY,M,2005,Casey,5
WY,M,2005,Chance,5
WY,M,2005,Dalton,5
WY,M,2005,Damien,5
WY,M,2005,Grant,5
WY,M,2005,Jake,5
WY,M,2005,Jaxon,5
WY,M,2005,Jay,5
WY,M,2005,Kaiden,5
WY,M,2005,Kaleb,5
WY,M,2005,Kolton,5
WY,M,2005,Luis,5
WY,M,2005,Malachi,5
WY,M,2005,Mark,5
WY,M,2005,Micheal,5
WY,M,2005,Peter,5
WY,M,2005,Porter,5
WY,M,2005,Ryder,5
WY,M,2005,Rylan,5
WY,M,2005,Sebastian,5
WY,M,2005,Simon,5
WY,M,2005,Travis,5
WY,M,2005,Trenton,5
WY,M,2005,Tucker,5
WY,M,2005,Vincent,5
WY,M,2005,Xander,5
WY,M,2006,Ethan,44
WY,M,2006,Jacob,42
WY,M,2006,Logan,42
WY,M,2006,Ryan,38
WY,M,2006,Hunter,34
WY,M,2006,William,33
WY,M,2006,Samuel,32
WY,M,2006,Joshua,29
WY,M,2006,Michael,29
WY,M,2006,Wyatt,28
WY,M,2006,Aiden,27
WY,M,2006,James,27
WY,M,2006,Joseph,27
WY,M,2006,Aidan,24
WY,M,2006,Mason,24
WY,M,2006,Matthew,24
WY,M,2006,Alexander,23
WY,M,2006,Andrew,23
WY,M,2006,Caleb,23
WY,M,2006,Landon,23
WY,M,2006,Austin,22
WY,M,2006,Anthony,21
WY,M,2006,Benjamin,21
WY,M,2006,Brayden,21
WY,M,2006,Hayden,21
WY,M,2006,Isaac,21
WY,M,2006,Lucas,21
WY,M,2006,Noah,21
WY,M,2006,Tyler,21
WY,M,2006,Zachary,21
WY,M,2006,Carter,20
WY,M,2006,Daniel,20
WY,M,2006,Nathan,20
WY,M,2006,Christopher,19
WY,M,2006,Dylan,19
WY,M,2006,Gabriel,19
WY,M,2006,Gavin,18
WY,M,2006,Jackson,18
WY,M,2006,Owen,18
WY,M,2006,David,17
WY,M,2006,Carson,16
WY,M,2006,Eric,16
WY,M,2006,Nicholas,16
WY,M,2006,Seth,16
WY,M,2006,Alex,15
WY,M,2006,Connor,15
WY,M,2006,Cooper,15
WY,M,2006,Jack,15
WY,M,2006,Levi,15
WY,M,2006,Riley,15
WY,M,2006,Tanner,15
WY,M,2006,Conner,14
WY,M,2006,Jayden,14
WY,M,2006,Zane,14
WY,M,2006,Ashton,13
WY,M,2006,Brandon,13
WY,M,2006,Evan,13
WY,M,2006,Kaleb,13
WY,M,2006,Parker,13
WY,M,2006,Thomas,13
WY,M,2006,Charles,12
WY,M,2006,Cody,12
WY,M,2006,Dominic,12
WY,M,2006,Isaiah,12
WY,M,2006,Jason,12
WY,M,2006,John,12
WY,M,2006,Kaden,12
WY,M,2006,Luke,12
WY,M,2006,Sean,12
WY,M,2006,Trevor,12
WY,M,2006,Ayden,11
WY,M,2006,Brody,11
WY,M,2006,Caden,11
WY,M,2006,Cameron,11
WY,M,2006,Chase,11
WY,M,2006,Christian,11
WY,M,2006,Cole,11
WY,M,2006,Elijah,11
WY,M,2006,Jaden,11
WY,M,2006,Jaxon,11
WY,M,2006,Jordan,11
WY,M,2006,Kyler,11
WY,M,2006,Tristan,11
WY,M,2006,Adam,10
WY,M,2006,Chance,10
WY,M,2006,Corbin,10
WY,M,2006,Jesse,10
WY,M,2006,Justin,10
WY,M,2006,Nathaniel,10
WY,M,2006,Tucker,10
WY,M,2006,Ty,10
WY,M,2006,Braxton,9
WY,M,2006,Colton,9
WY,M,2006,Eli,9
WY,M,2006,Garrett,9
WY,M,2006,Ian,9
WY,M,2006,Robert,9
WY,M,2006,Xavier,9
WY,M,2006,Aaron,8
WY,M,2006,Bryce,8
WY,M,2006,Dalton,8
WY,M,2006,Diego,8
WY,M,2006,Jeremiah,8
WY,M,2006,Jonathan,8
WY,M,2006,Kyle,8
WY,M,2006,Lane,8
WY,M,2006,Talon,8
WY,M,2006,Trenton,8
WY,M,2006,Blake,7
WY,M,2006,Brian,7
WY,M,2006,Bridger,7
WY,M,2006,Casey,7
WY,M,2006,Colter,7
WY,M,2006,Dominick,7
WY,M,2006,Drake,7
WY,M,2006,Jayce,7
WY,M,2006,Julian,7
WY,M,2006,Liam,7
WY,M,2006,Marcus,7
WY,M,2006,Payton,7
WY,M,2006,Peyton,7
WY,M,2006,Ryder,7
WY,M,2006,Spencer,7
WY,M,2006,Steven,7
WY,M,2006,Trey,7
WY,M,2006,Xander,7
WY,M,2006,Adrian,6
WY,M,2006,Braden,6
WY,M,2006,Camden,6
WY,M,2006,Clayton,6
WY,M,2006,Dakota,6
WY,M,2006,Dante,6
WY,M,2006,Dawson,6
WY,M,2006,Dillon,6
WY,M,2006,Gage,6
WY,M,2006,Kaiden,6
WY,M,2006,Karson,6
WY,M,2006,Keegan,6
WY,M,2006,Leo,6
WY,M,2006,Preston,6
WY,M,2006,Ryker,6
WY,M,2006,Victor,6
WY,M,2006,Wesley,6
WY,M,2006,Zander,6
WY,M,2006,Antonio,5
WY,M,2006,Bradley,5
WY,M,2006,Brady,5
WY,M,2006,Brock,5
WY,M,2006,Cade,5
WY,M,2006,Calvin,5
WY,M,2006,Colin,5
WY,M,2006,Colten,5
WY,M,2006,Daxton,5
WY,M,2006,Declan,5
WY,M,2006,Devin,5
WY,M,2006,Dustin,5
WY,M,2006,Ezekiel,5
WY,M,2006,Grady,5
WY,M,2006,Grant,5
WY,M,2006,Henry,5
WY,M,2006,Jared,5
WY,M,2006,Javier,5
WY,M,2006,Jose,5
WY,M,2006,Juan,5
WY,M,2006,Karsen,5
WY,M,2006,Kayden,5
WY,M,2006,Kevin,5
WY,M,2006,Luis,5
WY,M,2006,Micah,5
WY,M,2006,Orion,5
WY,M,2006,Patrick,5
WY,M,2006,Richard,5
WY,M,2006,Sawyer,5
WY,M,2006,Shane,5
WY,M,2006,Skyler,5
WY,M,2006,Stephen,5
WY,M,2006,Teagan,5
WY,M,2006,Timothy,5
WY,M,2006,Travis,5
WY,M,2006,Trent,5
WY,M,2006,Tyson,5
WY,M,2007,James,38
WY,M,2007,Ethan,37
WY,M,2007,William,36
WY,M,2007,Gavin,33
WY,M,2007,Logan,32
WY,M,2007,Michael,31
WY,M,2007,Wyatt,30
WY,M,2007,Brayden,29
WY,M,2007,Gabriel,29
WY,M,2007,Hunter,29
WY,M,2007,Jacob,29
WY,M,2007,Noah,29
WY,M,2007,Joshua,28
WY,M,2007,Tyler,27
WY,M,2007,Aiden,26
WY,M,2007,Landon,26
WY,M,2007,Caleb,25
WY,M,2007,Owen,25
WY,M,2007,Christopher,23
WY,M,2007,Daniel,23
WY,M,2007,Kaden,23
WY,M,2007,Samuel,23
WY,M,2007,Andrew,21
WY,M,2007,Benjamin,21
WY,M,2007,Hayden,20
WY,M,2007,Isaac,20
WY,M,2007,Joseph,20
WY,M,2007,Alexander,19
WY,M,2007,David,19
WY,M,2007,Lucas,19
WY,M,2007,Matthew,19
WY,M,2007,Anthony,18
WY,M,2007,Cody,18
WY,M,2007,Nathan,18
WY,M,2007,Riley,18
WY,M,2007,Elijah,17
WY,M,2007,Gage,17
WY,M,2007,Jackson,17
WY,M,2007,Mason,17
WY,M,2007,Austin,16
WY,M,2007,Brandon,16
WY,M,2007,Caden,16
WY,M,2007,Carter,16
WY,M,2007,Chase,16
WY,M,2007,Christian,16
WY,M,2007,Evan,16
WY,M,2007,Robert,16
WY,M,2007,Ryan,16
WY,M,2007,Isaiah,15
WY,M,2007,Jace,15
WY,M,2007,Thomas,15
WY,M,2007,Aidan,14
WY,M,2007,Diego,14
WY,M,2007,Jordan,14
WY,M,2007,Justin,14
WY,M,2007,Zachary,14
WY,M,2007,Aaron,13
WY,M,2007,Ashton,13
WY,M,2007,Blake,13
WY,M,2007,Carson,13
WY,M,2007,Dylan,13
WY,M,2007,Jayden,13
WY,M,2007,Kyler,13
WY,M,2007,Brody,12
WY,M,2007,Cameron,12
WY,M,2007,Jonathan,12
WY,M,2007,Kayden,12
WY,M,2007,Tristan,12
WY,M,2007,Ayden,11
WY,M,2007,Brady,11
WY,M,2007,Cole,11
WY,M,2007,Colton,11
WY,M,2007,Jack,11
WY,M,2007,Jason,11
WY,M,2007,John,11
WY,M,2007,Marcus,11
WY,M,2007,Alex,10
WY,M,2007,Charles,10
WY,M,2007,Connor,10
WY,M,2007,Cooper,10
WY,M,2007,Devin,10
WY,M,2007,Dominic,10
WY,M,2007,Ian,10
WY,M,2007,Jaden,10
WY,M,2007,Julian,10
WY,M,2007,Levi,10
WY,M,2007,Luke,10
WY,M,2007,Preston,10
WY,M,2007,Adrian,9
WY,M,2007,Colin,9
WY,M,2007,Garrett,9
WY,M,2007,Nicholas,9
WY,M,2007,Peyton,9
WY,M,2007,Tanner,9
WY,M,2007,Braxton,8
WY,M,2007,Brian,8
WY,M,2007,Colter,8
WY,M,2007,Corbin,8
WY,M,2007,Dawson,8
WY,M,2007,Jaxon,8
WY,M,2007,Johnathan,8
WY,M,2007,Kaleb,8
WY,M,2007,Liam,8
WY,M,2007,Ryder,8
WY,M,2007,Sean,8
WY,M,2007,Steven,8
WY,M,2007,Travis,8
WY,M,2007,Bradley,7
WY,M,2007,Bridger,7
WY,M,2007,Cash,7
WY,M,2007,Dalton,7
WY,M,2007,Dominick,7
WY,M,2007,Jesse,7
WY,M,2007,Kaiden,7
WY,M,2007,Luis,7
WY,M,2007,Nathaniel,7
WY,M,2007,Spencer,7
WY,M,2007,Taylor,7
WY,M,2007,Ty,7
WY,M,2007,Asher,6
WY,M,2007,Brodie,6
WY,M,2007,Cayden,6
WY,M,2007,Conner,6
WY,M,2007,Eli,6
WY,M,2007,Elias,6
WY,M,2007,Josiah,6
WY,M,2007,Konnor,6
WY,M,2007,Kyle,6
WY,M,2007,Lane,6
WY,M,2007,Mario,6
WY,M,2007,Miles,6
WY,M,2007,Nolan,6
WY,M,2007,Patrick,6
WY,M,2007,Paul,6
WY,M,2007,Rylan,6
WY,M,2007,Sebastian,6
WY,M,2007,Sergio,6
WY,M,2007,Timothy,6
WY,M,2007,Tucker,6
WY,M,2007,Xavier,6
WY,M,2007,Adam,5
WY,M,2007,Alejandro,5
WY,M,2007,Antonio,5
WY,M,2007,Brett,5
WY,M,2007,Bryce,5
WY,M,2007,Cade,5
WY,M,2007,Carlos,5
WY,M,2007,Chance,5
WY,M,2007,Collin,5
WY,M,2007,Cory,5
WY,M,2007,Dennis,5
WY,M,2007,Drew,5
WY,M,2007,Dustin,5
WY,M,2007,Emilio,5
WY,M,2007,Hudson,5
WY,M,2007,Ivan,5
WY,M,2007,Jake,5
WY,M,2007,Jared,5
WY,M,2007,Jeremiah,5
WY,M,2007,Jonah,5
WY,M,2007,Juan,5
WY,M,2007,Kevin,5
WY,M,2007,Landen,5
WY,M,2007,Oliver,5
WY,M,2007,Orion,5
WY,M,2007,Randy,5
WY,M,2007,Rowan,5
WY,M,2007,Scott,5
WY,M,2007,Seth,5
WY,M,2007,Shane,5
WY,M,2007,Trenton,5
WY,M,2007,Tristen,5
WY,M,2007,Troy,5
WY,M,2007,Wesley,5
WY,M,2007,Weston,5
WY,M,2007,Zander,5
WY,M,2007,Zane,5
WY,M,2008,James,41
WY,M,2008,Wyatt,38
WY,M,2008,Hunter,34
WY,M,2008,Jacob,34
WY,M,2008,Tyler,33
WY,M,2008,Gabriel,31
WY,M,2008,Anthony,30
WY,M,2008,Joseph,30
WY,M,2008,Noah,30
WY,M,2008,William,29
WY,M,2008,Ethan,28
WY,M,2008,Christopher,27
WY,M,2008,Brayden,26
WY,M,2008,Carter,26
WY,M,2008,Alexander,24
WY,M,2008,Joshua,24
WY,M,2008,Brody,23
WY,M,2008,Logan,23
WY,M,2008,Kaden,22
WY,M,2008,Michael,22
WY,M,2008,Aiden,20
WY,M,2008,Mason,20
WY,M,2008,Samuel,20
WY,M,2008,Andrew,19
WY,M,2008,Benjamin,19
WY,M,2008,David,19
WY,M,2008,Riley,19
WY,M,2008,Zachary,19
WY,M,2008,Cody,18
WY,M,2008,Cooper,18
WY,M,2008,Dylan,18
WY,M,2008,Isaac,18
WY,M,2008,Jayden,18
WY,M,2008,Tristan,18
WY,M,2008,Cameron,17
WY,M,2008,Daniel,17
WY,M,2008,Evan,17
WY,M,2008,Hayden,17
WY,M,2008,Matthew,17
WY,M,2008,Ryan,17
WY,M,2008,Brandon,16
WY,M,2008,Carson,16
WY,M,2008,Elijah,16
WY,M,2008,Austin,15
WY,M,2008,Colton,15
WY,M,2008,Jackson,15
WY,M,2008,John,15
WY,M,2008,Nicholas,15
WY,M,2008,Adam,14
WY,M,2008,Gavin,14
WY,M,2008,Jesse,14
WY,M,2008,Justin,14
WY,M,2008,Landon,14
WY,M,2008,Owen,14
WY,M,2008,Thomas,14
WY,M,2008,Zane,14
WY,M,2008,Braxton,13
WY,M,2008,Christian,13
WY,M,2008,Jace,13
WY,M,2008,Robert,13
WY,M,2008,Tanner,13
WY,M,2008,Bridger,12
WY,M,2008,Cole,12
WY,M,2008,Kaleb,12
WY,M,2008,Kevin,12
WY,M,2008,Kyle,12
WY,M,2008,Nathan,12
WY,M,2008,Ayden,11
WY,M,2008,Blake,11
WY,M,2008,Caden,11
WY,M,2008,Connor,11
WY,M,2008,Diego,11
WY,M,2008,Eric,11
WY,M,2008,Gage,11
WY,M,2008,Garrett,11
WY,M,2008,Isaiah,11
WY,M,2008,Jordan,11
WY,M,2008,Tucker,11
WY,M,2008,Aaron,10
WY,M,2008,Adrian,10
WY,M,2008,Jack,10
WY,M,2008,Jason,10
WY,M,2008,Jonathan,10
WY,M,2008,Jose,10
WY,M,2008,Liam,10
WY,M,2008,Max,10
WY,M,2008,Oliver,10
WY,M,2008,Parker,10
WY,M,2008,Spencer,10
WY,M,2008,Alex,9
WY,M,2008,Ashton,9
WY,M,2008,Brady,9
WY,M,2008,Caleb,9
WY,M,2008,Grady,9
WY,M,2008,Jaxon,9
WY,M,2008,Kayden,9
WY,M,2008,Lucas,9
WY,M,2008,Nathaniel,9
WY,M,2008,Ryder,9
WY,M,2008,Sebastian,9
WY,M,2008,Trenton,9
WY,M,2008,Xavier,9
WY,M,2008,Asher,8
WY,M,2008,Cash,8
WY,M,2008,Charles,8
WY,M,2008,Corbin,8
WY,M,2008,Dillon,8
WY,M,2008,Dominic,8
WY,M,2008,Drake,8
WY,M,2008,Hudson,8
WY,M,2008,Jaden,8
WY,M,2008,Jeremiah,8
WY,M,2008,Luis,8
WY,M,2008,Nolan,8
WY,M,2008,Shane,8
WY,M,2008,Weston,8
WY,M,2008,Xander,8
WY,M,2008,Braden,7
WY,M,2008,Camden,7
WY,M,2008,Cayden,7
WY,M,2008,Chance,7
WY,M,2008,Chase,7
WY,M,2008,Ezekiel,7
WY,M,2008,Gregory,7
WY,M,2008,Henry,7
WY,M,2008,Levi,7
WY,M,2008,Micah,7
WY,M,2008,Preston,7
WY,M,2008,Sean,7
WY,M,2008,Talon,7
WY,M,2008,Wesley,7
WY,M,2008,Angelo,6
WY,M,2008,Bryce,6
WY,M,2008,Conner,6
WY,M,2008,Damien,6
WY,M,2008,Grant,6
WY,M,2008,Ian,6
WY,M,2008,Johnathan,6
WY,M,2008,Jonah,6
WY,M,2008,Keegan,6
WY,M,2008,Kenneth,6
WY,M,2008,Landyn,6
WY,M,2008,Lane,6
WY,M,2008,Marcus,6
WY,M,2008,Ricardo,6
WY,M,2008,Shawn,6
WY,M,2008,Skyler,6
WY,M,2008,Aden,5
WY,M,2008,Brenden,5
WY,M,2008,Caiden,5
WY,M,2008,Carlos,5
WY,M,2008,Cyrus,5
WY,M,2008,Dalton,5
WY,M,2008,Donald,5
WY,M,2008,Elias,5
WY,M,2008,Griffin,5
WY,M,2008,Hagen,5
WY,M,2008,Joel,5
WY,M,2008,Josiah,5
WY,M,2008,Julian,5
WY,M,2008,Kaiden,5
WY,M,2008,Korbin,5
WY,M,2008,Kyler,5
WY,M,2008,Landen,5
WY,M,2008,Lincoln,5
WY,M,2008,Luke,5
WY,M,2008,Miguel,5
WY,M,2008,Paul,5
WY,M,2008,Paxton,5
WY,M,2008,Payton,5
WY,M,2008,Porter,5
WY,M,2008,Ryker,5
WY,M,2008,Seth,5
WY,M,2008,Taylor,5
WY,M,2008,Timothy,5
WY,M,2008,Trevor,5
WY,M,2008,Zander,5
WY,M,2009,Wyatt,42
WY,M,2009,William,35
WY,M,2009,Aiden,33
WY,M,2009,Jacob,33
WY,M,2009,Mason,31
WY,M,2009,Noah,31
WY,M,2009,Hunter,29
WY,M,2009,Logan,29
WY,M,2009,James,27
WY,M,2009,Brayden,25
WY,M,2009,Ethan,25
WY,M,2009,Gavin,25
WY,M,2009,Tanner,25
WY,M,2009,Dylan,24
WY,M,2009,Carter,23
WY,M,2009,Jackson,23
WY,M,2009,Austin,22
WY,M,2009,Joshua,22
WY,M,2009,Landon,22
WY,M,2009,Alexander,21
WY,M,2009,Samuel,21
WY,M,2009,Braxton,20
WY,M,2009,Caleb,20
WY,M,2009,Daniel,20
WY,M,2009,Jayden,20
WY,M,2009,Joseph,20
WY,M,2009,Michael,20
WY,M,2009,Tyler,20
WY,M,2009,Elijah,18
WY,M,2009,Matthew,18
WY,M,2009,Thomas,18
WY,M,2009,Brody,17
WY,M,2009,Hayden,17
WY,M,2009,David,16
WY,M,2009,Gabriel,16
WY,M,2009,Riley,16
WY,M,2009,Andrew,15
WY,M,2009,Carson,15
WY,M,2009,Christopher,15
WY,M,2009,Connor,15
WY,M,2009,John,15
WY,M,2009,Zachary,15
WY,M,2009,Benjamin,14
WY,M,2009,Tristan,14
WY,M,2009,Cameron,13
WY,M,2009,Cooper,13
WY,M,2009,Jesse,13
WY,M,2009,Jordan,13
WY,M,2009,Kayden,13
WY,M,2009,Robert,13
WY,M,2009,Aidan,12
WY,M,2009,Anthony,12
WY,M,2009,Ashton,12
WY,M,2009,Bryce,12
WY,M,2009,Christian,12
WY,M,2009,Eli,12
WY,M,2009,Jaxon,12
WY,M,2009,Justin,12
WY,M,2009,Lucas,12
WY,M,2009,Nathan,12
WY,M,2009,Nicholas,12
WY,M,2009,Parker,12
WY,M,2009,Adam,11
WY,M,2009,Charles,11
WY,M,2009,Chase,11
WY,M,2009,Colton,11
WY,M,2009,Gage,11
WY,M,2009,Isaac,11
WY,M,2009,Jack,11
WY,M,2009,Jonathan,11
WY,M,2009,Levi,11
WY,M,2009,Owen,11
WY,M,2009,Payton,11
WY,M,2009,Ryan,11
WY,M,2009,Seth,11
WY,M,2009,Blake,10
WY,M,2009,Bridger,10
WY,M,2009,Evan,10
WY,M,2009,Josiah,10
WY,M,2009,Lukas,10
WY,M,2009,Marcus,10
WY,M,2009,Nathaniel,10
WY,M,2009,Nolan,10
WY,M,2009,Peyton,10
WY,M,2009,Adrian,9
WY,M,2009,Cole,9
WY,M,2009,Conner,9
WY,M,2009,Damian,9
WY,M,2009,Henry,9
WY,M,2009,Ian,9
WY,M,2009,Isaiah,9
WY,M,2009,Jose,9
WY,M,2009,Kaden,9
WY,M,2009,Kenneth,9
WY,M,2009,Landen,9
WY,M,2009,Liam,9
WY,M,2009,Oliver,9
WY,M,2009,Asher,8
WY,M,2009,Caden,8
WY,M,2009,Dominic,8
WY,M,2009,George,8
WY,M,2009,Jace,8
WY,M,2009,Keegan,8
WY,M,2009,Luke,8
WY,M,2009,Micah,8
WY,M,2009,Xander,8
WY,M,2009,Angel,7
WY,M,2009,Antonio,7
WY,M,2009,Ayden,7
WY,M,2009,Brenden,7
WY,M,2009,Colter,7
WY,M,2009,Corbin,7
WY,M,2009,Easton,7
WY,M,2009,Ezra,7
WY,M,2009,Garrett,7
WY,M,2009,Jake,7
WY,M,2009,Jared,7
WY,M,2009,Jonah,7
WY,M,2009,Kevin,7
WY,M,2009,Kyler,7
WY,M,2009,Lane,7
WY,M,2009,Max,7
WY,M,2009,Preston,7
WY,M,2009,Quentin,7
WY,M,2009,Ryder,7
WY,M,2009,Ryker,7
WY,M,2009,Sebastian,7
WY,M,2009,Steven,7
WY,M,2009,Trevor,7
WY,M,2009,Tyson,7
WY,M,2009,Vincent,7
WY,M,2009,Wesley,7
WY,M,2009,Alex,6
WY,M,2009,Beau,6
WY,M,2009,Brady,6
WY,M,2009,Cody,6
WY,M,2009,Dawson,6
WY,M,2009,Eric,6
WY,M,2009,Griffin,6
WY,M,2009,Jaden,6
WY,M,2009,Jason,6
WY,M,2009,Jaxson,6
WY,M,2009,Jeremiah,6
WY,M,2009,Jeremy,6
WY,M,2009,Jesus,6
WY,M,2009,Johnathan,6
WY,M,2009,Maxwell,6
WY,M,2009,Sawyer,6
WY,M,2009,Scott,6
WY,M,2009,Tripp,6
WY,M,2009,Zane,6
WY,M,2009,Zayden,6
WY,M,2009,Aaron,5
WY,M,2009,Braden,5
WY,M,2009,Bradley,5
WY,M,2009,Brandon,5
WY,M,2009,Braydon,5
WY,M,2009,Brian,5
WY,M,2009,Brycen,5
WY,M,2009,Carlos,5
WY,M,2009,Colby,5
WY,M,2009,Colin,5
WY,M,2009,Dalton,5
WY,M,2009,Damien,5
WY,M,2009,Derek,5
WY,M,2009,Edward,5
WY,M,2009,Emmanuel,5
WY,M,2009,Grady,5
WY,M,2009,Israel,5
WY,M,2009,Jakob,5
WY,M,2009,Jayce,5
WY,M,2009,Kaiden,5
WY,M,2009,Kaleb,5
WY,M,2009,Keaton,5
WY,M,2009,Kolby,5
WY,M,2009,Lance,5
WY,M,2009,Luis,5
WY,M,2009,Miguel,5
WY,M,2009,Phoenix,5
WY,M,2009,River,5
WY,M,2009,Talon,5
WY,M,2009,Tate,5
WY,M,2009,Timothy,5
WY,M,2009,Xavier,5
WY,M,2010,James,36
WY,M,2010,Logan,35
WY,M,2010,Wyatt,35
WY,M,2010,Gabriel,29
WY,M,2010,Samuel,29
WY,M,2010,Ethan,25
WY,M,2010,Mason,25
WY,M,2010,Noah,25
WY,M,2010,Austin,24
WY,M,2010,Carter,24
WY,M,2010,Hunter,24
WY,M,2010,Jackson,24
WY,M,2010,Jayden,24
WY,M,2010,Joseph,23
WY,M,2010,William,23
WY,M,2010,Daniel,22
WY,M,2010,David,21
WY,M,2010,Jacob,21
WY,M,2010,Brayden,20
WY,M,2010,Gavin,20
WY,M,2010,Landon,20
WY,M,2010,Benjamin,19
WY,M,2010,Elijah,19
WY,M,2010,Evan,19
WY,M,2010,Alexander,18
WY,M,2010,Charles,18
WY,M,2010,Cooper,18
WY,M,2010,Hayden,18
WY,M,2010,Michael,18
WY,M,2010,Thomas,18
WY,M,2010,Aiden,17
WY,M,2010,Andrew,17
WY,M,2010,Connor,17
WY,M,2010,Liam,17
WY,M,2010,Parker,17
WY,M,2010,Caleb,16
WY,M,2010,Dylan,16
WY,M,2010,Easton,16
WY,M,2010,Isaac,16
WY,M,2010,Owen,16
WY,M,2010,Anthony,15
WY,M,2010,Ryan,15
WY,M,2010,Christopher,14
WY,M,2010,Colton,14
WY,M,2010,Eli,14
WY,M,2010,Garrett,14
WY,M,2010,Jordan,14
WY,M,2010,Lucas,14
WY,M,2010,Tyler,14
WY,M,2010,Blake,13
WY,M,2010,Carson,13
WY,M,2010,Luke,13
WY,M,2010,Robert,13
WY,M,2010,Bridger,12
WY,M,2010,Cameron,12
WY,M,2010,Dominic,12
WY,M,2010,Henry,12
WY,M,2010,John,12
WY,M,2010,Jonathan,12
WY,M,2010,Joshua,12
WY,M,2010,Kaden,12
WY,M,2010,Isaiah,11
WY,M,2010,Kaiden,11
WY,M,2010,Lane,11
WY,M,2010,Riley,11
WY,M,2010,Ryder,11
WY,M,2010,Tristan,11
WY,M,2010,Bryce,10
WY,M,2010,Chase,10
WY,M,2010,Ian,10
WY,M,2010,Jaxon,10
WY,M,2010,Ayden,9
WY,M,2010,Beau,9
WY,M,2010,Brody,9
WY,M,2010,Christian,9
WY,M,2010,Corbin,9
WY,M,2010,Jace,9
WY,M,2010,Kade,9
WY,M,2010,Nicholas,9
WY,M,2010,Tanner,9
WY,M,2010,Zachary,9
WY,M,2010,Brandon,8
WY,M,2010,Bryson,8
WY,M,2010,Cody,8
WY,M,2010,Colter,8
WY,M,2010,Dawson,8
WY,M,2010,Grant,8
WY,M,2010,Jason,8
WY,M,2010,Kaleb,8
WY,M,2010,Kayden,8
WY,M,2010,Matthew,8
WY,M,2010,Nathan,8
WY,M,2010,Nolan,8
WY,M,2010,Patrick,8
WY,M,2010,Richard,8
WY,M,2010,Ty,8
WY,M,2010,Weston,8
WY,M,2010,Xavier,8
WY,M,2010,Adam,7
WY,M,2010,Angel,7
WY,M,2010,Braden,7
WY,M,2010,Brady,7
WY,M,2010,Cesar,7
WY,M,2010,Damien,7
WY,M,2010,Justin,7
WY,M,2010,Kyle,7
WY,M,2010,Kyler,7
WY,M,2010,Marcus,7
WY,M,2010,Micah,7
WY,M,2010,Oliver,7
WY,M,2010,Porter,7
WY,M,2010,Talon,7
WY,M,2010,Asher,6
WY,M,2010,Ashton,6
WY,M,2010,Brian,6
WY,M,2010,Brock,6
WY,M,2010,Cade,6
WY,M,2010,Calvin,6
WY,M,2010,Deegan,6
WY,M,2010,Devin,6
WY,M,2010,Drake,6
WY,M,2010,Jasper,6
WY,M,2010,Joel,6
WY,M,2010,Jorge,6
WY,M,2010,Jose,6
WY,M,2010,Jude,6
WY,M,2010,Kenneth,6
WY,M,2010,Kevin,6
WY,M,2010,Levi,6
WY,M,2010,Luis,6
WY,M,2010,Malachi,6
WY,M,2010,Mark,6
WY,M,2010,Peyton,6
WY,M,2010,Ryker,6
WY,M,2010,Seth,6
WY,M,2010,Skyler,6
WY,M,2010,Tucker,6
WY,M,2010,Aaron,5
WY,M,2010,Bentley,5
WY,M,2010,Caden,5
WY,M,2010,Cole,5
WY,M,2010,Damian,5
WY,M,2010,Desmond,5
WY,M,2010,Edward,5
WY,M,2010,Ezekiel,5
WY,M,2010,George,5
WY,M,2010,Grayson,5
WY,M,2010,Greyson,5
WY,M,2010,Hudson,5
WY,M,2010,Jack,5
WY,M,2010,Jax,5
WY,M,2010,Jaxson,5
WY,M,2010,Jeffrey,5
WY,M,2010,Jeremiah,5
WY,M,2010,Jesse,5
WY,M,2010,Jonah,5
WY,M,2010,Josiah,5
WY,M,2010,Juan,5
WY,M,2010,Julian,5
WY,M,2010,Julius,5
WY,M,2010,Keegan,5
WY,M,2010,Landen,5
WY,M,2010,Lukas,5
WY,M,2010,Morgan,5
WY,M,2010,Payton,5
WY,M,2010,Quentin,5
WY,M,2010,Sawyer,5
WY,M,2010,Sean,5
WY,M,2010,Sebastian,5
WY,M,2010,Teegan,5
WY,M,2010,Travis,5
WY,M,2010,Trenton,5
WY,M,2010,Trevor,5
WY,M,2010,Troy,5
WY,M,2010,Tyson,5
WY,M,2011,William,32
WY,M,2011,Jacob,30
WY,M,2011,Parker,28
WY,M,2011,Jackson,27
WY,M,2011,Liam,27
WY,M,2011,Mason,26
WY,M,2011,Gabriel,25
WY,M,2011,James,23
WY,M,2011,Logan,23
WY,M,2011,Noah,23
WY,M,2011,Joshua,22
WY,M,2011,Wyatt,22
WY,M,2011,Hunter,21
WY,M,2011,John,21
WY,M,2011,Lucas,21
WY,M,2011,Michael,21
WY,M,2011,Aiden,20
WY,M,2011,Carter,20
WY,M,2011,Austin,19
WY,M,2011,Brayden,19
WY,M,2011,Christopher,19
WY,M,2011,David,19
WY,M,2011,Blake,18
WY,M,2011,Eli,18
WY,M,2011,Elijah,18
WY,M,2011,Ryan,18
WY,M,2011,Alexander,17
WY,M,2011,Benjamin,17
WY,M,2011,Connor,17
WY,M,2011,Levi,17
WY,M,2011,Braxton,16
WY,M,2011,Cooper,16
WY,M,2011,Nathan,16
WY,M,2011,Tyler,16
WY,M,2011,Brody,15
WY,M,2011,Caleb,15
WY,M,2011,Cameron,15
WY,M,2011,Carson,15
WY,M,2011,Chase,15
WY,M,2011,Isaac,15
WY,M,2011,Jack,15
WY,M,2011,Landon,15
WY,M,2011,Owen,15
WY,M,2011,Samuel,15
WY,M,2011,Tucker,15
WY,M,2011,Anthony,14
WY,M,2011,Bentley,14
WY,M,2011,Colton,14
WY,M,2011,Jaxon,14
WY,M,2011,Joseph,14
WY,M,2011,Thomas,14
WY,M,2011,Xavier,14
WY,M,2011,Andrew,13
WY,M,2011,Dominic,13
WY,M,2011,Gavin,13
WY,M,2011,Hayden,13
WY,M,2011,Kaleb,13
WY,M,2011,Daniel,12
WY,M,2011,Jonathan,12
WY,M,2011,Lane,12
WY,M,2011,Luke,12
WY,M,2011,Matthew,12
WY,M,2011,Riley,12
WY,M,2011,Tristan,12
WY,M,2011,Aaron,11
WY,M,2011,Ayden,11
WY,M,2011,Ethan,11
WY,M,2011,Justin,11
WY,M,2011,Rylan,11
WY,M,2011,Ty,11
WY,M,2011,Corbin,10
WY,M,2011,Easton,10
WY,M,2011,Hudson,10
WY,M,2011,Jayden,10
WY,M,2011,Jose,10
WY,M,2011,Julian,10
WY,M,2011,Max,10
WY,M,2011,Nolan,10
WY,M,2011,Vincent,10
WY,M,2011,Alex,9
WY,M,2011,Camden,9
WY,M,2011,Clayton,9
WY,M,2011,Dylan,9
WY,M,2011,Evan,9
WY,M,2011,Garrett,9
WY,M,2011,Ian,9
WY,M,2011,Kyler,9
WY,M,2011,Nicholas,9
WY,M,2011,Ryker,9
WY,M,2011,Asher,8
WY,M,2011,Dawson,8
WY,M,2011,Jace,8
WY,M,2011,Jesse,8
WY,M,2011,Micah,8
WY,M,2011,Oliver,8
WY,M,2011,Paxton,8
WY,M,2011,Robert,8
WY,M,2011,Silas,8
WY,M,2011,Theodore,8
WY,M,2011,Xander,8
WY,M,2011,Zachary,8
WY,M,2011,Angel,7
WY,M,2011,Ashton,7
WY,M,2011,Brandon,7
WY,M,2011,Brecken,7
WY,M,2011,Brenden,7
WY,M,2011,Christian,7
WY,M,2011,Cody,7
WY,M,2011,Gage,7
WY,M,2011,Grayson,7
WY,M,2011,Jason,7
WY,M,2011,Jeremiah,7
WY,M,2011,Jordan,7
WY,M,2011,Kevin,7
WY,M,2011,Lincoln,7
WY,M,2011,Maximus,7
WY,M,2011,Miles,7
WY,M,2011,Nicolas,7
WY,M,2011,Ryder,7
WY,M,2011,Tanner,7
WY,M,2011,Trenton,7
WY,M,2011,Weston,7
WY,M,2011,Adam,6
WY,M,2011,Antonio,6
WY,M,2011,Charles,6
WY,M,2011,Colin,6
WY,M,2011,Declan,6
WY,M,2011,Isaiah,6
WY,M,2011,Jesus,6
WY,M,2011,Kade,6
WY,M,2011,Karter,6
WY,M,2011,Landen,6
WY,M,2011,Landyn,6
WY,M,2011,Luis,6
WY,M,2011,Marshall,6
WY,M,2011,Preston,6
WY,M,2011,Timothy,6
WY,M,2011,Wesley,6
WY,M,2011,Zander,6
WY,M,2011,Alan,5
WY,M,2011,Bridger,5
WY,M,2011,Carlos,5
WY,M,2011,Cayden,5
WY,M,2011,Chance,5
WY,M,2011,Colby,5
WY,M,2011,Colter,5
WY,M,2011,Cristian,5
WY,M,2011,Elias,5
WY,M,2011,Finn,5
WY,M,2011,Henry,5
WY,M,2011,Holden,5
WY,M,2011,Ivan,5
WY,M,2011,Jameson,5
WY,M,2011,Jax,5
WY,M,2011,Jett,5
WY,M,2011,Josiah,5
WY,M,2011,Kaden,5
WY,M,2011,Karson,5
WY,M,2011,Kason,5
WY,M,2011,Keegan,5
WY,M,2011,Kenneth,5
WY,M,2011,Nathaniel,5
WY,M,2011,Peyton,5
WY,M,2011,Talon,5
WY,M,2011,Tyson,5
WY,M,2011,Zayden,5
WY,M,2012,Liam,41
WY,M,2012,Mason,37
WY,M,2012,Logan,34
WY,M,2012,William,34
WY,M,2012,Wyatt,29
WY,M,2012,Hunter,28
WY,M,2012,Jacob,28
WY,M,2012,Levi,28
WY,M,2012,Owen,28
WY,M,2012,Carter,27
WY,M,2012,Ethan,26
WY,M,2012,Isaac,25
WY,M,2012,Jaxon,25
WY,M,2012,Noah,25
WY,M,2012,Jace,23
WY,M,2012,Braxton,22
WY,M,2012,Connor,22
WY,M,2012,Landon,22
WY,M,2012,Gavin,21
WY,M,2012,Michael,21
WY,M,2012,Aiden,20
WY,M,2012,Benjamin,20
WY,M,2012,Andrew,19
WY,M,2012,Jackson,19
WY,M,2012,Joshua,19
WY,M,2012,Cooper,18
WY,M,2012,Caleb,17
WY,M,2012,Eli,17
WY,M,2012,Jack,17
WY,M,2012,Samuel,17
WY,M,2012,Brayden,16
WY,M,2012,John,16
WY,M,2012,Ryan,16
WY,M,2012,Alexander,15
WY,M,2012,Chase,15
WY,M,2012,Elijah,15
WY,M,2012,Henry,15
WY,M,2012,Lucas,15
WY,M,2012,Matthew,15
WY,M,2012,Ayden,14
WY,M,2012,Charles,14
WY,M,2012,Gabriel,14
WY,M,2012,Jonathan,14
WY,M,2012,Luke,14
WY,M,2012,Parker,14
WY,M,2012,Tanner,14
WY,M,2012,Tyler,14
WY,M,2012,Bridger,13
WY,M,2012,Brody,13
WY,M,2012,Carson,13
WY,M,2012,David,13
WY,M,2012,Dylan,13
WY,M,2012,Easton,13
WY,M,2012,Evan,13
WY,M,2012,James,13
WY,M,2012,Bentley,12
WY,M,2012,Daniel,12
WY,M,2012,Joseph,12
WY,M,2012,Oliver,12
WY,M,2012,Austin,11
WY,M,2012,Christian,11
WY,M,2012,Christopher,11
WY,M,2012,Ezekiel,11
WY,M,2012,Jordan,11
WY,M,2012,Kaden,11
WY,M,2012,Kaleb,11
WY,M,2012,Robert,11
WY,M,2012,Trenton,11
WY,M,2012,Vincent,11
WY,M,2012,Weston,11
WY,M,2012,Aaron,10
WY,M,2012,Colton,10
WY,M,2012,Garrett,10
WY,M,2012,Isaiah,10
WY,M,2012,Lincoln,10
WY,M,2012,Preston,10
WY,M,2012,Sawyer,10
WY,M,2012,Silas,10
WY,M,2012,Tyson,10
WY,M,2012,Zane,10
WY,M,2012,Anthony,9
WY,M,2012,Blake,9
WY,M,2012,Cody,9
WY,M,2012,Jason,9
WY,M,2012,Jayden,9
WY,M,2012,Jesse,9
WY,M,2012,Ryder,9
WY,M,2012,Travis,9
WY,M,2012,Declan,8
WY,M,2012,Eric,8
WY,M,2012,Ezra,8
WY,M,2012,Gage,8
WY,M,2012,Greyson,8
WY,M,2012,Hudson,8
WY,M,2012,Ian,8
WY,M,2012,Jeremiah,8
WY,M,2012,Kayden,8
WY,M,2012,Lane,8
WY,M,2012,Nathan,8
WY,M,2012,Paxton,8
WY,M,2012,Riley,8
WY,M,2012,Sebastian,8
WY,M,2012,Thomas,8
WY,M,2012,Tristan,8
WY,M,2012,Tucker,8
WY,M,2012,Abel,7
WY,M,2012,Asher,7
WY,M,2012,Ashton,7
WY,M,2012,Bryce,7
WY,M,2012,Caden,7
WY,M,2012,Cameron,7
WY,M,2012,Derek,7
WY,M,2012,Dominic,7
WY,M,2012,Gunner,7
WY,M,2012,Jude,7
WY,M,2012,Justin,7
WY,M,2012,Kenneth,7
WY,M,2012,Marcus,7
WY,M,2012,Micah,7
WY,M,2012,Nathaniel,7
WY,M,2012,Ryker,7
WY,M,2012,Rylan,7
WY,M,2012,Shawn,7
WY,M,2012,Xander,7
WY,M,2012,Zachary,7
WY,M,2012,Adrian,6
WY,M,2012,August,6
WY,M,2012,Beckett,6
WY,M,2012,Brady,6
WY,M,2012,Bryson,6
WY,M,2012,Carlos,6
WY,M,2012,Dalton,6
WY,M,2012,Damien,6
WY,M,2012,Grady,6
WY,M,2012,Harrison,6
WY,M,2012,Hayden,6
WY,M,2012,Jonah,6
WY,M,2012,Julian,6
WY,M,2012,Kyler,6
WY,M,2012,Myles,6
WY,M,2012,Nicholas,6
WY,M,2012,Nolan,6
WY,M,2012,Skyler,6
WY,M,2012,Trevor,6
WY,M,2012,Xavier,6
WY,M,2012,Calvin,5
WY,M,2012,Clayton,5
WY,M,2012,Cole,5
WY,M,2012,Corbin,5
WY,M,2012,Cruz,5
WY,M,2012,Elias,5
WY,M,2012,Emilio,5
WY,M,2012,Grayson,5
WY,M,2012,Jasper,5
WY,M,2012,Javier,5
WY,M,2012,Jaxson,5
WY,M,2012,Josiah,5
WY,M,2012,Kaiden,5
WY,M,2012,Kellen,5
WY,M,2012,Lukas,5
WY,M,2012,Steven,5
WY,M,2012,Theodore,5
WY,M,2012,Zayne,5
WY,M,2013,Liam,33
WY,M,2013,Wyatt,33
WY,M,2013,Carter,31
WY,M,2013,Hunter,30
WY,M,2013,Mason,29
WY,M,2013,Noah,29
WY,M,2013,Jace,26
WY,M,2013,William,26
WY,M,2013,Elijah,25
WY,M,2013,Brody,23
WY,M,2013,Logan,23
WY,M,2013,Owen,23
WY,M,2013,Ryker,23
WY,M,2013,Aiden,22
WY,M,2013,Landon,22
WY,M,2013,Michael,22
WY,M,2013,Ethan,21
WY,M,2013,James,21
WY,M,2013,Lucas,21
WY,M,2013,Daniel,20
WY,M,2013,Jacob,20
WY,M,2013,Jackson,19
WY,M,2013,Benjamin,18
WY,M,2013,Brayden,18
WY,M,2013,Gabriel,18
WY,M,2013,Isaac,18
WY,M,2013,Caleb,17
WY,M,2013,David,17
WY,M,2013,Henry,17
WY,M,2013,Jack,17
WY,M,2013,Jaxon,17
WY,M,2013,Luke,17
WY,M,2013,Cooper,16
WY,M,2013,Hudson,16
WY,M,2013,John,16
WY,M,2013,Joshua,16
WY,M,2013,Tucker,16
WY,M,2013,Alexander,15
WY,M,2013,Colton,15
WY,M,2013,Connor,15
WY,M,2013,Easton,15
WY,M,2013,Joseph,15
WY,M,2013,Levi,15
WY,M,2013,Samuel,15
WY,M,2013,Andrew,14
WY,M,2013,Bentley,14
WY,M,2013,Eli,14
WY,M,2013,Gage,14
WY,M,2013,Grayson,14
WY,M,2013,Matthew,14
WY,M,2013,Nathan,14
WY,M,2013,Sawyer,14
WY,M,2013,Thomas,14
WY,M,2013,Weston,14
WY,M,2013,Carson,13
WY,M,2013,Chance,13
WY,M,2013,Charles,13
WY,M,2013,Christopher,13
WY,M,2013,Gavin,13
WY,M,2013,Jax,13
WY,M,2013,Parker,13
WY,M,2013,Ryder,13
WY,M,2013,Chase,12
WY,M,2013,Jayden,12
WY,M,2013,Julian,12
WY,M,2013,Paxton,12
WY,M,2013,Tyler,12
WY,M,2013,Adrian,11
WY,M,2013,Jonathan,11
WY,M,2013,Lincoln,11
WY,M,2013,Oliver,11
WY,M,2013,Asher,10
WY,M,2013,Ayden,10
WY,M,2013,Blake,10
WY,M,2013,Elias,10
WY,M,2013,Robert,10
WY,M,2013,Braxton,9
WY,M,2013,Bridger,9
WY,M,2013,Dominic,9
WY,M,2013,Jordan,9
WY,M,2013,Josiah,9
WY,M,2013,Kayden,9
WY,M,2013,Micah,9
WY,M,2013,Nicholas,9
WY,M,2013,Tristan,9
WY,M,2013,Zachary,9
WY,M,2013,Bryce,8
WY,M,2013,Bryson,8
WY,M,2013,Camden,8
WY,M,2013,Colter,8
WY,M,2013,Drake,8
WY,M,2013,Dylan,8
WY,M,2013,Ezra,8
WY,M,2013,Hayden,8
WY,M,2013,Jaden,8
WY,M,2013,Jase,8
WY,M,2013,Jeremiah,8
WY,M,2013,Luis,8
WY,M,2013,Sebastian,8
WY,M,2013,Seth,8
WY,M,2013,Tanner,8
WY,M,2013,Timothy,8
WY,M,2013,Vincent,8
WY,M,2013,Anthony,7
WY,M,2013,Barrett,7
WY,M,2013,Beau,7
WY,M,2013,Cameron,7
WY,M,2013,Corbin,7
WY,M,2013,Evan,7
WY,M,2013,Gunner,7
WY,M,2013,Ian,7
WY,M,2013,Jared,7
WY,M,2013,Jasper,7
WY,M,2013,Kaiden,7
WY,M,2013,Karson,7
WY,M,2013,Leo,7
WY,M,2013,Nathaniel,7
WY,M,2013,Richard,7
WY,M,2013,Riley,7
WY,M,2013,Ryan,7
WY,M,2013,Silas,7
WY,M,2013,Abel,6
WY,M,2013,Austin,6
WY,M,2013,Brandon,6
WY,M,2013,Brantley,6
WY,M,2013,Calvin,6
WY,M,2013,Cody,6
WY,M,2013,Ezekiel,6
WY,M,2013,Finn,6
WY,M,2013,Grady,6
WY,M,2013,Grant,6
WY,M,2013,Isaiah,6
WY,M,2013,Jaxson,6
WY,M,2013,Jett,6
WY,M,2013,Johnathan,6
WY,M,2013,Jose,6
WY,M,2013,Justin,6
WY,M,2013,Kade,6
WY,M,2013,Keegan,6
WY,M,2013,Kyler,6
WY,M,2013,Lukas,6
WY,M,2013,Miles,6
WY,M,2013,Nolan,6
WY,M,2013,Preston,6
WY,M,2013,Reed,6
WY,M,2013,Santiago,6
WY,M,2013,Titus,6
WY,M,2013,Wesley,6
WY,M,2013,Zane,6
WY,M,2013,Aaron,5
WY,M,2013,Brian,5
WY,M,2013,Brodie,5
WY,M,2013,Christian,5
WY,M,2013,Colby,5
WY,M,2013,Cruz,5
WY,M,2013,Cyrus,5
WY,M,2013,Dakota,5
WY,M,2013,Dalton,5
WY,M,2013,Damian,5
WY,M,2013,Declan,5
WY,M,2013,Dexter,5
WY,M,2013,Dominick,5
WY,M,2013,Emmett,5
WY,M,2013,Jesse,5
WY,M,2013,Jonah,5
WY,M,2013,Jude,5
WY,M,2013,Kaden,5
WY,M,2013,Kaleb,5
WY,M,2013,Kasen,5
WY,M,2013,Kellan,5
WY,M,2013,Marcus,5
WY,M,2013,Mark,5
WY,M,2013,Max,5
WY,M,2013,Maximus,5
WY,M,2013,Paul,5
WY,M,2013,Peter,5
WY,M,2013,Porter,5
WY,M,2013,Tyson,5
WY,M,2013,Waylon,5
WY,M,2014,Jackson,34
WY,M,2014,Mason,31
WY,M,2014,Liam,30
WY,M,2014,William,30
WY,M,2014,Wyatt,30
WY,M,2014,Logan,27
WY,M,2014,James,26
WY,M,2014,Benjamin,25
WY,M,2014,Gabriel,24
WY,M,2014,Hunter,23
WY,M,2014,Owen,23
WY,M,2014,Ryker,23
WY,M,2014,Samuel,23
WY,M,2014,Aiden,22
WY,M,2014,David,22
WY,M,2014,Henry,22
WY,M,2014,Andrew,21
WY,M,2014,Alexander,20
WY,M,2014,Braxton,20
WY,M,2014,Cooper,19
WY,M,2014,Isaac,19
WY,M,2014,Jace,19
WY,M,2014,Landon,19
WY,M,2014,Lincoln,19
WY,M,2014,Noah,19
WY,M,2014,Bentley,18
WY,M,2014,Ethan,18
WY,M,2014,Elijah,17
WY,M,2014,Jaxon,17
WY,M,2014,Jeremiah,17
WY,M,2014,Joseph,17
WY,M,2014,Joshua,17
WY,M,2014,Luke,17
WY,M,2014,Michael,17
WY,M,2014,Robert,17
WY,M,2014,Ryder,17
WY,M,2014,Anthony,16
WY,M,2014,Carson,16
WY,M,2014,Easton,16
WY,M,2014,Eli,16
WY,M,2014,Jack,16
WY,M,2014,Asher,15
WY,M,2014,Brayden,15
WY,M,2014,Grayson,15
WY,M,2014,Lucas,15
WY,M,2014,Weston,15
WY,M,2014,Oliver,14
WY,M,2014,Carter,13
WY,M,2014,Daniel,13
WY,M,2014,Jacob,13
WY,M,2014,Levi,13
WY,M,2014,Matthew,13
WY,M,2014,Parker,13
WY,M,2014,Blake,12
WY,M,2014,Caleb,12
WY,M,2014,Colton,12
WY,M,2014,Connor,12
WY,M,2014,Gavin,12
WY,M,2014,Kyler,12
WY,M,2014,Nicholas,12
WY,M,2014,Riley,12
WY,M,2014,Xavier,12
WY,M,2014,Bridger,11
WY,M,2014,Christopher,11
WY,M,2014,Corbin,11
WY,M,2014,Greyson,11
WY,M,2014,Isaiah,11
WY,M,2014,Charles,10
WY,M,2014,Hudson,10
WY,M,2014,Jaxson,10
WY,M,2014,Jayden,10
WY,M,2014,Jonathan,10
WY,M,2014,Kayden,10
WY,M,2014,Micah,10
WY,M,2014,Sawyer,10
WY,M,2014,Tucker,10
WY,M,2014,Wesley,10
WY,M,2014,Xander,10
WY,M,2014,Abel,9
WY,M,2014,Adam,9
WY,M,2014,Archer,9
WY,M,2014,Bradley,9
WY,M,2014,Dominic,9
WY,M,2014,Dylan,9
WY,M,2014,Emmett,9
WY,M,2014,Lane,9
WY,M,2014,Roman,9
WY,M,2014,Rylan,9
WY,M,2014,Zachary,9
WY,M,2014,Austin,8
WY,M,2014,Brantley,8
WY,M,2014,Conner,8
WY,M,2014,Damien,8
WY,M,2014,Declan,8
WY,M,2014,Garrett,8
WY,M,2014,Jax,8
WY,M,2014,Jesse,8
WY,M,2014,Jordan,8
WY,M,2014,Josiah,8
WY,M,2014,Kaden,8
WY,M,2014,Silas,8
WY,M,2014,Tanner,8
WY,M,2014,Theodore,8
WY,M,2014,Aaron,7
WY,M,2014,Cole,7
WY,M,2014,Daxton,7
WY,M,2014,Dean,7
WY,M,2014,Evan,7
WY,M,2014,Ian,7
WY,M,2014,Jason,7
WY,M,2014,John,7
WY,M,2014,Jude,7
WY,M,2014,Julian,7
WY,M,2014,Kade,7
WY,M,2014,Keaton,7
WY,M,2014,Leo,7
WY,M,2014,Max,7
WY,M,2014,Miles,7
WY,M,2014,Nathan,7
WY,M,2014,Porter,7
WY,M,2014,Preston,7
WY,M,2014,Sebastian,7
WY,M,2014,Timothy,7
WY,M,2014,Tristan,7
WY,M,2014,Zander,7
WY,M,2014,Alejandro,6
WY,M,2014,Atticus,6
WY,M,2014,Avery,6
WY,M,2014,Ayden,6
WY,M,2014,Bennett,6
WY,M,2014,Caden,6
WY,M,2014,Camden,6
WY,M,2014,Cayden,6
WY,M,2014,Christian,6
WY,M,2014,Everett,6
WY,M,2014,Finn,6
WY,M,2014,Graham,6
WY,M,2014,Griffin,6
WY,M,2014,Gunner,6
WY,M,2014,Jameson,6
WY,M,2014,Jase,6
WY,M,2014,Korbyn,6
WY,M,2014,Maxwell,6
WY,M,2014,Oakley,6
WY,M,2014,Remington,6
WY,M,2014,Richard,6
WY,M,2014,Ryan,6
WY,M,2014,Simon,6
WY,M,2014,Trenton,6
WY,M,2014,Adrian,5
WY,M,2014,Beau,5
WY,M,2014,Brandon,5
WY,M,2014,Brody,5
WY,M,2014,Brooks,5
WY,M,2014,Calvin,5
WY,M,2014,Cameron,5
WY,M,2014,Dalton,5
WY,M,2014,Dawson,5
WY,M,2014,Edward,5
WY,M,2014,Elias,5
WY,M,2014,Gage,5
WY,M,2014,Hayden,5
WY,M,2014,Jasper,5
WY,M,2014,Jose,5
WY,M,2014,Kaiden,5
WY,M,2014,Kaleb,5
WY,M,2014,Kasen,5
WY,M,2014,Kyson,5
WY,M,2014,Lukas,5
WY,M,2014,Myles,5
WY,M,2014,Nathaniel,5
WY,M,2014,Nolan,5
WY,M,2014,Odin,5
WY,M,2014,Paxton,5
WY,M,2014,Raymond,5
WY,M,2014,Rowan,5
WY,M,2014,Seth,5
WY,M,2014,Spencer,5
WY,M,2014,Stetson,5
WY,M,2014,Tyce,5
WY,M,2014,Victor,5
WY,M,2014,Waylon,5
WY,M,2015,Liam,38
WY,M,2015,Mason,37
WY,M,2015,Benjamin,30
WY,M,2015,Wyatt,29
WY,M,2015,Luke,28
WY,M,2015,Logan,26
WY,M,2015,Noah,26
WY,M,2015,Jaxon,23
WY,M,2015,Ryker,23
WY,M,2015,Carter,22
WY,M,2015,Isaac,22
WY,M,2015,Samuel,22
WY,M,2015,Jace,21
WY,M,2015,Oliver,21
WY,M,2015,Alexander,20
WY,M,2015,Henry,20
WY,M,2015,Hunter,20
WY,M,2015,Cooper,19
WY,M,2015,William,19
WY,M,2015,Charles,18
WY,M,2015,Elijah,18
WY,M,2015,Hudson,18
WY,M,2015,Jackson,18
WY,M,2015,Jacob,18
WY,M,2015,James,18
WY,M,2015,Landon,18
WY,M,2015,Levi,18
WY,M,2015,Owen,18
WY,M,2015,Aiden,17
WY,M,2015,Asher,17
WY,M,2015,Camden,17
WY,M,2015,Gavin,17
WY,M,2015,Jaxson,17
WY,M,2015,Lincoln,17
WY,M,2015,Lucas,17
WY,M,2015,Parker,17
WY,M,2015,Sawyer,17
WY,M,2015,Anthony,16
WY,M,2015,Beau,16
WY,M,2015,Brody,16
WY,M,2015,Ethan,16
WY,M,2015,Caleb,15
WY,M,2015,Easton,15
WY,M,2015,Joseph,15
WY,M,2015,Matthew,15
WY,M,2015,Blake,14
WY,M,2015,Michael,14
WY,M,2015,Nathan,14
WY,M,2015,Paxton,14
WY,M,2015,Abel,13
WY,M,2015,Brantley,13
WY,M,2015,Christopher,13
WY,M,2015,Jayden,13
WY,M,2015,Andrew,12
WY,M,2015,Brayden,12
WY,M,2015,Chase,12
WY,M,2015,Christian,12
WY,M,2015,Connor,12
WY,M,2015,Daniel,12
WY,M,2015,Dawson,12
WY,M,2015,Eli,12
WY,M,2015,Grayson,12
WY,M,2015,Jack,12
WY,M,2015,Joshua,12
WY,M,2015,Xavier,12
WY,M,2015,Bentley,11
WY,M,2015,Maddox,11
WY,M,2015,Ryder,11
WY,M,2015,Tucker,11
WY,M,2015,Weston,11
WY,M,2015,Colton,10
WY,M,2015,Elias,10
WY,M,2015,Emmett,10
WY,M,2015,Evan,10
WY,M,2015,Ezra,10
WY,M,2015,Gabriel,10
WY,M,2015,Grady,10
WY,M,2015,John,10
WY,M,2015,Silas,10
WY,M,2015,Thomas,10
WY,M,2015,Aaron,9
WY,M,2015,Bradley,9
WY,M,2015,Braxton,9
WY,M,2015,Corbin,9
WY,M,2015,Declan,9
WY,M,2015,Dylan,9
WY,M,2015,Isaiah,9
WY,M,2015,Josiah,9
WY,M,2015,Julian,9
WY,M,2015,Kyle,9
WY,M,2015,Nolan,9
WY,M,2015,Robert,9
WY,M,2015,Roman,9
WY,M,2015,Timothy,9
WY,M,2015,Wesley,9
WY,M,2015,Barrett,8
WY,M,2015,Bridger,8
WY,M,2015,David,8
WY,M,2015,Everett,8
WY,M,2015,Gunnar,8
WY,M,2015,Ian,8
WY,M,2015,Jason,8
WY,M,2015,Jeremiah,8
WY,M,2015,Jonathan,8
WY,M,2015,Kaleb,8
WY,M,2015,Kevin,8
WY,M,2015,Rhett,8
WY,M,2015,Riley,8
WY,M,2015,Archer,7
WY,M,2015,Axel,7
WY,M,2015,Beckett,7
WY,M,2015,Calvin,7
WY,M,2015,Carson,7
WY,M,2015,Graham,7
WY,M,2015,Greyson,7
WY,M,2015,Hayden,7
WY,M,2015,Jameson,7
WY,M,2015,Jaxton,7
WY,M,2015,Jesse,7
WY,M,2015,Jonah,7
WY,M,2015,Juan,7
WY,M,2015,Jude,7
WY,M,2015,Kayden,7
WY,M,2015,Kyler,7
WY,M,2015,Lukas,7
WY,M,2015,Odin,7
WY,M,2015,Shane,7
WY,M,2015,Theodore,7
WY,M,2015,Adam,6
WY,M,2015,Bryce,6
WY,M,2015,Clayton,6
WY,M,2015,Collin,6
WY,M,2015,Conner,6
WY,M,2015,Daxton,6
WY,M,2015,Dominic,6
WY,M,2015,Ezekiel,6
WY,M,2015,Gage,6
WY,M,2015,George,6
WY,M,2015,Jax,6
WY,M,2015,Jayce,6
WY,M,2015,Jose,6
WY,M,2015,Justin,6
WY,M,2015,Kaden,6
WY,M,2015,Kai,6
WY,M,2015,Knox,6
WY,M,2015,Lane,6
WY,M,2015,Leo,6
WY,M,2015,Max,6
WY,M,2015,Nixon,6
WY,M,2015,Sebastian,6
WY,M,2015,Seth,6
WY,M,2015,Spencer,6
WY,M,2015,Tristan,6
WY,M,2015,Tyler,6
WY,M,2015,Vincent,6
WY,M,2015,Waylon,6
WY,M,2015,Zander,6
WY,M,2015,Zane,6
WY,M,2015,Zayden,6
WY,M,2015,Adrian,5
WY,M,2015,Angel,5
WY,M,2015,Augustus,5
WY,M,2015,Austin,5
WY,M,2015,Bennett,5
WY,M,2015,Blaze,5
WY,M,2015,Brooks,5
WY,M,2015,Brycen,5
WY,M,2015,Cash,5
WY,M,2015,Dillon,5
WY,M,2015,Finley,5
WY,M,2015,Finn,5
WY,M,2015,Garrett,5
WY,M,2015,Jasper,5
WY,M,2015,Jordan,5
WY,M,2015,Landen,5
WY,M,2015,Manuel,5
WY,M,2015,Miles,5
WY,M,2015,Nathaniel,5
WY,M,2015,Nicholas,5
WY,M,2015,Orion,5
WY,M,2015,Peyton,5
WY,M,2015,Ronan,5
WY,M,2015,Russell,5
WY,M,2015,Sterling,5
WY,M,2015,Steven,5
WY,M,2015,Trace,5
WY,M,2015,Tyson,5
WY,M,2016,Wyatt,46
WY,M,2016,Liam,38
WY,M,2016,William,34
WY,M,2016,Lincoln,31
WY,M,2016,Gabriel,24
WY,M,2016,Henry,24
WY,M,2016,Isaac,24
WY,M,2016,Jackson,23
WY,M,2016,Lucas,23
WY,M,2016,Daniel,22
WY,M,2016,Easton,21
WY,M,2016,Hunter,21
WY,M,2016,James,21
WY,M,2016,Mason,21
WY,M,2016,Owen,21
WY,M,2016,Bridger,20
WY,M,2016,Cooper,20
WY,M,2016,Carter,19
WY,M,2016,Jack,19
WY,M,2016,Oliver,19
WY,M,2016,Samuel,19
WY,M,2016,Alexander,18
WY,M,2016,Bentley,18
WY,M,2016,Elijah,18
WY,M,2016,Grayson,18
WY,M,2016,John,18
WY,M,2016,Landon,18
WY,M,2016,Logan,18
WY,M,2016,Luke,18
WY,M,2016,Ryker,18
WY,M,2016,Asher,17
WY,M,2016,David,17
WY,M,2016,Weston,17
WY,M,2016,Benjamin,16
WY,M,2016,Ethan,16
WY,M,2016,Michael,16
WY,M,2016,Corbin,15
WY,M,2016,Ezekiel,15
WY,M,2016,Aiden,14
WY,M,2016,Elias,14
WY,M,2016,Hudson,14
WY,M,2016,Jaxon,14
WY,M,2016,Joseph,14
WY,M,2016,Noah,14
WY,M,2016,Nolan,14
WY,M,2016,Parker,14
WY,M,2016,Braxton,13
WY,M,2016,Declan,13
WY,M,2016,Sawyer,13
WY,M,2016,Thomas,13
WY,M,2016,Carson,12
WY,M,2016,Christopher,12
WY,M,2016,Finn,12
WY,M,2016,Levi,12
WY,M,2016,Cameron,11
WY,M,2016,Dylan,11
WY,M,2016,Holden,11
WY,M,2016,Jace,11
WY,M,2016,Ryan,11
WY,M,2016,Ryder,11
WY,M,2016,Charles,10
WY,M,2016,Christian,10
WY,M,2016,Connor,10
WY,M,2016,Everett,10
WY,M,2016,Hayden,10
WY,M,2016,Jacob,10
WY,M,2016,Jasper,10
WY,M,2016,Roman,10
WY,M,2016,Sebastian,10
WY,M,2016,Anthony,9
WY,M,2016,Brayden,9
WY,M,2016,Eli,9
WY,M,2016,Matthew,9
WY,M,2016,Maverick,9
WY,M,2016,Silas,9
WY,M,2016,Tucker,9
WY,M,2016,Aaron,8
WY,M,2016,Adam,8
WY,M,2016,Andrew,8
WY,M,2016,Ayden,8
WY,M,2016,Beau,8
WY,M,2016,Brantley,8
WY,M,2016,Caleb,8
WY,M,2016,Dominic,8
WY,M,2016,George,8
WY,M,2016,Nicholas,8
WY,M,2016,Paxton,8
WY,M,2016,Rowan,8
WY,M,2016,Tanner,8
WY,M,2016,Xander,8
WY,M,2016,Austin,7
WY,M,2016,Axel,7
WY,M,2016,Blake,7
WY,M,2016,Bryson,7
WY,M,2016,Daxton,7
WY,M,2016,Emmett,7
WY,M,2016,Gavin,7
WY,M,2016,Harrison,7
WY,M,2016,Rhett,7
WY,M,2016,Robert,7
WY,M,2016,Theodore,7
WY,M,2016,Walter,7
WY,M,2016,Zane,7
WY,M,2016,Zayden,7
WY,M,2016,Abel,6
WY,M,2016,Archer,6
WY,M,2016,Barrett,6
WY,M,2016,Brody,6
WY,M,2016,Cade,6
WY,M,2016,Chase,6
WY,M,2016,Dax,6
WY,M,2016,Eric,6
WY,M,2016,Evan,6
WY,M,2016,Ezra,6
WY,M,2016,Gideon,6
WY,M,2016,Graham,6
WY,M,2016,Jayden,6
WY,M,2016,Jensen,6
WY,M,2016,Jonathan,6
WY,M,2016,Jose,6
WY,M,2016,Julian,6
WY,M,2016,Kaden,6
WY,M,2016,Kai,6
WY,M,2016,Kaiden,6
WY,M,2016,Kenneth,6
WY,M,2016,Maddox,6
WY,M,2016,Mark,6
WY,M,2016,Max,6
WY,M,2016,Maxwell,6
WY,M,2016,Nash,6
WY,M,2016,Oscar,6
WY,M,2016,Preston,6
WY,M,2016,Quinn,6
WY,M,2016,Ridge,6
WY,M,2016,Spencer,6
WY,M,2016,Wesley,6
WY,M,2016,Xavier,6
WY,M,2016,Adrian,5
WY,M,2016,Case,5
WY,M,2016,Clayton,5
WY,M,2016,Colter,5
WY,M,2016,Damian,5
WY,M,2016,Donovan,5
WY,M,2016,Emerson,5
WY,M,2016,Grant,5
WY,M,2016,Jesus,5
WY,M,2016,Josiah,5
WY,M,2016,Killian,5
WY,M,2016,Malachi,5
WY,M,2016,Matthias,5
WY,M,2016,Remington,5
WY,M,2016,Santiago,5
WY,M,2016,Titus,5
WY,M,2016,Tobias,5
WY,M,2016,Trevor,5
WY,M,2016,Ty,5
WY,M,2017,Liam,30
WY,M,2017,Wyatt,30
WY,M,2017,Logan,29
WY,M,2017,Carter,28
WY,M,2017,Benjamin,27
WY,M,2017,James,27
WY,M,2017,Oliver,27
WY,M,2017,William,26
WY,M,2017,Henry,22
WY,M,2017,Lucas,21
WY,M,2017,Cooper,20
WY,M,2017,Grayson,20
WY,M,2017,Ryker,20
WY,M,2017,Jackson,19
WY,M,2017,Parker,19
WY,M,2017,Aiden,18
WY,M,2017,Easton,18
WY,M,2017,Jacob,18
WY,M,2017,Joseph,18
WY,M,2017,Samuel,18
WY,M,2017,Lincoln,17
WY,M,2017,Noah,17
WY,M,2017,Asher,16
WY,M,2017,Elijah,16
WY,M,2017,Ethan,16
WY,M,2017,Hunter,16
WY,M,2017,Jack,16
WY,M,2017,Michael,16
WY,M,2017,Owen,16
WY,M,2017,Isaac,15
WY,M,2017,Landon,15
WY,M,2017,Levi,15
WY,M,2017,Luke,15
WY,M,2017,Matthew,15
WY,M,2017,Daniel,14
WY,M,2017,Jace,14
WY,M,2017,Jaxon,14
WY,M,2017,John,14
WY,M,2017,Weston,14
WY,M,2017,Anthony,13
WY,M,2017,Bridger,13
WY,M,2017,Gabriel,13
WY,M,2017,Jaxson,13
WY,M,2017,Killian,13
WY,M,2017,Alexander,12
WY,M,2017,Sawyer,12
WY,M,2017,Axel,11
WY,M,2017,Braxton,11
WY,M,2017,Ezra,11
WY,M,2017,Hudson,11
WY,M,2017,Nolan,11
WY,M,2017,Robert,11
WY,M,2017,Charles,10
WY,M,2017,David,10
WY,M,2017,Kyle,10
WY,M,2017,Silas,10
WY,M,2017,Thomas,10
WY,M,2017,Beau,9
WY,M,2017,Bennett,9
WY,M,2017,Caleb,9
WY,M,2017,Calvin,9
WY,M,2017,Cole,9
WY,M,2017,Daxton,9
WY,M,2017,Eli,9
WY,M,2017,Jordan,9
WY,M,2017,Leo,9
WY,M,2017,Roman,9
WY,M,2017,Andrew,8
WY,M,2017,Bentley,8
WY,M,2017,Carson,8
WY,M,2017,Connor,8
WY,M,2017,Damien,8
WY,M,2017,Dean,8
WY,M,2017,Everett,8
WY,M,2017,Finn,8
WY,M,2017,Jaxton,8
WY,M,2017,Josiah,8
WY,M,2017,Victor,8
WY,M,2017,Zayden,8
WY,M,2017,Adrian,7
WY,M,2017,Camden,7
WY,M,2017,Conner,7
WY,M,2017,Dawson,7
WY,M,2017,Evan,7
WY,M,2017,Ezekiel,7
WY,M,2017,Gavin,7
WY,M,2017,Gideon,7
WY,M,2017,Grant,7
WY,M,2017,Jason,7
WY,M,2017,Jasper,7
WY,M,2017,Joshua,7
WY,M,2017,Julian,7
WY,M,2017,Maddox,7
WY,M,2017,Paxton,7
WY,M,2017,Peter,7
WY,M,2017,Rhett,7
WY,M,2017,Ryan,7
WY,M,2017,Tanner,7
WY,M,2017,Theodore,7
WY,M,2017,Wesley,7
WY,M,2017,Xander,7
WY,M,2017,Archer,6
WY,M,2017,Barrett,6
WY,M,2017,Bowen,6
WY,M,2017,Brody,6
WY,M,2017,Chase,6
WY,M,2017,Christopher,6
WY,M,2017,Colter,6
WY,M,2017,Dante,6
WY,M,2017,Emmett,6
WY,M,2017,Jesse,6
WY,M,2017,Leonardo,6
WY,M,2017,Mason,6
WY,M,2017,Max,6
WY,M,2017,Maxwell,6
WY,M,2017,Raiden,6
WY,M,2017,Reed,6
WY,M,2017,Ronan,6
WY,M,2017,Ryder,6
WY,M,2017,Sebastian,6
WY,M,2017,Tucker,6
WY,M,2017,Tyler,6
WY,M,2017,Waylon,6
WY,M,2017,Abel,5
WY,M,2017,Ashton,5
WY,M,2017,Austin,5
WY,M,2017,Brayden,5
WY,M,2017,Bryson,5
WY,M,2017,Charlie,5
WY,M,2017,Declan,5
WY,M,2017,Ellis,5
WY,M,2017,Gunnar,5
WY,M,2017,Jayce,5
WY,M,2017,Juan,5
WY,M,2017,Judah,5
WY,M,2017,Jude,5
WY,M,2017,Kaison,5
WY,M,2017,Kingston,5
WY,M,2017,Lane,5
WY,M,2017,Nathan,5
WY,M,2017,Rayden,5
WY,M,2017,Sterling,5
WY,M,2017,Timothy,5
WY,M,2017,Zander,5
WY,M,2018,Oliver,34
WY,M,2018,Logan,29
WY,M,2018,Jackson,28
WY,M,2018,Lincoln,26
WY,M,2018,Wyatt,26
WY,M,2018,William,24
WY,M,2018,Carter,23
WY,M,2018,Owen,23
WY,M,2018,Lucas,22
WY,M,2018,Theodore,21
WY,M,2018,Alexander,20
WY,M,2018,Jack,19
WY,M,2018,Grayson,18
WY,M,2018,Ryker,18
WY,M,2018,Thomas,18
WY,M,2018,Henry,17
WY,M,2018,John,17
WY,M,2018,Weston,17
WY,M,2018,Greyson,16
WY,M,2018,Jacob,16
WY,M,2018,Asher,15
WY,M,2018,Declan,15
WY,M,2018,Hudson,15
WY,M,2018,Liam,15
WY,M,2018,Luke,15
WY,M,2018,Cooper,14
WY,M,2018,Daniel,14
WY,M,2018,Jaxson,14
WY,M,2018,Noah,14
WY,M,2018,Charles,13
WY,M,2018,Eli,13
WY,M,2018,Elijah,13
WY,M,2018,James,13
WY,M,2018,Rowan,13
WY,M,2018,Samuel,13
WY,M,2018,Abel,12
WY,M,2018,Aiden,12
WY,M,2018,Benjamin,12
WY,M,2018,Jaxon,12
WY,M,2018,Mason,12
WY,M,2018,Michael,12
WY,M,2018,Axel,11
WY,M,2018,Bridger,11
WY,M,2018,Cash,11
WY,M,2018,Colton,11
WY,M,2018,Nolan,11
WY,M,2018,Remington,11
WY,M,2018,Ryan,11
WY,M,2018,David,10
WY,M,2018,Dawson,10
WY,M,2018,Joseph,10
WY,M,2018,Landon,10
WY,M,2018,Levi,10
WY,M,2018,Mateo,10
WY,M,2018,Sawyer,10
WY,M,2018,Bennett,9
WY,M,2018,Caleb,9
WY,M,2018,Ethan,9
WY,M,2018,Jonathan,9
WY,M,2018,Rhett,9
WY,M,2018,Robert,9
WY,M,2018,Zayden,9
WY,M,2018,Arlo,8
WY,M,2018,Beau,8
WY,M,2018,Bentley,8
WY,M,2018,Braxton,8
WY,M,2018,Camden,8
WY,M,2018,Easton,8
WY,M,2018,Emmett,8
WY,M,2018,Everett,8
WY,M,2018,Ezekiel,8
WY,M,2018,Gabriel,8
WY,M,2018,Jace,8
WY,M,2018,Kaiden,8
WY,M,2018,Maddox,8
WY,M,2018,Matthew,8
WY,M,2018,Adrian,7
WY,M,2018,Austin,7
WY,M,2018,Barrett,7
WY,M,2018,Brayden,7
WY,M,2018,Brody,7
WY,M,2018,Bryce,7
WY,M,2018,Connor,7
WY,M,2018,Corbin,7
WY,M,2018,Elias,7
WY,M,2018,Evan,7
WY,M,2018,Ezra,7
WY,M,2018,Holden,7
WY,M,2018,Isaac,7
WY,M,2018,Jett,7
WY,M,2018,Jordan,7
WY,M,2018,Kaleb,7
WY,M,2018,Leo,7
WY,M,2018,Miles,7
WY,M,2018,Nathan,7
WY,M,2018,Ryder,7
WY,M,2018,Sebastian,7
WY,M,2018,Tucker,7
WY,M,2018,Ashton,6
WY,M,2018,Cameron,6
WY,M,2018,Christopher,6
WY,M,2018,Cole,6
WY,M,2018,Damian,6
WY,M,2018,Grady,6
WY,M,2018,Grant,6
WY,M,2018,Ian,6
WY,M,2018,Jax,6
WY,M,2018,Jayden,6
WY,M,2018,Josiah,6
WY,M,2018,Kade,6
WY,M,2018,Knox,6
WY,M,2018,Leonardo,6
WY,M,2018,Luca,6
WY,M,2018,Peter,6
WY,M,2018,Roman,6
WY,M,2018,Stetson,6
WY,M,2018,Tyler,6
WY,M,2018,Vincent,6
WY,M,2018,Walker,6
WY,M,2018,Waylon,6
WY,M,2018,Wesley,6
WY,M,2018,Alan,5
WY,M,2018,Anthony,5
WY,M,2018,Archer,5
WY,M,2018,Atlas,5
WY,M,2018,Blake,5
WY,M,2018,Brady,5
WY,M,2018,Bryson,5
WY,M,2018,Calvin,5
WY,M,2018,Carlos,5
WY,M,2018,Dominic,5
WY,M,2018,Finn,5
WY,M,2018,Gunner,5
WY,M,2018,Isaiah,5
WY,M,2018,Karter,5
WY,M,2018,Kenneth,5
WY,M,2018,Peyton,5
WY,M,2018,Richard,5
WY,M,2018,Titus,5
WY,M,2018,Tobias,5
WY,M,2018,Zander,5
WY,M,2019,Liam,33
WY,M,2019,Oliver,28
WY,M,2019,Henry,25
WY,M,2019,Asher,24
WY,M,2019,William,23
WY,M,2019,Theodore,22
WY,M,2019,Ryker,21
WY,M,2019,Carter,20
WY,M,2019,Elijah,20
WY,M,2019,James,20
WY,M,2019,Noah,19
WY,M,2019,Jackson,18
WY,M,2019,Wyatt,18
WY,M,2019,Logan,17
WY,M,2019,Alexander,16
WY,M,2019,Cooper,16
WY,M,2019,Everett,16
WY,M,2019,Grayson,16
WY,M,2019,Levi,16
WY,M,2019,Samuel,16
WY,M,2019,Sawyer,16
WY,M,2019,Benjamin,15
WY,M,2019,Easton,15
WY,M,2019,Jack,15
WY,M,2019,Luke,15
WY,M,2019,Sebastian,15
WY,M,2019,Connor,14
WY,M,2019,Daxton,14
WY,M,2019,Hudson,14
WY,M,2019,Lincoln,14
WY,M,2019,Owen,14
WY,M,2019,Thomas,14
WY,M,2019,Carson,13
WY,M,2019,Colt,13
WY,M,2019,Daniel,13
WY,M,2019,Lucas,13
WY,M,2019,Mason,13
WY,M,2019,Parker,13
WY,M,2019,David,12
WY,M,2019,Eli,12
WY,M,2019,Michael,12
WY,M,2019,Wesley,12
WY,M,2019,Weston,12
WY,M,2019,Andrew,11
WY,M,2019,Anthony,11
WY,M,2019,Beau,11
WY,M,2019,Ezra,11
WY,M,2019,Greyson,11
WY,M,2019,Joseph,11
WY,M,2019,Matthew,11
WY,M,2019,Nolan,11
WY,M,2019,Silas,11
WY,M,2019,Bentley,10
WY,M,2019,Emmett,10
WY,M,2019,Ethan,10
WY,M,2019,Isaac,10
WY,M,2019,Jaxon,10
WY,M,2019,John,10
WY,M,2019,Maverick,10
WY,M,2019,Rhett,10
WY,M,2019,Aiden,9
WY,M,2019,Austin,9
WY,M,2019,Bridger,9
WY,M,2019,Charles,9
WY,M,2019,Gabriel,9
WY,M,2019,Hunter,9
WY,M,2019,Jacob,9
WY,M,2019,Jameson,9
WY,M,2019,Leo,9
WY,M,2019,Rowan,9
WY,M,2019,Brantley,8
WY,M,2019,Charlie,8
WY,M,2019,Dawson,8
WY,M,2019,Jaxson,8
WY,M,2019,Ryan,8
WY,M,2019,Ryder,8
WY,M,2019,Axel,7
WY,M,2019,Braxton,7
WY,M,2019,Brody,7
WY,M,2019,Brooks,7
WY,M,2019,Declan,7
WY,M,2019,Elias,7
WY,M,2019,Ezekiel,7
WY,M,2019,Joshua,7
WY,M,2019,Luca,7
WY,M,2019,Roman,7
WY,M,2019,Tucker,7
WY,M,2019,Arlo,6
WY,M,2019,Barrett,6
WY,M,2019,Bennett,6
WY,M,2019,Caleb,6
WY,M,2019,Chase,6
WY,M,2019,Dax,6
WY,M,2019,Graham,6
WY,M,2019,Hendrix,6
WY,M,2019,Ian,6
WY,M,2019,Isaiah,6
WY,M,2019,Ivan,6
WY,M,2019,Jax,6
WY,M,2019,Karson,6
WY,M,2019,Legend,6
WY,M,2019,Luis,6
WY,M,2019,Maddox,6
WY,M,2019,Milo,6
WY,M,2019,Nash,6
WY,M,2019,Nathaniel,6
WY,M,2019,River,6
WY,M,2019,Titus,6
WY,M,2019,Aaron,5
WY,M,2019,Adam,5
WY,M,2019,Adrian,5
WY,M,2019,Archie,5
WY,M,2019,Ayden,5
WY,M,2019,Bodie,5
WY,M,2019,Bowen,5
WY,M,2019,Bradley,5
WY,M,2019,Cameron,5
WY,M,2019,Cash,5
WY,M,2019,Christopher,5
WY,M,2019,Corbin,5
WY,M,2019,Elliott,5
WY,M,2019,Gavin,5
WY,M,2019,Harrison,5
WY,M,2019,Jace,5
WY,M,2019,Jayce,5
WY,M,2019,Kade,5
WY,M,2019,Kai,5
WY,M,2019,Landon,5
WY,M,2019,Lane,5
WY,M,2019,Oakley,5
WY,M,2019,Paxton,5
WY,M,2019,Porter,5
WY,M,2019,Richard,5
WY,M,2019,Ronan,5
WY,M,2019,Tate,5
WY,M,2019,Theo,5
WY,M,2019,Tristan,5
WY,M,2019,Vincent,5
WY,M,2019,Warren,5
WY,M,2019,Waylon,5
WY,M,2020,Oliver,37
WY,M,2020,Liam,32
WY,M,2020,Wyatt,28
WY,M,2020,Logan,23
WY,M,2020,Jackson,22
WY,M,2020,Henry,21
WY,M,2020,Luke,20
WY,M,2020,Asher,19
WY,M,2020,Levi,19
WY,M,2020,Jack,18
WY,M,2020,William,18
WY,M,2020,Carter,17
WY,M,2020,Cooper,17
WY,M,2020,Owen,17
WY,M,2020,Alexander,15
WY,M,2020,Daniel,15
WY,M,2020,Elijah,15
WY,M,2020,James,15
WY,M,2020,Noah,15
WY,M,2020,Benjamin,14
WY,M,2020,Grayson,14
WY,M,2020,Lincoln,14
WY,M,2020,Lucas,14
WY,M,2020,Mason,14
WY,M,2020,Easton,13
WY,M,2020,Ezekiel,12
WY,M,2020,Ezra,12
WY,M,2020,Ryker,12
WY,M,2020,Weston,12
WY,M,2020,Barrett,11
WY,M,2020,David,11
WY,M,2020,Isaac,11
WY,M,2020,Jaxson,11
WY,M,2020,Mateo,11
WY,M,2020,Rhett,11
WY,M,2020,Sebastian,11
WY,M,2020,Theodore,11
WY,M,2020,Miles,10
WY,M,2020,Nash,10
WY,M,2020,Sawyer,10
WY,M,2020,Christian,9
WY,M,2020,Dean,9
WY,M,2020,Eli,9
WY,M,2020,Gabriel,9
WY,M,2020,Hudson,9
WY,M,2020,Maverick,9
WY,M,2020,Waylon,9
WY,M,2020,Aiden,8
WY,M,2020,Andrew,8
WY,M,2020,Caleb,8
WY,M,2020,Charles,8
WY,M,2020,Colt,8
WY,M,2020,Colter,8
WY,M,2020,Declan,8
WY,M,2020,Ethan,8
WY,M,2020,Hayes,8
WY,M,2020,Jasper,8
WY,M,2020,Jaxon,8
WY,M,2020,John,8
WY,M,2020,Leo,8
WY,M,2020,Robert,8
WY,M,2020,Rowan,8
WY,M,2020,Samuel,8
WY,M,2020,Tate,8
WY,M,2020,Thomas,8
WY,M,2020,Adrian,7
WY,M,2020,Archer,7
WY,M,2020,Atlas,7
WY,M,2020,August,7
WY,M,2020,Braxton,7
WY,M,2020,Bridger,7
WY,M,2020,Brooks,7
WY,M,2020,Everett,7
WY,M,2020,Felix,7
WY,M,2020,Hayden,7
WY,M,2020,Ian,7
WY,M,2020,Jaxtyn,7
WY,M,2020,Joseph,7
WY,M,2020,Landon,7
WY,M,2020,Maddox,7
WY,M,2020,Nolan,7
WY,M,2020,Parker,7
WY,M,2020,Remington,7
WY,M,2020,Richard,7
WY,M,2020,Silas,7
WY,M,2020,Theo,7
WY,M,2020,Avery,6
WY,M,2020,Beau,6
WY,M,2020,Bennett,6
WY,M,2020,Bentley,6
WY,M,2020,Calvin,6
WY,M,2020,Carson,6
WY,M,2020,Elliot,6
WY,M,2020,Finn,6
WY,M,2020,Greyson,6
WY,M,2020,Holden,6
WY,M,2020,Jayden,6
WY,M,2020,Jonathan,6
WY,M,2020,Jude,6
WY,M,2020,Kai,6
WY,M,2020,Matthew,6
WY,M,2020,Paxton,6
WY,M,2020,Walker,6
WY,M,2020,Brayden,5
WY,M,2020,Cameron,5
WY,M,2020,Cash,5
WY,M,2020,Christopher,5
WY,M,2020,Connor,5
WY,M,2020,Damian,5
WY,M,2020,Emmitt,5
WY,M,2020,Harrison,5
WY,M,2020,Heath,5
WY,M,2020,Jace,5
WY,M,2020,Joshua,5
WY,M,2020,Julian,5
WY,M,2020,Kade,5
WY,M,2020,Killian,5
WY,M,2020,Knox,5
WY,M,2020,Leon,5
WY,M,2020,Milo,5
WY,M,2020,Orion,5
WY,M,2020,Roman,5
WY,M,2020,Simon,5
WY,M,2020,Sterling,5
WY,M,2020,Stetson,5
WY,M,2020,Timothy,5
WY,M,2020,Wesley,5
WY,M,2021,Oliver,32
WY,M,2021,Liam,27
WY,M,2021,Henry,26
WY,M,2021,Lincoln,25
WY,M,2021,Noah,22
WY,M,2021,Owen,22
WY,M,2021,William,22
WY,M,2021,Wyatt,22
WY,M,2021,James,21
WY,M,2021,Hudson,20
WY,M,2021,Jack,20
WY,M,2021,Michael,18
WY,M,2021,Brooks,17
WY,M,2021,Lucas,17
WY,M,2021,Logan,16
WY,M,2021,Sawyer,16
WY,M,2021,Asher,15
WY,M,2021,Grayson,15
WY,M,2021,Theodore,15
WY,M,2021,Cooper,14
WY,M,2021,Miles,14
WY,M,2021,Waylon,14
WY,M,2021,Daniel,13
WY,M,2021,Elijah,13
WY,M,2021,Everett,13
WY,M,2021,Matthew,13
WY,M,2021,Ryker,13
WY,M,2021,Alexander,12
WY,M,2021,Barrett,12
WY,M,2021,Calvin,12
WY,M,2021,Ezekiel,12
WY,M,2021,Jackson,12
WY,M,2021,Luke,12
WY,M,2021,Mason,12
WY,M,2021,Maverick,12
WY,M,2021,Weston,12
WY,M,2021,Beau,11
WY,M,2021,Benjamin,11
WY,M,2021,Eli,11
WY,M,2021,Joseph,11
WY,M,2021,Levi,11
WY,M,2021,Rhett,11
WY,M,2021,Aiden,10
WY,M,2021,Carson,10
WY,M,2021,Easton,10
WY,M,2021,Ethan,10
WY,M,2021,Ezra,10
WY,M,2021,Hayden,10
WY,M,2021,Hunter,10
WY,M,2021,Mateo,10
WY,M,2021,Ryder,10
WY,M,2021,Samuel,10
WY,M,2021,Bennett,9
WY,M,2021,Connor,9
WY,M,2021,David,9
WY,M,2021,John,9
WY,M,2021,Lane,9
WY,M,2021,Leo,9
WY,M,2021,Parker,9
WY,M,2021,Thomas,9
WY,M,2021,Walker,9
WY,M,2021,Bridger,8
WY,M,2021,Carter,8
WY,M,2021,Emmett,8
WY,M,2021,Isaac,8
WY,M,2021,Jameson,8
WY,M,2021,Jaxon,8
WY,M,2021,Maddox,8
WY,M,2021,Nathan,8
WY,M,2021,Nolan,8
WY,M,2021,Rowan,8
WY,M,2021,Silas,8
WY,M,2021,Andrew,7
WY,M,2021,Augustus,7
WY,M,2021,Bodhi,7
WY,M,2021,Caleb,7
WY,M,2021,Cameron,7
WY,M,2021,Christopher,7
WY,M,2021,Colt,7
WY,M,2021,Grant,7
WY,M,2021,Hayes,7
WY,M,2021,Jace,7
WY,M,2021,Jacob,7
WY,M,2021,Jasper,7
WY,M,2021,Jaxson,7
WY,M,2021,Landon,7
WY,M,2021,Paxton,7
WY,M,2021,River,7
WY,M,2021,Robert,7
WY,M,2021,Sebastian,7
WY,M,2021,August,6
WY,M,2021,Cody,6
WY,M,2021,Colton,6
WY,M,2021,Dean,6
WY,M,2021,Declan,6
WY,M,2021,Dylan,6
WY,M,2021,Felix,6
WY,M,2021,Gavin,6
WY,M,2021,Luca,6
WY,M,2021,Odin,6
WY,M,2021,Remington,6
WY,M,2021,Vincent,6
WY,M,2021,Wesley,6
WY,M,2021,Zane,6
WY,M,2021,Abel,5
WY,M,2021,Adrian,5
WY,M,2021,Beckham,5
WY,M,2021,Bowen,5
WY,M,2021,Braxton,5
WY,M,2021,Brecken,5
WY,M,2021,Charles,5
WY,M,2021,Charlie,5
WY,M,2021,Jesse,5
WY,M,2021,Jordan,5
WY,M,2021,Kayson,5
WY,M,2021,Kingston,5
WY,M,2021,Leon,5
WY,M,2021,Marcus,5
WY,M,2021,Max,5
WY,M,2021,Maxwell,5
WY,M,2021,Micah,5
WY,M,2021,Patrick,5
WY,M,2021,Ronan,5
WY,M,2021,Santiago,5
WY,M,2021,Spencer,5
WY,M,2021,Tate,5
WY,M,2021,Timothy,5
WY,M,2021,Tucker,5
WY,M,2022,Noah,29
WY,M,2022,Owen,22
WY,M,2022,Henry,20
WY,M,2022,William,20
WY,M,2022,Hudson,19
WY,M,2022,Oliver,19
WY,M,2022,Wyatt,19
WY,M,2022,James,18
WY,M,2022,Benjamin,17
WY,M,2022,Bridger,17
WY,M,2022,Hunter,16
WY,M,2022,John,16
WY,M,2022,Asher,15
WY,M,2022,Beau,15
WY,M,2022,Brooks,15
WY,M,2022,Samuel,15
WY,M,2022,Waylon,15
WY,M,2022,Easton,14
WY,M,2022,Isaac,14
WY,M,2022,Lincoln,14
WY,M,2022,Thomas,14
WY,M,2022,Aiden,13
WY,M,2022,Alexander,13
WY,M,2022,Elijah,13
WY,M,2022,Everett,13
WY,M,2022,Grayson,13
WY,M,2022,Jackson,13
WY,M,2022,Liam,13
WY,M,2022,Miles,13
WY,M,2022,Cooper,12
WY,M,2022,Jacob,12
WY,M,2022,Jameson,12
WY,M,2022,Lucas,12
WY,M,2022,Rowan,12
WY,M,2022,Theodore,12
WY,M,2022,Weston,12
WY,M,2022,Charles,11
WY,M,2022,Joseph,11
WY,M,2022,Maddox,11
WY,M,2022,Ryker,11
WY,M,2022,Stetson,11
WY,M,2022,Carson,10
WY,M,2022,Eli,10
WY,M,2022,Leo,10
WY,M,2022,Levi,10
WY,M,2022,Mason,10
WY,M,2022,Nolan,10
WY,M,2022,Carter,9
WY,M,2022,Declan,9
WY,M,2022,Ezra,9
WY,M,2022,Jack,9
WY,M,2022,Mateo,9
WY,M,2022,Ryder,9
WY,M,2022,Sebastian,9
WY,M,2022,Walker,9
WY,M,2022,Barrett,8
WY,M,2022,Bentley,8
WY,M,2022,Braxton,8
WY,M,2022,Caleb,8
WY,M,2022,Dean,8
WY,M,2022,Jaxon,8
WY,M,2022,Logan,8
WY,M,2022,Robert,8
WY,M,2022,Theo,8
WY,M,2022,Augustus,7
WY,M,2022,Cameron,7
WY,M,2022,Colter,7
WY,M,2022,Damian,7
WY,M,2022,Emmett,7
WY,M,2022,Ezekiel,7
WY,M,2022,Felix,7
WY,M,2022,Gabriel,7
WY,M,2022,Greyson,7
WY,M,2022,Hayes,7
WY,M,2022,Jasper,7
WY,M,2022,Julian,7
WY,M,2022,Luke,7
WY,M,2022,Santiago,7
WY,M,2022,Sawyer,7
WY,M,2022,Tobias,7
WY,M,2022,Wesley,7
WY,M,2022,Archer,6
WY,M,2022,Bennett,6
WY,M,2022,Boone,6
WY,M,2022,Briggs,6
WY,M,2022,Brody,6
WY,M,2022,Colson,6
WY,M,2022,George,6
WY,M,2022,Ian,6
WY,M,2022,Jesse,6
WY,M,2022,Kingston,6
WY,M,2022,Landon,6
WY,M,2022,Lukas,6
WY,M,2022,Myles,6
WY,M,2022,Nash,6
WY,M,2022,Riley,6
WY,M,2022,Ryan,6
WY,M,2022,Tate,6
WY,M,2022,Arlo,5
WY,M,2022,Atlas,5
WY,M,2022,Blake,5
WY,M,2022,Bryson,5
WY,M,2022,Cody,5
WY,M,2022,David,5
WY,M,2022,Daxton,5
WY,M,2022,Elliott,5
WY,M,2022,Emmitt,5
WY,M,2022,Finn,5
WY,M,2022,Jace,5
WY,M,2022,Jax,5
WY,M,2022,Jay,5
WY,M,2022,Jensen,5
WY,M,2022,Jonah,5
WY,M,2022,Kash,5
WY,M,2022,Knox,5
WY,M,2022,Lane,5
WY,M,2022,Michael,5
WY,M,2022,Nicholas,5
WY,M,2022,River,5
WY,M,2022,Silas,5
